title='particle position' 
variables=x, y, Ux, Uy, rho, e, p, h=supportlength/2, m, V, ID 
     0.0753117013      0.988779211     0.0394472271    6.6773831e-05       1.00031204       2.00659577       1.00361095             0.05  0.000625026493  0.000624239835  160
     0.0503118966      0.988779155     0.0394473431   6.64788167e-05       1.00031207       2.00659588       1.00361104             0.05  0.000625026493  0.000624643061  159
     0.0253116869      0.988779183     0.0394474409   6.64698691e-05       1.00031221       2.00659753       1.00361201             0.05  0.000625026493  0.000625133387  158
    0.00031172555      0.988779041     0.0394474271   6.66954031e-05        1.0003122        2.0065987       1.00361258             0.05  0.000625026493  0.000625479362  157
     0.0551518572       0.96138698     0.0383962144  -8.67834806e-05       1.00001429       2.00545061       1.00273963             0.05  0.000625026493  0.000624711741  156
     0.0301520564      0.961387211      0.038396129  -8.66270249e-05       1.00001437       2.00545089       1.00273985             0.05  0.000625026493  0.000625385836  155
    0.00515193267      0.961387186     0.0383960267  -8.62539034e-05       1.00001442       2.00545196       1.00274044             0.05  0.000625026493  0.000625888702  154
     0.0801520754      0.961386858     0.0383962863  -8.66227143e-05       1.00001432       2.00545316       1.00274093             0.05  0.000625026493  0.000624181375  153
     0.0350845074      0.938414743     0.0371710039    8.5412939e-05       1.00029513       2.00503798       1.00281487             0.05  0.000625026493  0.000625196762  152
     0.0100845068      0.938414594      0.037171178   8.55848873e-05       1.00029518       2.00503777       1.00281481             0.05  0.000625026493  0.000625745764  151
      0.085084397      0.938414524     0.0371708041   8.59279599e-05       1.00029517       2.00503872       1.00281527             0.05  0.000625026493  0.000623936257  150
      0.060084613      0.938414441     0.0371708638   8.55387195e-05       1.00029511        2.0050399        1.0028158             0.05  0.000625026493  0.000624482387  149
     0.0159673699      0.911894426     0.0362527612   -6.8958129e-05       1.00013991       2.00446503       1.00237274             0.05  0.000625026493  0.000625792025  148
      0.090967533      0.911894106     0.0362529948  -6.91668274e-05       1.00013997       2.00446478       1.00237268             0.05  0.000625026493  0.000624021631  147
     0.0659672763      0.911894149     0.0362529473  -6.93636745e-05       1.00013995       2.00446561       1.00237307             0.05  0.000625026493  0.000624524113  146
     0.0409674013      0.911894199     0.0362528641  -6.93393962e-05       1.00013988       2.00446651       1.00237345             0.05  0.000625026493  0.000625224053  145
      0.096379032      0.887889031     0.0351180071   7.88803448e-05       1.00029219       2.00435923       1.00247244             0.05  0.000625026493  0.000623920176  144
     0.0713792077      0.887888761     0.0351180415   7.85678226e-05        1.0002922       2.00435911       1.00247239             0.05  0.000625026493  0.000624302282  143
     0.0463790573      0.887888963     0.0351180918   7.83496034e-05       1.00029216       2.00435967       1.00247263             0.05  0.000625026493  0.000624968429  142
     0.0213791841      0.887889004     0.0351181567   7.84498546e-05       1.00029216       2.00436034       1.00247297             0.05  0.000625026493  0.000625573896  141
     0.0773711319      0.862373544     0.0341690183  -1.43133452e-05       1.00018224       2.00404603       1.00220562             0.05  0.000625026493  0.000624212056  140
     0.0523712155      0.862373505     0.0341690505  -1.44751628e-05       1.00018224       2.00404582       1.00220552             0.05  0.000625026493  0.000624800476  139
     0.0273710767      0.862373657     0.0341689902  -1.42067025e-05       1.00018221       2.00404616       1.00220565             0.05  0.000625026493  0.000625446676  138
    0.00237123586       0.86237349     0.0341690289  -1.39720656e-05       1.00018222       2.00404665       1.00220591             0.05  0.000625026493  0.000625811657  137
     0.0583384921      0.837522767     0.0331635817    4.8276643e-05       1.00017968       2.00388445       1.00212226             0.05  0.000625026493  0.000624643364  136
     0.0333385755        0.8375228     0.0331635981    4.8299843e-05        1.0001797       2.00388417       1.00212213             0.05  0.000625026493  0.000625284387  135
    0.00833845985      0.837522845     0.0331635946   4.85933653e-05       1.00017968       2.00388435       1.00212221             0.05  0.000625026493  0.000625751345  134
     0.0833385723      0.837522627     0.0331635998   4.85397849e-05       1.00017969       2.00388492       1.00212249             0.05  0.000625026493  0.000624128147  133
     0.0395455601      0.812624953     0.0321911279   3.77657399e-05       1.00016095       2.00373178       1.00202714             0.05  0.000625026493  0.000625185741  132
      0.014545636      0.812624877     0.0321911584    3.8000741e-05       1.00016098       2.00373145         1.002027             0.05  0.000625026493  0.000625689825  131
     0.0895455108      0.812624773     0.0321911155   3.81182327e-05       1.00016095       2.00373165       1.00202708             0.05  0.000625026493  0.000624113253  130
     0.0645456312      0.812624721      0.032191148   3.78234633e-05       1.00016094       2.00373219       1.00202733             0.05  0.000625026493  0.000624563389  129
     0.0209264777      0.787398443     0.0312611035   3.10434259e-05       1.00008967       2.00355014        1.0018649             0.05  0.000625026493  0.000625617065  128
     0.0959265555      0.787398241     0.0312611724   3.12033292e-05       1.00008969       2.00354982       1.00186476             0.05  0.000625026493  0.000624148004  127
     0.0709264428      0.787398219     0.0312611505    3.1011792e-05       1.00008965       2.00355011       1.00186486             0.05  0.000625026493  0.000624484218  126
     0.0459265234      0.787398286     0.0312611579   3.08455384e-05       1.00008963       2.00355052       1.00186505             0.05  0.000625026493  0.000625076415  125
    0.00241104838      0.762665341     0.0302907662   6.24661194e-05       1.00010781       2.00347196       1.00184398             0.05  0.000625026493  0.000625758626  124
     0.0774111137      0.762665139     0.0302907118   6.23178733e-05       1.00010779       2.00347183       1.00184389             0.05  0.000625026493  0.000624336976  123
      0.052411027       0.76266522     0.0302907366   6.21610779e-05       1.00010775       2.00347203       1.00184395             0.05  0.000625026493  0.000624861499  122
      0.027411111      0.762665303     0.0302907475    6.2255479e-05       1.00010779       2.00347234       1.00184414             0.05  0.000625026493  0.000625435828  121
     0.0841064909      0.737426343     0.0293848829   3.44512187e-05       1.00003801       2.00331995       1.00169805             0.05  0.000625026493  0.000624307303  120
     0.0591065313      0.737426318     0.0293848973   3.42428757e-05       1.00003799       2.00331982       1.00169796             0.05  0.000625026493  0.000624762819  119
      0.034106437      0.737426451     0.0293848772   3.43316472e-05       1.00003799       2.00331993       1.00169802             0.05  0.000625026493  0.000625330398  118
    0.00910653263      0.737426393     0.0293848628   3.45449256e-05       1.00003802       2.00332012       1.00169814             0.05  0.000625026493  0.000625743161  117
     0.0658866658      0.712608787     0.0284358073   6.54764163e-05       1.00004597       2.00325542       1.00167375             0.05  0.000625026493  0.00062467747  116
     0.0408867063       0.71260884      0.028435823   6.53969563e-05       1.00004598       2.00325527       1.00167368             0.05  0.000625026493  0.000625227309  115
     0.0158866264      0.712608897     0.0284358313   6.56217237e-05         1.000046       2.00325529       1.00167372             0.05  0.000625026493  0.000625671732  114
     0.0908866885      0.712608755     0.0284358136    6.5706233e-05         1.000046       2.00325549       1.00167382             0.05  0.000625026493  0.000624280732  113
     0.0478479017      0.687493262     0.0275250749   4.62305423e-05       1.00000188       2.00314772       1.00157574             0.05  0.000625026493  0.000625118688  112
     0.0228479428      0.687493283     0.0275250671   4.63813308e-05       1.00000192       2.00314753       1.00157569             0.05  0.000625026493  0.000625595717  111
     0.0978478772      0.687493181      0.027525096   4.65595139e-05       1.00000193       2.00314749       1.00157567             0.05  0.000625026493  0.000624299746  110
     0.0728479373      0.687493098      0.027525083    4.6353813e-05       1.00000189       2.00314779       1.00157579             0.05  0.000625026493  0.000624595845  109
     0.0299107663      0.662548872     0.0265944762   6.20602733e-05      0.999989763        2.0030794       1.00152945             0.05  0.000625026493  0.000625446899  108
    0.00491080866      0.662548789     0.0265944906    6.2249815e-05      0.999989793       2.00307915       1.00152935             0.05  0.000625026493  0.000625734486  107
     0.0799107389      0.662548671     0.0265944789   6.21407967e-05      0.999989755       2.00307923       1.00152935             0.05  0.000625026493  0.00062448103  106
      0.054910793      0.662548702     0.0265945047   6.19646577e-05      0.999989726       2.00307946       1.00152944             0.05  0.000625026493  0.000624942818  105
     0.0121176422      0.637536167     0.0256722058   5.68134121e-05      0.999968516       2.00300792       1.00147243             0.05  0.000625026493  0.000625676456  104
     0.0871176783         0.637536      0.025672216   5.68103359e-05      0.999968502       2.00300776       1.00147233             0.05  0.000625026493  0.00062441809  103
     0.0621176141      0.637536002     0.0256722411   5.66356761e-05      0.999968462       2.00300783       1.00147233             0.05  0.000625026493  0.00062479828  102
     0.0371176549      0.637536103     0.0256722404   5.66191623e-05      0.999968478       2.00300802       1.00147244             0.05  0.000625026493  0.000625295549  101
     0.0944383541      0.612519752      0.024746405    5.9528505e-05      0.999945543       2.00294055       1.00141574             0.05  0.000625026493  0.000624408739  100
     0.0694383934      0.612519681     0.0247464025   5.93376779e-05      0.999945502       2.00294048       1.00141566             0.05  0.000625026493  0.000624678902  99
     0.0444383208      0.612519777     0.0247464194   5.92563689e-05        0.9999455        2.0029405       1.00141567             0.05  0.000625026493  0.000625148513  98
      0.019438364      0.612519809      0.024746401   5.93908412e-05      0.999945544       2.00294064       1.00141578             0.05  0.000625026493  0.000625578759  97
     0.0768782618      0.587544944     0.0238136539   6.17113749e-05      0.999935747       2.00289089        1.0013811             0.05  0.000625026493  0.000624575513  96
     0.0518782942         0.587545     0.0238136703   6.15737102e-05      0.999935731       2.00289078       1.00138103             0.05  0.000625026493  0.0006249888  95
     0.0268782257      0.587545075     0.0238136683   6.17059262e-05       0.99993578       2.00289076       1.00138107             0.05  0.000625026493  0.000625441509  94
    0.00187826743      0.587544981     0.0238136787   6.18643536e-05      0.999935796       2.00289082       1.00138111             0.05  0.000625026493  0.000625695964  93
     0.0594320997      0.562515809     0.0228811262   5.85258202e-05      0.999913002       2.00283264        1.0013292             0.05  0.000625026493  0.000624892416  92
     0.0344321253      0.562515917     0.0228811287   5.85519718e-05       0.99991304       2.00283249       1.00132916             0.05  0.000625026493  0.000625334455  91
     0.0094320681       0.56251587     0.0228811252   5.87524109e-05      0.999913082       2.00283241       1.00132916             0.05  0.000625026493  0.00062565543  90
     0.0844321009       0.56251571     0.0228811337   5.87035425e-05      0.999913046       2.00283258       1.00132921             0.05  0.000625026493  0.000624539396  89
     0.0420916232       0.53753567      0.021938403   6.21320619e-05      0.999905854       2.00279342       1.00130243             0.05  0.000625026493  0.000625260853  88
     0.0170916554        0.5375357     0.0219384041   6.22846339e-05      0.999905912       2.00279322       1.00130239             0.05  0.000625026493  0.000625602825  87
     0.0920915899      0.537535532     0.0219384135   6.23703123e-05      0.999905909       2.00279316       1.00130236             0.05  0.000625026493  0.000624533425  86
     0.0670916277      0.537535479     0.0219384154   6.21930499e-05      0.999905853       2.00279339       1.00130242             0.05  0.000625026493  0.000624837156  85
     0.0248577364      0.512519055     0.0209928309   5.80853221e-05       0.99988932       2.00274812       1.00126323             0.05  0.000625026493  0.000625531308  84
     0.0998577729       0.51251895     0.0209928491   5.82168724e-05      0.999889349       2.00274785       1.00126312             0.05  0.000625026493  0.000624541557  83
     0.0748577084      0.512518823      0.020992841   5.80952773e-05      0.999889308       2.00274795       1.00126313             0.05  0.000625026493  0.000624766896  82
     0.0498577356      0.512518894     0.0209928486    5.7985204e-05      0.999889277       2.00274813       1.00126319             0.05  0.000625026493  0.000625166707  81
    0.00772086571      0.487525129     0.0200383914   6.06483113e-05      0.999880711       2.00271358       1.00123734             0.05  0.000625026493  0.000625630562  80
     0.0827208934      0.487524977     0.0200383855   6.05379712e-05      0.999880695       2.00271348       1.00123727             0.05  0.000625026493  0.000624684047  79
     0.0577208303      0.487524977     0.0200384071   6.04386409e-05      0.999880657       2.00271353       1.00123726             0.05  0.000625026493  0.000625032882  78
     0.0327208537      0.487525086     0.0200383999   6.05063572e-05      0.999880675       2.00271366       1.00123734             0.05  0.000625026493  0.000625413425  77
     0.0906812657      0.462516495       0.01907851   5.61663477e-05      0.999871971       2.00268165       1.00121262             0.05  0.000625026493  0.000624639319  76
     0.0656812996      0.462516464     0.0190785207   5.60085569e-05      0.999871938        2.0026816       1.00121256             0.05  0.000625026493  0.00062492142  75
     0.0406812298      0.462516549     0.0190785296   5.60254394e-05      0.999871939       2.00268159       1.00121256             0.05  0.000625026493  0.000625291436  74
     0.0156812573      0.462516567     0.0190785185    5.6173128e-05      0.999871974       2.00268167       1.00121264             0.05  0.000625026493  0.00062557466  73
     0.0737306266      0.437520822      0.018110057   5.75965727e-05      0.999860734       2.00264971        1.0011854             0.05  0.000625026493  0.000624833461  72
     0.0487306503       0.43752091     0.0181100669   5.75075718e-05      0.999860721        2.0026496       1.00118534             0.05  0.000625026493  0.000625177703  71
     0.0237305865      0.437520953      0.018110067   5.76363403e-05       0.99986076       2.00264956       1.00118535             0.05  0.000625026493  0.000625493203  70
     0.0987306119       0.43752084     0.0181100796   5.77486079e-05      0.999860773       2.00264958       1.00118538             0.05  0.000625026493  0.000624635717  69
     0.0568677411      0.412507597     0.0171357989   5.26484782e-05       0.99985917       2.00262945       1.00117371             0.05  0.000625026493  0.00062505609  68
     0.0318677599      0.412507719     0.0171357932   5.27136996e-05      0.999859202        2.0026293       1.00117366             0.05  0.000625026493  0.000625381663  67
    0.00686770596      0.412507633     0.0171358064   5.28722611e-05      0.999859239       2.00262919       1.00117365             0.05  0.000625026493  0.000625567402  66
     0.0818677224      0.412507479     0.0171358017    5.2767722e-05      0.999859209       2.00262938       1.00117372             0.05  0.000625026493  0.000624757609  65
     0.0400862585      0.387518554     0.0161525338   5.25572281e-05        0.9998468        2.0026004        1.0011468             0.05  0.000625026493  0.000625278509  64
     0.0150862825       0.38751859     0.0161525259   5.26841454e-05      0.999846851       2.00260019       1.00114675             0.05  0.000625026493  0.000625518375  63
     0.0900862193      0.387518391     0.0161525368   5.27171455e-05      0.999846854       2.00260018       1.00114674             0.05  0.000625026493  0.000624726532  62
     0.0650862412      0.387518352     0.0161525447   5.25806433e-05      0.999846804       2.00260039        1.0011468             0.05  0.000625026493  0.000624965122  61
     0.0233814363      0.362502765     0.0151636677   4.97025402e-05       0.99984825       2.00258668        1.0011414             0.05  0.000625026493  0.000625439274  60
     0.0983814596      0.362502672     0.0151636794   4.97979304e-05      0.999848282       2.00258644       1.00114131             0.05  0.000625026493  0.000624721159  59
     0.0733813981      0.362502521     0.0151636801   4.97048162e-05      0.999848256        2.0025866       1.00114136             0.05  0.000625026493  0.000624886662  58
     0.0483814102      0.362502596     0.0151636864    4.9630294e-05      0.999848223       2.00258674        1.0011414             0.05  0.000625026493  0.000625175001  57
    0.00675218692      0.337503971     0.0141670754   4.41997386e-05      0.999840945       2.00256601       1.00112375             0.05  0.000625026493  0.000625500437  56
     0.0817521989      0.337503839     0.0141670723   4.41126097e-05      0.999840947       2.00256597       1.00112373             0.05  0.000625026493  0.00062483066  55
     0.0567521396       0.33750381     0.0141670882   4.40506163e-05       0.99984092       2.00256607       1.00112375             0.05  0.000625026493  0.000625077545  54
     0.0317521495      0.337503919     0.0141670823   4.41048733e-05       0.99984092       2.00256614       1.00112379             0.05  0.000625026493  0.000625346845  53
     0.0901873658      0.312516851     0.0131623856   4.79956631e-05      0.999835766       2.00254889          1.00111             0.05  0.000625026493  0.000624806607  52
     0.0651873767      0.312516816     0.0131623943   4.78815489e-05      0.999835758        2.0025489          1.00111             0.05  0.000625026493  0.000625000732  51
     0.0401873137      0.312516856     0.0131624016   4.78984011e-05      0.999835758       2.00254894       1.00111002             0.05  0.000625026493  0.000625256153  50
     0.0151873346      0.312516898     0.0131623944   4.80020472e-05      0.999835767       2.00254892       1.00111002             0.05  0.000625026493  0.000625451749  49
     0.0736895228      0.287465467     0.0121561115   3.25324251e-05      0.999843606       2.00254623       1.00111652             0.05  0.000625026493  0.000624936068  48
     0.0486895216      0.287465535     0.0121561174   3.24786162e-05      0.999843614       2.00254618       1.00111651             0.05  0.000625026493  0.000625167182  47
     0.0236894616      0.287465528     0.0121561167   3.25771369e-05      0.999843633       2.00254615       1.00111651             0.05  0.000625026493  0.000625379046  46
     0.0986894894      0.287465445     0.0121561264   3.26440348e-05      0.999843622       2.00254607       1.00111646             0.05  0.000625026493  0.000624803492  45
     0.0572524201      0.262553045     0.0111342984   4.55568018e-05      0.999822141       2.00251579       1.00107981             0.05  0.000625026493  0.000625099656  44
     0.0322524214      0.262553135     0.0111342956   4.55991844e-05      0.999822175       2.00251569        1.0010798             0.05  0.000625026493  0.000625311464  43
    0.00725237344       0.26255304     0.0111343088   4.57137347e-05      0.999822186       2.00251558       1.00107975             0.05  0.000625026493  0.000625432219  42
      0.082252392      0.262552925     0.0111343005   4.56519449e-05      0.999822153       2.00251569       1.00107977             0.05  0.000625026493  0.000624905399  41
     0.0408571758      0.237416109     0.0101215007   2.15466472e-05      0.999849891       2.00253473       1.00111707             0.05  0.000625026493  0.000625217725  40
      0.015857179      0.237416082     0.0101214936   2.16351448e-05      0.999849924       2.00253455       1.00111701             0.05  0.000625026493  0.000625368067  39
     0.0908571383      0.237415898     0.0101215071    2.1653203e-05      0.999849907       2.00253453       1.00111698             0.05  0.000625026493  0.000624872448  38
     0.0658571684      0.237415932     0.0101215111   2.15638197e-05      0.999849875       2.00253469       1.00111703             0.05  0.000625026493  0.000625021432  37
     0.0245405111      0.212578343    0.00908503607   3.81296586e-05      0.999816288       2.00249477       1.00106345             0.05  0.000625026493  0.000625330896  36
     0.0995405128      0.212578211    0.00908503811   3.82052877e-05      0.999816304       2.00249454       1.00106335             0.05  0.000625026493  0.000624901163  35
       0.07454047      0.212578083    0.00908504289    3.8154092e-05      0.999816272       2.00249472        1.0010634             0.05  0.000625026493  0.000624999299  34
     0.0495404945      0.212578207    0.00908504779   3.80948602e-05      0.999816254        2.0024948       1.00106342             0.05  0.000625026493  0.000625172579  33
    0.00822145609      0.187412215     0.0080632899   1.72652554e-05      0.999851353       2.00252234       1.00111234             0.05  0.000625026493  0.000625329454  32
     0.0832214749      0.187412067    0.00806329109   1.72269806e-05      0.999851337       2.00252234       1.00111232             0.05  0.000625026493  0.000624945613  31
     0.0582214326      0.187412103    0.00806330573   1.71821643e-05      0.999851313       2.00252243       1.00111234             0.05  0.000625026493  0.000625082418  30
     0.0332214368      0.187412223    0.00806329901   1.72010107e-05      0.999851329       2.00252245       1.00111236             0.05  0.000625026493  0.000625236359  29
     0.0919980305       0.16251461    0.00702292399   1.91028643e-05       0.99983517       2.00250179       1.00108586             0.05  0.000625026493  0.000624948582  28
     0.0669980539      0.162514615    0.00702292378   1.90419131e-05       0.99983514       2.00250188       1.00108587             0.05  0.000625026493  0.000625033936  27
     0.0419980184      0.162514747     0.0070229337   1.90393723e-05      0.999835139       2.00250186       1.00108586             0.05  0.000625026493  0.000625168718  26
     0.0169980239      0.162514748      0.007022929   1.90857928e-05      0.999835172       2.00250182       1.00108588             0.05  0.000625026493  0.000625285688  25
     0.0757678489      0.137544554    0.00597986555   2.63901487e-05      0.999842546       2.00250463       1.00109466             0.05  0.000625026493  0.000625001757  24
     0.0507678546      0.137544646    0.00597986933   2.63343554e-05      0.999842534       2.00250465       1.00109466             0.05  0.000625026493  0.000625105871  23
     0.0257678091      0.137544721     0.0059798746    2.6378085e-05       0.99984257       2.00250455       1.00109465             0.05  0.000625026493  0.000625220113  22
   0.000767817887      0.137544634    0.00597988011   2.64359576e-05      0.999842583       2.00250444       1.00109461             0.05  0.000625026493  0.000625283398  21
     0.0595499987      0.112273117    0.00495723903  -1.76536306e-05      0.999898602       2.00255644       1.00117669             0.05  0.000625026493  0.000625040968  20
     0.0345500091       0.11227333    0.00495723969  -1.76451757e-05      0.999898614       2.00255637       1.00117667             0.05  0.000625026493  0.000625136876  19
    0.00954996587      0.112273149     0.0049572432  -1.75859344e-05      0.999898655       2.00255619       1.00117662             0.05  0.000625026493  0.000625210639  18
     0.0845499559      0.112272924    0.00495724919  -1.76029744e-05      0.999898644        2.0025563       1.00117667             0.05  0.000625026493  0.000624968621  17
     0.0434918492     0.0878730306    0.00387716057   5.09188084e-05      0.999828638       2.00248632       1.00107159             0.05  0.000625026493  0.000625147303  16
     0.0184918649     0.0878731583    0.00387716715   5.09309409e-05      0.999828691       2.00248616       1.00107156             0.05  0.000625026493  0.000625215724  15
     0.0934918138     0.0878730239    0.00387717076   5.10081497e-05      0.999828705       2.00248603       1.00107151             0.05  0.000625026493  0.000625029976  14
     0.0684918298     0.0878728891    0.00387716985    5.0980827e-05      0.999828652       2.00248624       1.00107156             0.05  0.000625026493  0.000625072631  13
     0.0271717682     0.0618529091    0.00288660071  -6.59841916e-05       1.00008213       2.00273001       1.00144725             0.05  0.000625026493  0.000625019452  12
    0.00217176712      0.061852659     0.0028865987   -6.5961664e-05       1.00008218       2.00272976       1.00144717             0.05  0.000625026493  0.000625049997  11
     0.0771717251     0.0618524213    0.00288661186  -6.59838258e-05       1.00008216       2.00272989       1.00144722             0.05  0.000625026493  0.000624916353  10
     0.0521717211     0.0618526409    0.00288660715  -6.59886496e-05       1.00008211       2.00273002       1.00144724             0.05  0.000625026493  0.000624965642  9
     0.0113416083     0.0383033857    0.00184188246   7.42735275e-05        1.0000045       2.00268586       1.00134744             0.05  0.000625026493  0.000625068528  8
     0.0863416136     0.0383033497    0.00184188827   7.43051685e-05       1.00000454       2.00268589       1.00134749             0.05  0.000625026493  0.000624977928  7
     0.0613415471     0.0383032172     0.0018418906    7.4307445e-05        1.0000045       2.00268603       1.00134752             0.05  0.000625026493  0.000625004091  6
     0.0363415333     0.0383032597     0.0018418885   7.42823117e-05       1.00000446       2.00268597       1.00134746             0.05  0.000625026493  0.000625039953  5
      0.095211517     0.0115022474   0.000613759838  -8.77323226e-05       1.00068098       2.00309433        1.0022292             0.05  0.000625026493  0.000624577708  4
      0.070211485     0.0115021633    0.00061375766  -8.77256543e-05       1.00068101       2.00309492       1.00222953             0.05  0.000625026493  0.000624587251  3
     0.0452114322     0.0115023071   0.000613765606  -8.77105413e-05       1.00068094       2.00309501        1.0022295             0.05  0.000625026493  0.000624603966  2
     0.0202114564     0.0115024141   0.000613767117  -8.77183165e-05       1.00068091        2.0030945       1.00222921             0.05  0.000625026493  0.00062461974  1
