title='particle position' 
variables=x, y, Ux, Uy, rho, e, p, h=supportlength/2, m, V, ID 
     0.0460376762      0.987658687     0.0395224113   8.69037687e-05      0.998911173         2.002966       1.00039256             0.05  0.000625026493  0.000625872492  160
     0.0210375686      0.987658692      0.039522398   8.69983323e-05      0.998911544       2.00296596       1.00039291             0.05  0.000625026493  0.000626296594  159
     0.0960375623      0.987658524     0.0395222891   8.73879293e-05      0.998911378       2.00296636       1.00039295             0.05  0.000625026493  0.00062503844  158
     0.0710377249        0.9876585     0.0395222484   8.71355517e-05       0.99891101       2.00296783       1.00039331             0.05  0.000625026493  0.000625369817  157
     0.0389591855      0.962330997      0.038436353  -7.52973998e-05      0.998580829       2.00190565      0.999532302             0.05  0.000625026493  0.000626225871  156
     0.0139591653      0.962330938     0.0384362279  -7.50072931e-05      0.998580992       2.00190544      0.999532358             0.05  0.000625026493  0.000626752435  155
     0.0889591477      0.962330649     0.0384363031  -7.51426797e-05      0.998580778       2.00190629      0.999532569             0.05  0.000625026493  0.000625056697  154
     0.0639592606      0.962330749     0.0384363222  -7.53244898e-05      0.998580607       2.00190789      0.999533196             0.05  0.000625026493  0.000625553736  153
     0.0320168557      0.937488743     0.0371726856   2.86275869e-05      0.998742217       2.00136761      0.999425162             0.05  0.000625026493  0.000626233626  152
    0.00701683368      0.937488556     0.0371726535   2.88631895e-05        0.9987422       2.00136715      0.999424917             0.05  0.000625026493  0.000626743785  151
     0.0820167434      0.937488129     0.0371726338   2.89360723e-05        0.9987421       2.00136816      0.999425317             0.05  0.000625026493  0.00062494987  150
     0.0570168831      0.937488365     0.0371726584   2.86345973e-05       0.99874212       2.00136955      0.999426032             0.05  0.000625026493  0.00062552194  149
     0.0252523213      0.912356874     0.0359019336  -5.09479253e-05       0.99888095       2.00110623      0.999433446             0.05  0.000625026493  0.000626290741  148
   0.000252279261      0.912356564     0.0359019238  -5.06654562e-05      0.998880878       2.00110564       0.99943308             0.05  0.000625026493  0.000626675072  147
     0.0752521747      0.912356204     0.0359018751  -5.10092445e-05      0.998880931       2.00110669      0.999433657             0.05  0.000625026493  0.000624988789  146
     0.0502523083       0.91235653     0.0359018743  -5.11840329e-05      0.998881007       2.00110781      0.999434294             0.05  0.000625026493  0.000625609183  145
     0.0188113322      0.887362381     0.0346829021  -3.35809174e-05      0.999078172       2.00102527      0.999590333             0.05  0.000625026493  0.000626320686  144
     0.0938113128      0.887362037     0.0346828489  -3.33342085e-05      0.999078132        2.0010248      0.999590057             0.05  0.000625026493  0.000624691448  143
     0.0688111914      0.887361677     0.0346828493  -3.36638152e-05      0.999078262        2.0010257      0.999590641             0.05  0.000625026493  0.000625063613  142
     0.0438113007      0.887362036     0.0346828484  -3.38294854e-05      0.999078301       2.00102657      0.999591114             0.05  0.000625026493  0.000625720246  141
     0.0126352466      0.862345695     0.0334844615  -5.27560183e-05       0.99930774       2.00103338       0.99982407             0.05  0.000625026493  0.000626258441  140
     0.0876352282      0.862345333     0.0334844244  -5.27013268e-05       0.99930776       2.00103308       0.99982394             0.05  0.000625026493  0.000624617617  139
     0.0626351038      0.862345054     0.0334843861  -5.30425299e-05      0.999307903       2.00103383       0.99982446             0.05  0.000625026493  0.000625090154  138
     0.0376352037      0.862345419     0.0334844073  -5.30750232e-05      0.999307883       2.00103446      0.999824757             0.05  0.000625026493  0.000625737541  137
    0.00671097548      0.837312293     0.0323163652  -7.55322369e-05      0.999483023       2.00102818      0.999996844             0.05  0.000625026493  0.000626168559  136
     0.0817109712      0.837311982     0.0323163136  -7.56668473e-05      0.999483104       2.00102805      0.999996863             0.05  0.000625026493  0.000624587141  135
     0.0567108613      0.837311766     0.0323162635  -7.59707938e-05       0.99948323       2.00102865      0.999997288             0.05  0.000625026493  0.000625092677  134
     0.0317109412      0.837312082     0.0323162993  -7.58564676e-05      0.999483148       2.00102908       0.99999742             0.05  0.000625026493  0.000625716904  133
     0.0010324809      0.812316021     0.0311885518   -8.0088289e-05      0.999671494       2.00106593       1.00020428             0.05  0.000625026493  0.000626051619  132
     0.0760324821      0.812315764      0.031188524  -8.03240638e-05      0.999671614       2.00106594       1.00020441             0.05  0.000625026493  0.000624592463  131
     0.0510323847      0.812315596      0.031188457  -8.05575823e-05      0.999671697       2.00106639       1.00020472             0.05  0.000625026493  0.000625128043  130
     0.0260324473       0.81231586     0.0311885151  -8.03597934e-05      0.999671577       2.00106667       1.00020473             0.05  0.000625026493  0.000625717315  129
     0.0955764528      0.787298748     0.0300897875  -0.000103122441      0.999827654       2.00109432       1.00037472             0.05  0.000625026493  0.00062434696  128
     0.0705764555      0.787298569     0.0300898035   -0.00010338001      0.999827774       2.00109435       1.00037485             0.05  0.000625026493  0.000624667421  127
     0.0455763767      0.787298451     0.0300897457   -0.00010356134      0.999827818       2.00109467       1.00037506             0.05  0.000625026493  0.000625233939  126
     0.0205764203      0.787298648     0.0300898042  -0.000103338941      0.999827697       2.00109485       1.00037503             0.05  0.000625026493  0.000625752162  125
     0.0903336695      0.762298636      0.029023084  -0.000110617062       0.99996305       2.00112001       1.00052303             0.05  0.000625026493  0.000624316551  124
     0.0653336747      0.762298518     0.0290230763  -0.000110884406      0.999963158       2.00112002       1.00052315             0.05  0.000625026493  0.000624724009  123
      0.040333607      0.762298426     0.0290230496  -0.000110978415      0.999963168       2.00112023       1.00052326             0.05  0.000625026493  0.000625284934  122
     0.0153336381       0.76229856     0.0290230785  -0.000110716296      0.999963061       2.00112035       1.00052321             0.05  0.000625026493  0.000625737463  121
     0.0852894603      0.737297362     0.0279803657  -0.000122659528       1.00007919       2.00114099       1.00064973             0.05  0.000625026493  0.000624292021  120
     0.0602894663      0.737297307     0.0279803662    -0.0001229099       1.00007928       2.00114097       1.00064981             0.05  0.000625026493  0.000624712141  119
     0.0352894079       0.73729723     0.0279803494  -0.000122918362       1.00007926       2.00114109       1.00064985             0.05  0.000625026493  0.00062525446  118
     0.0102894312        0.7372973     0.0279803661  -0.000122659493       1.00007917       2.00114117        1.0006498             0.05  0.000625026493  0.000625669564  117
     0.0804323105      0.712297945     0.0269573876  -0.000131083637       1.00017008       2.00114862       1.00074449             0.05  0.000625026493  0.000624287044  116
     0.0554323182      0.712297942     0.0269573814  -0.000131299988       1.00017014       2.00114858       1.00074452             0.05  0.000625026493  0.000624708614  115
     0.0304322662      0.712297865     0.0269573739   -0.00013123892        1.0001701       2.00114862        1.0007445             0.05  0.000625026493  0.000625229372  114
    0.00543228193      0.712297879     0.0269573941  -0.000131005946       1.00017004       2.00114867       1.00074447             0.05  0.000625026493  0.000625604993  113
     0.0757521355      0.687302758     0.0259502716  -0.000136812288       1.00024609        2.0011513       1.00082188             0.05  0.000625026493  0.000624341934  112
      0.050752148      0.687302795     0.0259502419  -0.000136967519       1.00024613       2.00115121       1.00082187             0.05  0.000625026493  0.000624784404  111
     0.0257520974      0.687302706     0.0259502615  -0.000136845185       1.00024607       2.00115119       1.00082181             0.05  0.000625026493  0.000625271865  110
   0.000752110045      0.687302675     0.0259502633   -0.00013665311       1.00024604       2.00115123        1.0008218             0.05  0.000625026493  0.000625549958  109
     0.0712388972      0.662307394     0.0249552723   -0.00014251237       1.00030535       2.00114558       1.00087831             0.05  0.000625026493  0.000624449517  108
     0.0462389149      0.662307464     0.0249552435  -0.000142639648       1.00030535       2.00114546       1.00087826             0.05  0.000625026493  0.000624916286  107
     0.0212388636      0.662307359     0.0249552697  -0.000142506067       1.00030529       2.00114539       1.00087816             0.05  0.000625026493  0.000625343445  106
     0.0962388763      0.662307287     0.0249552556   -0.00014234696       1.00030528       2.00114548        1.0008782             0.05  0.000625026493  0.00062418672  105
     0.0668838166      0.637314351     0.0239704503  -0.000145464326       1.00035158       2.00113405       1.00091881             0.05  0.000625026493  0.000624537208  104
     0.0418838358      0.637314441      0.023970443  -0.000145522902       1.00035156        2.0011339       1.00091871             0.05  0.000625026493  0.000624999528  103
     0.0168837858      0.637314313     0.0239704516  -0.000145350551        1.0003515        2.0011338        1.0009186             0.05  0.000625026493  0.00062537374  102
     0.0918837963       0.63731422      0.023970457  -0.000145283992       1.00035152       2.00113394       1.00091869             0.05  0.000625026493  0.000624201276  101
     0.0626783338      0.612322029     0.0229940519   -0.00014767424       1.00038683       2.00111778       1.00094593             0.05  0.000625026493  0.00062456259  100
     0.0376783531      0.612322127     0.0229940507  -0.000147676424        1.0003868        2.0011176       1.00094582             0.05  0.000625026493  0.000625008928  99
     0.0126783066      0.612321974     0.0229940426  -0.000147496376       1.00038674       2.00111748        1.0009457             0.05  0.000625026493  0.000625352361  98
     0.0876783155      0.612321871      0.022994043   -0.00014749511       1.00038677       2.00111767       1.00094582             0.05  0.000625026493  0.000624217004  97
      0.058614345       0.58733042     0.0220247744  -0.000148406158       1.00041191       2.00109683       1.00096054             0.05  0.000625026493  0.000624563119  96
      0.033614364       0.58733052     0.0220247748  -0.000148376433       1.00041188       2.00109664       1.00096042             0.05  0.000625026493  0.00062499085  95
    0.00861432182      0.587330341     0.0220247602  -0.000148205358       1.00041182       2.00109649       1.00096029             0.05  0.000625026493  0.000625318313  94
     0.0836143294      0.587330237     0.0220247603   -0.00014823711       1.00041185       2.00109672       1.00096044             0.05  0.000625026493  0.000624230604  93
     0.0546841389      0.562339508     0.0210615974  -0.000147844058       1.00042888       2.00107261       1.00096541             0.05  0.000625026493  0.000624591857  92
     0.0296841569      0.562339603     0.0210616033  -0.000147779878       1.00042885       2.00107241       1.00096528             0.05  0.000625026493  0.000624998125  91
    0.00468411762        0.5623394     0.0210615968  -0.000147625897        1.0004288       2.00107225       1.00096515             0.05  0.000625026493  0.000625292686  90
     0.0796841247      0.562339302     0.0210615933  -0.000147697691       1.00042883       2.00107251       1.00096532             0.05  0.000625026493  0.000624262413  89
     0.0508802521      0.537348831     0.0201037025  -0.000146276375       1.00043861       2.00104546       1.00096156             0.05  0.000625026493  0.000624681834  88
     0.0258802664      0.537348914     0.0201037259  -0.000146175017       1.00043857       2.00104524       1.00096142             0.05  0.000625026493  0.00062505765  87
   0.000880231394      0.537348691     0.0201037064  -0.000146049096       1.00043854       2.00104507       1.00096131             0.05  0.000625026493  0.000625273337  86
     0.0758802362      0.537348609     0.0201037147  -0.000146171063       1.00043858       2.00104537       1.00096149             0.05  0.000625026493  0.000624341404  85
       0.04719552      0.512358405     0.0191504183  -0.000143536022       1.00044227       2.00101609       1.00095054             0.05  0.000625026493  0.000624809758  84
     0.0221955294      0.512358472     0.0191504468  -0.000143429728       1.00044222       2.00101585       1.00095037             0.05  0.000625026493  0.000625135908  83
     0.0971954994      0.512358232     0.0191504258   -0.00014332405       1.00044221       2.00101573       1.00095031             0.05  0.000625026493  0.000624254964  82
     0.0721955018      0.512358169     0.0191504312  -0.000143447951       1.00044226       2.00101603        1.0009505             0.05  0.000625026493  0.000624453781  81
     0.0436229984      0.487368019     0.0182013231  -0.000139831166       1.00044087       2.00098512       1.00093364             0.05  0.000625026493  0.00062489601  80
     0.0186230041      0.487368066     0.0182013417  -0.000139697662       1.00044082       2.00098487       1.00093347             0.05  0.000625026493  0.000625180369  79
     0.0936229763      0.487367818     0.0182013381  -0.000139654209       1.00044083       2.00098481       1.00093346             0.05  0.000625026493  0.000624291333  78
     0.0686229797      0.487367777     0.0182013225  -0.000139790952       1.00044088        2.0009851       1.00093365             0.05  0.000625026493  0.000624545589  77
     0.0401559255      0.462377565     0.0172562253  -0.000135178851       1.00043522       2.00095304       1.00091195             0.05  0.000625026493  0.000624922364  76
     0.0151559289      0.462377588     0.0172562357  -0.000135038432       1.00043517       2.00095278       1.00091177             0.05  0.000625026493  0.00062518111  75
     0.0901559026       0.46237734     0.0172562296   -0.00013504017        1.0004352       2.00095278       1.00091179             0.05  0.000625026493  0.00062432694  74
     0.0651559072      0.462377322     0.0172562212  -0.000135178411       1.00043525       2.00095304       1.00091198             0.05  0.000625026493  0.000624587067  73
     0.0367877273      0.437386964     0.0163148814  -0.000129648881       1.00042618       2.00092041       1.00088658             0.05  0.000625026493  0.000624921826  72
       0.01178773      0.437386964     0.0163148817  -0.000129515018       1.00042613       2.00092014        1.0008864             0.05  0.000625026493  0.000625166373  71
     0.0867877052       0.43738672     0.0163148761  -0.000129537064       1.00042616       2.00092017       1.00088644             0.05  0.000625026493  0.000624357685  70
     0.0617877096      0.437386725     0.0163148767  -0.000129668412       1.00042621       2.00092042       1.00088662             0.05  0.000625026493  0.000624604906  69
     0.0335120123      0.412396126     0.0153770372  -0.000123324958        1.0004145        2.0008877       1.00085853             0.05  0.000625026493  0.000624921921  68
    0.00851201535      0.412396102     0.0153770356  -0.000123201295       1.00041445       2.00088742       1.00085834             0.05  0.000625026493  0.000625151593  67
     0.0835119917      0.412395864     0.0153770312  -0.000123235076       1.00041447       2.00088748       1.00085839             0.05  0.000625026493  0.00062438988  66
     0.0585119951      0.412395893     0.0153770328  -0.000123356201       1.00041452       2.00088771       1.00085856             0.05  0.000625026493  0.000624623055  65
      0.030322561      0.387404998     0.0144425184  -0.000116278124       1.00040091       2.00085542       1.00082879             0.05  0.000625026493  0.000624938802  64
    0.00532256458      0.387404952     0.0144425183   -0.00011617012       1.00040086       2.00085513        1.0008286             0.05  0.000625026493  0.000625141517  63
     0.0803225418      0.387404722     0.0144425132  -0.000116224119       1.00040088       2.00085521       1.00082866             0.05  0.000625026493  0.000624434522  62
     0.0553225443      0.387404772     0.0144425123  -0.000116326793       1.00040093       2.00085543       1.00082881             0.05  0.000625026493  0.000624660416  61
     0.0272133146      0.362413543     0.0135110968  -0.000108613565       1.00038621       2.00082412       1.00079842             0.05  0.000625026493  0.000624986988  60
    0.00221331902      0.362413478     0.0135110858  -0.000108528303       1.00038616       2.00082383       1.00079824             0.05  0.000625026493  0.000625132985  59
     0.0772132966      0.362413261      0.013511091  -0.000108609947       1.00038618       2.00082394       1.00079831             0.05  0.000625026493  0.000624507794  58
     0.0522132994       0.36241333     0.0135110815   -0.00010868339       1.00038622       2.00082414       1.00079845             0.05  0.000625026493  0.00062473513  57
     0.0241783839      0.337421727     0.0125823812  -0.000100543448       1.00037119        2.0007944       1.00076854             0.05  0.000625026493  0.000625044803  56
     0.0991783907      0.337421645     0.0125823699  -0.000100471797       1.00037116       2.00079413       1.00076837             0.05  0.000625026493  0.000624470576  55
     0.0741783671      0.337421447     0.0125823738  -0.000100552925       1.00037118       2.00079427       1.00076846             0.05  0.000625026493  0.00062459859  54
      0.049178372       0.33742153     0.0125823646  -0.000100614084       1.00037121       2.00079444       1.00076858             0.05  0.000625026493  0.000624831117  53
     0.0212120501      0.312429564     0.0116561029  -9.22887162e-05       1.00035655       2.00076679       1.00074008             0.05  0.000625026493  0.000625077521  52
     0.0962120583      0.312429469     0.0116561042   -9.2255024e-05       1.00035654       2.00076656       1.00073995             0.05  0.000625026493  0.000624509407  51
     0.0712120349      0.312429292     0.0116560937  -9.23440167e-05       1.00035656        2.0007667       1.00074005             0.05  0.000625026493  0.000624671365  50
     0.0462120412      0.312429385     0.0116560931  -9.23749755e-05       1.00035658       2.00076684       1.00074014             0.05  0.000625026493  0.000624895378  49
     0.0183087344      0.287437088     0.0107319087  -8.40060424e-05        1.0003429       2.00074173       1.00071389             0.05  0.000625026493  0.000625077707  48
      0.093308742      0.287436986     0.0107319094  -8.39989302e-05       1.00034291       2.00074155       1.00071381             0.05  0.000625026493  0.000624545751  47
     0.0683087212      0.287436831     0.0107318996  -8.40880036e-05       1.00034294       2.00074169       1.00071391             0.05  0.000625026493  0.000624707944  46
     0.0433087275       0.28743693     0.0107319006   -8.4095526e-05       1.00034294        2.0007418       1.00071396             0.05  0.000625026493  0.000624916627  45
     0.0154629896      0.262444243     0.0098092507  -7.59592713e-05       1.00033043       2.00071927       1.00069018             0.05  0.000625026493  0.000625064704  44
     0.0904629967       0.26244414     0.0098092517  -7.59642703e-05       1.00033045       2.00071914       1.00069014             0.05  0.000625026493  0.00062457752  43
     0.0654629784      0.262444008    0.00980924165  -7.60472279e-05       1.00033049       2.00071927       1.00069024             0.05  0.000625026493  0.000624726888  42
     0.0404629845       0.26244411    0.00980924304  -7.60430266e-05       1.00033047       2.00071935       1.00069026             0.05  0.000625026493  0.00062491745  41
     0.0126695145      0.237451271    0.00888753582  -6.77768887e-05       1.00031915       2.00069929       1.00066891             0.05  0.000625026493  0.000625048846  40
     0.0876695209      0.237451167     0.0088875371  -6.77872629e-05       1.00031917       2.00069919       1.00066888             0.05  0.000625026493  0.000624607368  39
     0.0626695052      0.237451058    0.00888752617  -6.78620821e-05       1.00031921       2.00069932       1.00066898             0.05  0.000625026493  0.000624742817  38
     0.0376695109       0.23745116    0.00888752743  -6.78526273e-05       1.00031918       2.00069938       1.00066899             0.05  0.000625026493  0.000624915473  37
    0.00992310412       0.21245788    0.00796628673  -5.98529767e-05       1.00030939       2.00068201       1.00065051             0.05  0.000625026493  0.000625032041  36
     0.0849231096      0.212457777     0.0079662884  -5.98659106e-05       1.00030941       2.00068195       1.00065049             0.05  0.000625026493  0.000624636273  35
     0.0599230961       0.21245769    0.00796628006  -5.99322434e-05       1.00030945       2.00068206       1.00065058             0.05  0.000625026493  0.0006247578  34
     0.0349231016      0.212457792    0.00796628089  -5.99202627e-05       1.00030943       2.00068212       1.00065059             0.05  0.000625026493  0.000624912556  33
    0.00721869971      0.187464343    0.00704523666  -5.20721312e-05       1.00030021       2.00066638       1.00063351             0.05  0.000625026493  0.000625015216  32
      0.082218704       0.18746424    0.00704523894   -5.2086949e-05       1.00030022       2.00066634        1.0006335             0.05  0.000625026493  0.000624665523  31
     0.0572186915      0.187464176    0.00704523272  -5.21444469e-05       1.00030026       2.00066645       1.00063358             0.05  0.000625026493  0.00062477308  30
      0.032218697      0.187464275    0.00704523315   -5.2130643e-05       1.00030025        2.0006665        1.0006336             0.05  0.000625026493  0.000624910029  29
     0.0045512633      0.162471041    0.00612413067  -4.35016612e-05        1.0002929        2.0006536        1.0006198             0.05  0.000625026493  0.000624998186  28
     0.0795512661      0.162470942    0.00612413287  -4.35210065e-05       1.00029291       2.00065359        1.0006198             0.05  0.000625026493  0.000624697466  27
     0.0545512543      0.162470897    0.00612412722   -4.3567405e-05       1.00029295       2.00065369       1.00061988             0.05  0.000625026493  0.000624793277  26
     0.0295512597      0.162470994    0.00612412791  -4.35497447e-05       1.00029294       2.00065373        1.0006199             0.05  0.000625026493  0.00062491142  25
    0.00191579457      0.137476124    0.00520271569  -3.70896542e-05       1.00028605       2.00064219       1.00060724             0.05  0.000625026493  0.000624980916  24
     0.0769157953      0.137476031    0.00520272158  -3.71170628e-05       1.00028606       2.00064221       1.00060725             0.05  0.000625026493  0.000624738032  23
     0.0519157849      0.137476004    0.00520271425  -3.71489608e-05       1.00028609       2.00064229       1.00060733             0.05  0.000625026493  0.000624824675  22
     0.0269157897      0.137476094    0.00520271756  -3.71254821e-05       1.00028608       2.00064233       1.00060734             0.05  0.000625026493  0.00062492202  21
     0.0993076483      0.112484009    0.00428113929  -2.71730358e-05        1.0002775       2.00062984        1.0005925             0.05  0.000625026493  0.00062474299  20
     0.0743076456      0.112483929    0.00428114402   -2.7196792e-05       1.00027751       2.00062988       1.00059254             0.05  0.000625026493  0.000624783285  19
     0.0493076374      0.112483914    0.00428113774  -2.72216373e-05       1.00027754       2.00062995        1.0005926             0.05  0.000625026493  0.000624861512  18
     0.0243076402      0.112483994    0.00428114018  -2.72011131e-05       1.00027753       2.00062997        1.0005926             0.05  0.000625026493  0.00062493468  17
     0.0967216567     0.0874877498     0.0033595484  -2.12414683e-05       1.00027084       2.00062032       1.00058109             0.05  0.000625026493  0.000624772502  16
     0.0717216515     0.0874876811    0.00335954761  -2.12655996e-05       1.00027086       2.00062037       1.00058113             0.05  0.000625026493  0.000624818151  15
     0.0467216457     0.0874876775    0.00335954474   -2.1278089e-05       1.00027088       2.00062042       1.00058118             0.05  0.000625026493  0.000624882412  14
     0.0217216473     0.0874877469    0.00335954434  -2.12545347e-05       1.00027086       2.00062043       1.00058116             0.05  0.000625026493  0.000624934836  13
     0.0941501561     0.0624938315    0.00243258528  -1.42465254e-05       1.00022578       2.00058141       1.00051655             0.05  0.000625026493  0.000624825222  12
     0.0691501503     0.0624937771     0.0024325842   -1.4267954e-05        1.0002258       2.00058146        1.0005166             0.05  0.000625026493  0.000624862674  11
     0.0441501461     0.0624937794    0.00243258262  -1.42712998e-05       1.00022581       2.00058149       1.00051662             0.05  0.000625026493  0.00062491017  10
     0.0191501471     0.0624938349    0.00243258221  -1.42492665e-05       1.00022579       2.00058148        1.0005166             0.05  0.000625026493  0.000624946067  9
     0.0916180801     0.0375040388    0.00153229332  -4.16434679e-07       1.00011805       2.00049666       1.00036641             0.05  0.000625026493  0.000624915054  8
     0.0666180726     0.0375040055    0.00153229028  -4.28677838e-07       1.00011808       2.00049673       1.00036647             0.05  0.000625026493  0.000624939536  7
     0.0416180652     0.0375040096    0.00153228753   -4.2789347e-07       1.00011808       2.00049675       1.00036648             0.05  0.000625026493  0.000624969632  6
     0.0166180638     0.0375040432    0.00153228601  -4.15789104e-07       1.00011805        2.0004967       1.00036643             0.05  0.000625026493  0.000624992185  5
     0.0889628612     0.0124929887   0.000559390395  -9.43467751e-06       1.00008333       2.00044699       1.00030684             0.05  0.000625026493  0.000624955568  4
     0.0639628549     0.0124929661   0.000559386799  -9.44295455e-06       1.00008336       2.00044712       1.00030694             0.05  0.000625026493  0.000624968343  3
     0.0389628431       0.01249297   0.000559382409  -9.44042839e-06       1.00008335       2.00044711       1.00030693             0.05  0.000625026493  0.000624983569  2
     0.0139628444     0.0124929939   0.000559383364  -9.43113902e-06       1.00008333       2.00044698       1.00030684             0.05  0.000625026493  0.000624994777  1
