title='particle position' 
variables=x, y, Ux, Uy, rho, e, p, h=supportlength/2, m, V, ID 
      0.067086857      0.988364146     0.0395313591   9.29046473e-05      0.999346688       2.00457519       1.00163279             0.05  0.000625026493  0.000625079002  160
     0.0420869283      0.988364178     0.0395314425   9.26856122e-05      0.999346826       2.00457553        1.0016331             0.05  0.000625026493  0.000625570207  159
     0.0170867575      0.988364161     0.0395314558     9.277553e-05      0.999346833       2.00457683       1.00163375             0.05  0.000625026493  0.000625996051  158
     0.0920868434      0.988364047      0.039531377   9.31179864e-05      0.999346702       2.00457784       1.00163413             0.05  0.000625026493  0.000624775505  157
     0.0521000637      0.961743335     0.0385388008  -7.84907639e-05      0.998897026       2.00354278       1.00066646             0.05  0.000625026493  0.000625603248  156
     0.0271001399      0.961743544     0.0385388806  -7.82491561e-05      0.998897086       2.00354292       1.00066659             0.05  0.000625026493  0.000626269092  155
    0.00209994398      0.961743337     0.0385389067  -7.79759939e-05      0.998897049        2.0035439       1.00066705             0.05  0.000625026493  0.000626638479  154
     0.0771001195      0.961743157     0.0385387659  -7.84303723e-05      0.998896982       2.00354522       1.00066764             0.05  0.000625026493  0.000624995546  153
     0.0371806302      0.937988909     0.0377548515   6.94703113e-05      0.999202438       2.00318928        1.0007958             0.05  0.000625026493  0.000625882959  152
     0.0121806982      0.937988844     0.0377548673   6.96440287e-05      0.999202498       2.00318909       1.00079577             0.05  0.000625026493  0.000626434479  151
     0.0871805502      0.937988553     0.0377548401   6.99216447e-05      0.999202469       2.00319003       1.00079621             0.05  0.000625026493  0.000624615577  150
     0.0621806697      0.937988572      0.037754845   6.95749588e-05      0.999202411        2.0031912       1.00079674             0.05  0.000625026493  0.000625157616  149
     0.0222079061      0.912091938     0.0369046317  -5.49843002e-05      0.999206764        2.0028247       1.00061799             0.05  0.000625026493  0.000626290604  148
     0.0972079992      0.912091719     0.0369047044   -5.4939023e-05      0.999206811       2.00282441       1.00061789             0.05  0.000625026493  0.000624549714  147
     0.0722078027      0.912091509     0.0369046875  -5.51318706e-05      0.999206725       2.00282516       1.00061818             0.05  0.000625026493  0.000624945346  146
     0.0472079177      0.912091653     0.0369046766  -5.52343031e-05      0.999206681       2.00282608        1.0006186             0.05  0.000625026493  0.000625647882  145
    0.00766063821      0.887587995     0.0360359229   1.94167458e-05      0.999409617       2.00276787       1.00079273             0.05  0.000625026493  0.000626338309  144
     0.0826606825      0.887587722     0.0360359192   1.94038481e-05      0.999409603       2.00276761       1.00079259             0.05  0.000625026493  0.000624605632  143
     0.0576605162      0.887587606     0.0360359406   1.91746618e-05      0.999409532       2.00276817        1.0007928             0.05  0.000625026493  0.000625216248  142
     0.0326606452       0.88758784      0.036035944   1.91772244e-05       0.99940955       2.00276892       1.00079319             0.05  0.000625026493  0.000625910391  141
     0.0931917224      0.862357575     0.0351515112  -3.26581336e-05      0.999487371       2.00264235       1.00080787             0.05  0.000625026493  0.000624430298  140
     0.0681917458      0.862357433     0.0351515256  -3.29019794e-05      0.999487363       2.00264215       1.00080776             0.05  0.000625026493  0.000624847527  139
       0.04319158      0.862357379     0.0351515466  -3.29463643e-05      0.999487333       2.00264257       1.00080794             0.05  0.000625026493  0.000625525417  138
     0.0181917133       0.86235752     0.0351515166  -3.27494933e-05      0.999487342       2.00264313       1.00080823             0.05  0.000625026493  0.00062611993  137
     0.0789403243      0.837363834      0.034261019  -2.53052381e-05       0.99959028        2.0025792       1.00087935             0.05  0.000625026493  0.000624537992  136
      0.053940333      0.837363781     0.0342610489  -2.55001281e-05      0.999590298         2.002579       1.00087927             0.05  0.000625026493  0.000625118212  135
     0.0289401815      0.837363739     0.0342610388  -2.53586534e-05      0.999590291       2.00257928        1.0008794             0.05  0.000625026493  0.000625779604  134
    0.00394031077      0.837363787      0.034261019  -2.51312947e-05       0.99959027       2.00257967       1.00087958             0.05  0.000625026493  0.000626182018  133
     0.0649363208      0.812458237     0.0333572297  -2.80519187e-05      0.999713415       2.00256143       1.00099376             0.05  0.000625026493  0.000624735606  132
     0.0399363262      0.812458245     0.0333572465  -2.81209722e-05      0.999713465       2.00256122       1.00099371             0.05  0.000625026493  0.000625378481  131
      0.014936186      0.812458121      0.033357241  -2.78779486e-05      0.999713452       2.00256138       1.00099377             0.05  0.000625026493  0.000625943258  130
     0.0899362995      0.812458093     0.0333572432  -2.77610129e-05      0.999713404       2.00256175       1.00099391             0.05  0.000625026493  0.000624337662  129
     0.0510516704      0.787309843     0.0324453843  -5.63050705e-05      0.999776163       2.00250338       1.00102757             0.05  0.000625026493  0.000625059521  128
     0.0260516695      0.787309819     0.0324453902  -5.61249603e-05      0.999776214       2.00250313        1.0010275             0.05  0.000625026493  0.00062567729  127
    0.00105154015      0.787309579     0.0324453945  -5.58699549e-05      0.999776181       2.00250317       1.00102749             0.05  0.000625026493  0.000626022652  126
     0.0760516445      0.787309605     0.0324453949  -5.61340985e-05      0.999776132       2.00250363       1.00102767             0.05  0.000625026493  0.000624497185  125
     0.0374304501      0.762449646     0.0315321573  -4.01641276e-05      0.999895359       2.00251554         1.001153             0.05  0.000625026493  0.000625394924  124
     0.0124304542      0.762449565     0.0315321653  -3.99246454e-05        0.9998954       2.00251525       1.00115289             0.05  0.000625026493  0.00062585564  123
     0.0874303257      0.762449273     0.0315321698   -3.9865568e-05      0.999895362       2.00251537       1.00115292             0.05  0.000625026493  0.000624328503  122
     0.0624304215       0.76244937     0.0315321644    -4.013488e-05      0.999895322       2.00251577       1.00115307             0.05  0.000625026493  0.000624784784  121
     0.0239428628      0.737341215     0.0306043496  -7.18927443e-05      0.999944554       2.00247045       1.00117971             0.05  0.000625026493  0.00062569485  120
     0.0989428681      0.737341019     0.0306043672  -7.17318314e-05      0.999944585       2.00247015       1.00117959             0.05  0.000625026493  0.000624257087  119
     0.0739427457      0.737340811     0.0306043549  -7.19142881e-05      0.999944544       2.00247036       1.00117966             0.05  0.000625026493  0.000624581994  118
       0.04894283      0.737340999     0.0306043542  -7.20509187e-05      0.999944514       2.00247067       1.00117978             0.05  0.000625026493  0.000625163109  117
     0.0106692409      0.712413335     0.0296753424  -5.80659891e-05       1.00002346       2.00246417       1.00125557             0.05  0.000625026493  0.000625787878  116
     0.0856692451      0.712413118     0.0296753452  -5.81646898e-05       1.00002348       2.00246402       1.00125552             0.05  0.000625026493  0.000624360388  115
     0.0606691306      0.712412995     0.0296753434  -5.83472112e-05       1.00002344       2.00246418       1.00125557             0.05  0.000625026493  0.000624862907  114
     0.0356692021      0.712413196     0.0296753495  -5.82892683e-05       1.00002343        2.0024644       1.00125566             0.05  0.000625026493  0.000625435543  113
     0.0975634588      0.687384655     0.0287308395  -7.67700359e-05       1.00006757       2.00243152       1.00128341             0.05  0.000625026493  0.000624233071  112
     0.0725634656      0.687384533     0.0287308346  -7.70051059e-05       1.00006758        2.0024315       1.00128341             0.05  0.000625026493  0.000624574139  111
     0.0475633528      0.687384498     0.0287308468  -7.70566021e-05       1.00006755       2.00243159       1.00128343             0.05  0.000625026493  0.000625128614  110
     0.0225634161       0.68738463     0.0287308459  -7.68646711e-05       1.00006754       2.00243172       1.00128348             0.05  0.000625026493  0.000625615481  109
     0.0846316858      0.662396172     0.0277783249  -7.41885117e-05       1.00010606       2.00240023        1.0013063             0.05  0.000625026493  0.000624354499  108
     0.0596316978       0.66239616     0.0277783279  -7.43759703e-05       1.00010607       2.00240019       1.00130629             0.05  0.000625026493  0.000624825088  107
     0.0346315864      0.662396142     0.0277783362  -7.42543844e-05       1.00010606        2.0024002       1.00130629             0.05  0.000625026493  0.000625361609  106
    0.00963164379      0.662396173     0.0277783321  -7.40293336e-05       1.00010605       2.00240026       1.00130631             0.05  0.000625026493  0.000625689665  105
     0.0718783796      0.637411344     0.0268135786  -7.87895501e-05       1.00014008       2.00237032       1.00132541             0.05  0.000625026493  0.000624555685  104
     0.0468783927      0.637411421      0.026813585  -7.88643386e-05       1.00014011       2.00237023       1.00132539             0.05  0.000625026493  0.000625073095  103
     0.0218782844      0.637411345     0.0268135879  -7.86482651e-05       1.00014011       2.00237018       1.00132536             0.05  0.000625026493  0.00062552755  102
     0.0968783366      0.637411268     0.0268135944  -7.85355446e-05       1.00014009       2.00237022       1.00132536             0.05  0.000625026493  0.000624237633  101
     0.0592834248      0.612403718     0.0258367539   -8.2712313e-05       1.00015409       2.00232572       1.00131713             0.05  0.000625026493  0.000624804004  100
     0.0342834376      0.612403822     0.0258367592  -8.26155803e-05       1.00015413       2.00232558        1.0013171             0.05  0.000625026493  0.000625302967  99
    0.00928333439      0.612403646     0.0258367562  -8.23698076e-05       1.00015413       2.00232546       1.00131704             0.05  0.000625026493  0.000625608383  98
      0.084283377      0.612403533      0.025836762  -8.25166135e-05        1.0001541       2.00232563       1.00131709             0.05  0.000625026493  0.000624366409  97
     0.0468574256      0.587424651     0.0248497351  -8.01598552e-05       1.00017035       2.00228784       1.00131447             0.05  0.000625026493  0.000625043856  96
     0.0218574389      0.587424711     0.0248497361  -7.99799019e-05       1.00017039       2.00228764       1.00131441             0.05  0.000625026493  0.000625465055  95
     0.0968573414      0.587424439     0.0248497419  -7.98411712e-05       1.00017039       2.00228751       1.00131434             0.05  0.000625026493  0.000624269876  94
     0.0718573765      0.587424391     0.0248497388  -8.00677181e-05       1.00017035       2.00228779       1.00131444             0.05  0.000625026493  0.000624564374  93
      0.034584651      0.562422439      0.023850823  -8.31561655e-05       1.00017088       2.00223849       1.00129032             0.05  0.000625026493  0.000625263258  92
    0.00958466719      0.562422408      0.023850818  -8.29471733e-05       1.00017092       2.00223823       1.00129022             0.05  0.000625026493  0.000625545439  91
     0.0845845694      0.562422103     0.0238508246  -8.30582563e-05       1.00017091       2.00223824       1.00129022             0.05  0.000625026493  0.000624398845  90
     0.0595846024      0.562422156     0.0238508252  -8.32280594e-05       1.00017087       2.00223848       1.00129031             0.05  0.000625026493  0.000624802676  89
     0.0224657286      0.537434855     0.0228425565  -7.93076049e-05       1.00016889       2.00219036       1.00126426             0.05  0.000625026493  0.000625421479  88
     0.0974657494      0.537434733     0.0228425595  -7.91975414e-05       1.00016892       2.00219009       1.00126415             0.05  0.000625026493  0.00062432315  87
      0.072465651      0.537434498     0.0228425579  -7.93835306e-05       1.00016891       2.00219023       1.00126421             0.05  0.000625026493  0.000624593514  86
     0.0474656813      0.537434621     0.0228425609  -7.94579974e-05       1.00016889       2.00219042       1.00126428             0.05  0.000625026493  0.000625034243  85
     0.0104935147      0.512440743     0.0218247249    -7.811667e-05       1.00015922        2.0021381       1.00122844             0.05  0.000625026493  0.000625497296  84
     0.0854935363      0.512440587     0.0218247315  -7.82234889e-05       1.00015925       2.00213799       1.00122842             0.05  0.000625026493  0.000624447254  83
      0.060493441      0.512440457     0.0218247363  -7.83640666e-05       1.00015925        2.0021381       1.00122847             0.05  0.000625026493  0.000624816419  82
     0.0354934672      0.512440601     0.0218247406  -7.82979861e-05       1.00015923       2.00213822       1.00122851             0.05  0.000625026493  0.000625237648  81
     0.0986614209      0.487446442     0.0207986302  -7.43724311e-05       1.00014391       2.00208351       1.00118582             0.05  0.000625026493  0.000624389784  80
     0.0736614412      0.487446359     0.0207986368  -7.45407723e-05       1.00014395       2.00208355       1.00118588             0.05  0.000625026493  0.000624613115  79
      0.048661349      0.487446307      0.020798643   -7.4620656e-05       1.00014396       2.00208361       1.00118591             0.05  0.000625026493  0.000625008898  78
     0.0236613701      0.487446398     0.0207986387  -7.44918195e-05       1.00014392       2.00208365       1.00118589             0.05  0.000625026493  0.000625369239  77
     0.0869654082      0.462454607     0.0197655741  -6.99375221e-05       1.00012488       2.00202843       1.00113922             0.05  0.000625026493  0.000624472687  76
     0.0619654302      0.462454634     0.0197655775  -7.01070815e-05       1.00012492       2.00202845       1.00113927             0.05  0.000625026493  0.000624761978  75
     0.0369653393      0.462454612      0.019765578  -7.00771364e-05       1.00012491       2.00202843       1.00113925             0.05  0.000625026493  0.000625144596  74
      0.011965356      0.462454612     0.0197655744  -6.99073965e-05       1.00012487        2.0020284       1.00113919             0.05  0.000625026493  0.000625429429  73
     0.0753971744      0.437459027     0.0187262884  -6.46806381e-05       1.00010168       2.00197211       1.00108783             0.05  0.000625026493  0.000624578039  72
     0.0503971978      0.437459139     0.0187262895  -6.47867648e-05       1.00010171       2.00197206       1.00108784             0.05  0.000625026493  0.000624903304  71
     0.0253971055      0.437459073     0.0187262881  -6.46643717e-05       1.00010168       2.00197197       1.00108777             0.05  0.000625026493  0.000625258916  70
   0.000397121967      0.437458967     0.0187262834  -6.45257697e-05       1.00010166       2.00197191       1.00108771             0.05  0.000625026493  0.000625456103  69
     0.0639517472      0.412463991     0.0176821011  -5.92174863e-05       1.00007726       2.00191727       1.00103597             0.05  0.000625026493  0.000624727032  68
     0.0389517683      0.412464146     0.0176821007  -5.92553092e-05       1.00007727       2.00191714       1.00103592             0.05  0.000625026493  0.000625067795  67
     0.0139516765      0.412463994     0.0176821048  -5.91041579e-05       1.00007725         2.001917       1.00103583             0.05  0.000625026493  0.00062536756  66
     0.0889516917      0.412463824     0.0176821054   -5.9039098e-05       1.00007724       2.00191711       1.00103587             0.05  0.000625026493  0.000624517239  65
     0.0526221589      0.387470976     0.0166339748  -5.14847145e-05       1.00005134       2.00186351       1.00098315             0.05  0.000625026493  0.000624911127  64
     0.0276221737        0.3874711     0.0166339862  -5.14211779e-05       1.00005135       2.00186331       1.00098305             0.05  0.000625026493  0.000625232222  63
    0.00262208714      0.387470844     0.0166339898  -5.12607286e-05       1.00005135       2.00186315       1.00098297             0.05  0.000625026493  0.000625429708  62
     0.0776220989      0.387470719     0.0166339891   -5.1353819e-05       1.00005134       2.00186342        1.0009831             0.05  0.000625026493  0.000624630037  61
     0.0414002833      0.362469993     0.0155817631  -4.71999023e-05       1.00002987       2.00181657       1.00093818             0.05  0.000625026493  0.00062508346  60
      0.016400293      0.362470037     0.0155817758  -4.70842993e-05       1.00002988       2.00181632       1.00093807             0.05  0.000625026493  0.000625347718  59
     0.0914002112      0.362469706     0.0155817735  -4.69990488e-05       1.00002989       2.00181629       1.00093806             0.05  0.000625026493  0.000624599741  58
     0.0664002219      0.362469683     0.0155817669  -4.71430391e-05       1.00002988       2.00181655       1.00093818             0.05  0.000625026493  0.000624782969  57
     0.0302828568      0.337479467     0.0145266723  -3.96003259e-05       1.00000541       2.00176899       1.00088991             0.05  0.000625026493  0.000625230291  56
    0.00528286529      0.337479407     0.0145266734  -3.94716458e-05       1.00000543       2.00176871       1.00088979             0.05  0.000625026493  0.000625402951  55
     0.0802827849      0.337479093     0.0145266722  -3.95369293e-05       1.00000544       2.00176885       1.00088987             0.05  0.000625026493  0.000624704614  54
     0.0552827974      0.337479168     0.0145266641  -3.96423441e-05       1.00000543       2.00176905       1.00088996             0.05  0.000625026493  0.000624949926  53
     0.0192574353      0.312477199     0.0134664764  -3.40953179e-05       0.99999052       2.00173305       1.00085704             0.05  0.000625026493  0.000625325738  52
     0.0942574428      0.312477049     0.0134664748  -3.40273937e-05      0.999990537       2.00173285       1.00085695             0.05  0.000625026493  0.000624679712  51
     0.0692573659      0.312476822     0.0134664704  -3.41403278e-05      0.999990553       2.00173306       1.00085707             0.05  0.000625026493  0.000624837662  50
       0.04425738      0.312476968     0.0134664695  -3.41846603e-05      0.999990538       2.00173318       1.00085712             0.05  0.000625026493  0.000625097316  49
    0.00832336652      0.287478287     0.0124024757  -3.22132581e-05      0.999971351       2.00169494        1.0008188             0.05  0.000625026493  0.000625367705  48
     0.0833233708      0.287478115     0.0124024791  -3.22764121e-05      0.999971377       2.00169491       1.00081881             0.05  0.000625026493  0.000624770713  47
        0.0583233      0.287477998     0.0124024742  -3.23584352e-05      0.999971399       2.00169509       1.00081892             0.05  0.000625026493  0.00062498007  46
     0.0333233141      0.287478161     0.0124024799  -3.23186045e-05      0.999971372       2.00169512       1.00081891             0.05  0.000625026493  0.000625219146  45
     0.0974711119      0.262493507      0.011334708  -1.89282307e-05      0.999956141        2.0016628       1.00078751             0.05  0.000625026493  0.000624754855  44
     0.0724711152      0.262493395     0.0113347116  -1.90256474e-05      0.999956183       2.00166292       1.00078761             0.05  0.000625026493  0.000624876943  43
     0.0474710499      0.262493355     0.0113347096    -1.907709e-05      0.999956198       2.00166304       1.00078768             0.05  0.000625026493  0.00062509318  42
     0.0224710608      0.262493474     0.0113347109  -1.90051869e-05      0.999956154       2.00166296        1.0007876             0.05  0.000625026493  0.000625289779  41
     0.0866859787      0.237462568     0.0102595484  -2.83803195e-05      0.999951632       2.00164313       1.00077316             0.05  0.000625026493  0.000624808882  40
     0.0616859879      0.237462572     0.0102595462  -2.84702521e-05      0.999951681       2.00164322       1.00077325             0.05  0.000625026493  0.000624960771  39
      0.036685925      0.237462584      0.010259545  -2.84505483e-05      0.999951678       2.00164325       1.00077326             0.05  0.000625026493  0.000625159596  38
     0.0116859336      0.237462604     0.0102595469   -2.8356455e-05      0.999951628        2.0016431       1.00077314             0.05  0.000625026493  0.000625307845  37
     0.0759883182      0.212517721    0.00918661996  -5.74434181e-06      0.999924477       2.00160306       1.00072594             0.05  0.000625026493  0.000624884476  36
     0.0509883338      0.212517785     0.0091866159  -5.80553171e-06      0.999924515        2.0016031       1.00072601             0.05  0.000625026493  0.000625044463  35
      0.025988267      0.212517774    0.00918661493  -5.74621594e-06      0.999924489       2.00160303       1.00072594             0.05  0.000625026493  0.000625218981  34
    0.00098828072       0.21251772    0.00918661489  -5.67393798e-06      0.999924452       2.00160283       1.00072581             0.05  0.000625026493  0.000625316027  33
     0.0653167986      0.187448212    0.00810001826  -2.01564463e-05      0.999941417       2.00160793       1.00074533             0.05  0.000625026493  0.000624946901  32
     0.0403168176      0.187448356    0.00810001619  -2.01745454e-05      0.999941438       2.00160791       1.00074534             0.05  0.000625026493  0.000625102713  31
     0.0153167487      0.187448269    0.00810001811  -2.00991517e-05      0.999941407       2.00160774       1.00074523             0.05  0.000625026493  0.000625240479  30
     0.0903167597      0.187448106    0.00810001918   -2.0070669e-05      0.999941388       2.00160771        1.0007452             0.05  0.000625026493  0.000624851587  29
     0.0547448586      0.162516591    0.00702138273  -4.30630137e-06      0.999906351       2.00156331       1.00068793             0.05  0.000625026493  0.000625048107  28
     0.0297448708      0.162516726    0.00702138841  -4.28257475e-06      0.999906352       2.00156321       1.00068788             0.05  0.000625026493  0.000625183564  27
    0.00474481134      0.162516569     0.0070213894  -4.21038028e-06      0.999906328       2.00156297       1.00068774             0.05  0.000625026493  0.000625267951  26
     0.0797448133      0.162516423    0.00702139171  -4.24565725e-06      0.999906327       2.00156314       1.00068782             0.05  0.000625026493  0.000624930057  25
     0.0441778166      0.137489085    0.00593059583   3.08411313e-06      0.999924836       2.00157309       1.00071132             0.05  0.000625026493  0.000625100548  24
     0.0191778223       0.13748917    0.00593059935   3.12662115e-06      0.999924825       2.00157293       1.00071123             0.05  0.000625026493  0.000625201473  23
      0.094177764      0.137488925    0.00593059765   3.17414479e-06      0.999924815       2.00157275       1.00071113             0.05  0.000625026493  0.000624917771  22
     0.0691777632      0.137488852      0.005930598   3.11905776e-06      0.999924822       2.00157299       1.00071126             0.05  0.000625026493  0.000624986239  21
     0.0336553012       0.11242351    0.00483649559  -2.16407358e-05      0.999923396       2.00156551       1.00070609             0.05  0.000625026493  0.000625141349  20
    0.00865530284      0.112423508    0.00483649646  -2.15934934e-05      0.999923384       2.00156528       1.00070596             0.05  0.000625026493  0.000625200066  19
      0.083655246      0.112423198    0.00483649696  -2.16207474e-05      0.999923391       2.00156528       1.00070597             0.05  0.000625026493  0.000624966851  18
      0.058655242      0.112423227    0.00483649164  -2.16555184e-05      0.999923402       2.00156549       1.00070609             0.05  0.000625026493  0.000625048059  17
     0.0232459314     0.0876482605    0.00375742374   4.18632931e-05      0.999887237       2.00152567       1.00064999             0.05  0.000625026493  0.000625175236  16
     0.0982459382     0.0876482321    0.00375742325   4.18997045e-05       0.99988723        2.0015254       1.00064984             0.05  0.000625026493  0.000624997981  15
      0.073245879     0.0876480017    0.00375742341   4.18769647e-05      0.999887252       2.00152555       1.00064994             0.05  0.000625026493  0.000625038706  14
     0.0482458893     0.0876480509     0.0037574237   4.18518779e-05      0.999887262       2.00152572       1.00065004             0.05  0.000625026493  0.000625110474  13
      0.012643868     0.0622038355    0.00264846027   -5.1002235e-05      0.999969552       2.00158234        1.0007607             0.05  0.000625026493  0.000625111165  12
     0.0876438685     0.0622036216    0.00264846432  -5.10255776e-05      0.999969561       2.00158222       1.00076065             0.05  0.000625026493  0.000624983212  11
     0.0626438127      0.062203486    0.00264846183  -5.10415567e-05      0.999969593       2.00158238       1.00076076             0.05  0.000625026493  0.000625023621  10
     0.0376438148     0.0622036603     0.0026484586  -5.10241772e-05      0.999969588       2.00158247        1.0007608             0.05  0.000625026493  0.000625074524  9
    0.00233907586     0.0379006514    0.00152045847   8.40872028e-05      0.999898132       2.00150858       1.00065234             0.05  0.000625026493  0.000625133606  8
     0.0773390698      0.037900566    0.00152045649   8.40863781e-05      0.999898171       2.00150873       1.00065246             0.05  0.000625026493  0.000625058034  7
     0.0523390258     0.0379004682    0.00152045037   8.40751187e-05      0.999898209       2.00150891       1.00065259             0.05  0.000625026493  0.000625086797  6
     0.0273390179     0.0379005387    0.00152045017   8.40792471e-05      0.999898169       2.00150881        1.0006525             0.05  0.000625026493  0.000625117276  5
     0.0924114689     0.0119743221    0.00046526175  -8.49837692e-05       1.00044055        2.0017286       1.00130523             0.05  0.000625026493  0.000624731475  4
     0.0674114638      0.011974258   0.000465258063  -8.49909809e-05       1.00044061       2.00172912       1.00130555             0.05  0.000625026493  0.000624739894  3
     0.0424114111        0.0119743     0.0004652538  -8.49750462e-05       1.00044061       2.00172926       1.00130562             0.05  0.000625026493  0.000624754394  2
      0.017411403     0.0119743789   0.000465257703  -8.49663071e-05       1.00044055       2.00172878       1.00130532             0.05  0.000625026493  0.000624767778  1
