title='particle position' 
variables=x, y, Ux, Uy, rho, e, p, h=supportlength/2, m, V, ID 
     0.0510419999      0.988326361     0.0395447879   9.32993953e-05      0.999331913       2.00449523       1.00157803             0.05  0.000625026493  0.000625316501  160
     0.0260420405      0.988326433     0.0395448608   9.32745818e-05      0.999332136       2.00449551       1.00157839             0.05  0.000625026493  0.00062580602  159
     0.0010418819       0.98832635     0.0395448063   9.34426977e-05      0.999332087       2.00449648       1.00157883             0.05  0.000625026493  0.000626107747  158
     0.0760420019      0.988326162     0.0395447277     9.353606e-05      0.999331871       2.00449762       1.00157918             0.05  0.000625026493  0.000624888806  157
     0.0364576225      0.961775514     0.0385546452  -7.99166959e-05       0.99892097       2.00351478       1.00067647             0.05  0.000625026493  0.00062603338  156
     0.0114576734      0.961775614     0.0385547096  -7.96284515e-05      0.998921054       2.00351481       1.00067657             0.05  0.000625026493  0.000626548268  155
     0.0864575247      0.961775424     0.0385545673  -7.98182264e-05       0.99892098       2.00351587       1.00067702             0.05  0.000625026493  0.000624849785  154
     0.0614577011      0.961775333     0.0385545923  -7.99746305e-05      0.998920889       2.00351723       1.00067761             0.05  0.000625026493  0.000625354405  153
     0.0218548988      0.937961087     0.0377769522   6.77756687e-05      0.999259621       2.00319607       1.00085647             0.05  0.000625026493  0.000626263938  152
     0.0968549598      0.937960921     0.0377769722   6.82149057e-05      0.999259675       2.00319587       1.00085643             0.05  0.000625026493  0.000624506101  151
     0.0718548213      0.937960607      0.037776958   6.79877267e-05      0.999259639       2.00319692       1.00085692             0.05  0.000625026493  0.000624901295  150
     0.0468549384      0.937960752     0.0377769497   6.77095064e-05      0.999259581       2.00319805       1.00085742             0.05  0.000625026493  0.00062561394  149
    0.00723002351      0.912114981     0.0369133387  -5.82725537e-05       0.99930577       2.00287381       1.00074168             0.05  0.000625026493  0.000626426381  148
     0.0822300906      0.912114813     0.0369133979   -5.8581223e-05      0.999305803       2.00287365       1.00074163             0.05  0.000625026493  0.00062465253  147
      0.057229896      0.912114677     0.0369134009   -5.8710098e-05      0.999305753        2.0028744       1.00074196             0.05  0.000625026493  0.000625277743  146
     0.0322300182      0.912114813     0.0369133636  -5.85714585e-05      0.999305721       2.00287527       1.00074236             0.05  0.000625026493  0.000625988634  145
     0.0930338883      0.887580931     0.0360516535   1.57670332e-05      0.999517551       2.00282422       1.00092898             0.05  0.000625026493  0.00062438726  144
      0.068033933      0.887580722     0.0360516686   1.54859642e-05      0.999517557       2.00282405        1.0009289             0.05  0.000625026493  0.000624813584  143
     0.0430337592      0.887580678     0.0360516858   1.53708564e-05      0.999517541       2.00282461       1.00092916             0.05  0.000625026493  0.000625508913  142
     0.0180338902      0.887580876     0.0360516589   1.55230427e-05      0.999517539       2.00282529        1.0009295             0.05  0.000625026493  0.00062611932  141
      0.078924472      0.862372077     0.0351649928  -3.84664422e-05      0.999612072       2.00271425       1.00096867             0.05  0.000625026493  0.000624503381  140
     0.0539244892      0.862372022      0.035165028  -3.86482894e-05        0.9996121       2.00271405        1.0009686             0.05  0.000625026493  0.000625098527  139
     0.0289243219      0.862371938     0.0351650169  -3.84901632e-05      0.999612092       2.00271442       1.00096878             0.05  0.000625026493  0.000625777658  138
    0.00392445958      0.862371983     0.0351649987  -3.82479872e-05      0.999612066       2.00271491         1.000969             0.05  0.000625026493  0.000626192133  137
     0.0650333266      0.837375528     0.0342810376  -3.15348851e-05      0.999720223       2.00265533       1.00104751             0.05  0.000625026493  0.000624718457  136
      0.040033329      0.837375523     0.0342810556  -3.15906456e-05      0.999720273        2.0026551       1.00104745             0.05  0.000625026493  0.000625379319  135
     0.0150331802      0.837375391      0.034281045  -3.13371904e-05      0.999720259       2.00265533       1.00104755             0.05  0.000625026493  0.000625959653  134
      0.090033306      0.837375376     0.0342810553  -3.12419904e-05      0.999720209       2.00265578       1.00104773             0.05  0.000625026493  0.000624309403  133
     0.0513945877       0.81247116     0.0333849151  -3.45116779e-05      0.999844235       2.00263757       1.00116281             0.05  0.000625026493  0.000625012656  132
     0.0263945904      0.812471139     0.0333849277   -3.4354697e-05      0.999844296       2.00263731       1.00116275             0.05  0.000625026493  0.000625648261  131
    0.00139444919      0.812470901     0.0333849312  -3.41066557e-05      0.999844266       2.00263741       1.00116276             0.05  0.000625026493  0.000626004366  130
     0.0763945642      0.812470916     0.0333849225  -3.43173275e-05      0.999844205       2.00263791       1.00116296             0.05  0.000625026493  0.000624434434  129
     0.0378783605      0.787333852     0.0324805946  -6.04479099e-05      0.999898289       2.00256995       1.00118313             0.05  0.000625026493  0.000625403899  128
     0.0128783605      0.787333736     0.0324805978  -6.01849392e-05      0.999898339       2.00256964       1.00118303             0.05  0.000625026493  0.000625876844  127
     0.0878782255      0.787333438     0.0324806079  -6.01984622e-05      0.999898289        2.0025698       1.00118306             0.05  0.000625026493  0.000624305219  126
     0.0628783319      0.787333572     0.0324806011  -6.04512366e-05       0.99989824       2.00257023       1.00118323             0.05  0.000625026493  0.000624775543  125
     0.0246261937      0.762466689     0.0315734066  -4.23227896e-05       1.00000203       2.00256563       1.00128484             0.05  0.000625026493  0.000625678258  124
     0.0996261971      0.762466507      0.031573426  -4.20911735e-05       1.00000206        2.0025653       1.00128471             0.05  0.000625026493  0.000624196234  123
     0.0746260663      0.762466249     0.0315734114  -4.22872113e-05       1.00000201       2.00256555       1.00128479             0.05  0.000625026493  0.00062453068  122
     0.0496261598       0.76246644       0.03157341  -4.24581974e-05       1.00000198       2.00256591       1.00128493             0.05  0.000625026493  0.000625129872  121
     0.0115144557      0.737370513     0.0306475105  -7.08397201e-05       1.00003555       2.00250362       1.00128741             0.05  0.000625026493  0.000625805687  120
     0.0865144571      0.737370283     0.0306475157  -7.09953672e-05       1.00003557       2.00250345       1.00128734             0.05  0.000625026493  0.000624331529  119
     0.0615143345      0.737370161      0.030647514  -7.11578106e-05       1.00003553       2.00250364       1.00128739             0.05  0.000625026493  0.000624850368  118
     0.0365144155      0.737370378     0.0306475197  -7.10746372e-05       1.00003551        2.0025039       1.00128751             0.05  0.000625026493  0.000625441895  117
     0.0986179097      0.712436783     0.0297171281   -5.5845293e-05       1.00009475       2.00247631       1.00133302             0.05  0.000625026493  0.000624190216  116
     0.0736179114      0.712436622      0.029717123   -5.6093359e-05       1.00009476       2.00247628       1.00133302             0.05  0.000625026493  0.000624542732  115
     0.0486177935      0.712436566      0.029717134  -5.61639055e-05       1.00009474        2.0024764       1.00133305             0.05  0.000625026493  0.000625116181  114
     0.0236178642       0.71243673     0.0297171325  -5.59793492e-05       1.00009473       2.00247657       1.00133313             0.05  0.000625026493  0.000625619859  113
     0.0858958442      0.687414988     0.0287698147  -7.11141562e-05       1.00012272       2.00242618       1.00133596             0.05  0.000625026493  0.000624322194  112
     0.0608958518      0.687414959     0.0287698177  -7.12991693e-05       1.00012274       2.00242613       1.00133595             0.05  0.000625026493  0.00062480945  111
      0.035895735      0.687414933     0.0287698247   -7.1166822e-05       1.00012273       2.00242618       1.00133597             0.05  0.000625026493  0.000625365147  110
     0.0108957993      0.687414984     0.0287698198  -7.09336078e-05       1.00012271       2.00242626       1.00133599             0.05  0.000625026493  0.000625705203  109
     0.0733515318      0.662425152     0.0278123847  -6.69311879e-05       1.00014267       2.00237482       1.00133025             0.05  0.000625026493  0.000624539627  108
     0.0483515422      0.662425211     0.0278123901  -6.70102764e-05       1.00014269       2.00237474       1.00133023             0.05  0.000625026493  0.000625076279  107
     0.0233514284      0.662425138     0.0278123932  -6.67882756e-05       1.00014269       2.00237471       1.00133022             0.05  0.000625026493  0.000625547723  106
     0.0983514876      0.662425083     0.0278124006   -6.6668535e-05       1.00014267       2.00237475       1.00133021             0.05  0.000625026493  0.000624209843  105
     0.0609907198      0.637441557     0.0268426352  -6.83339855e-05       1.00015934       2.00232601       1.00132253             0.05  0.000625026493  0.000624795474  104
     0.0359907308      0.637441655       0.02684264  -6.82380024e-05       1.00015938       2.00232588        1.0013225             0.05  0.000625026493  0.000625313874  103
     0.0109906222       0.63744149     0.0268426368  -6.79846379e-05       1.00015937       2.00232577       1.00132244             0.05  0.000625026493  0.000625631386  102
     0.0859906717       0.63744138      0.026842645   -6.8129184e-05       1.00015934       2.00232593       1.00132249             0.05  0.000625026493  0.000624340972  101
     0.0487932767      0.612435045     0.0258605186  -6.97685268e-05       1.00015603       2.00226255       1.00128748             0.05  0.000625026493  0.000625057654  100
     0.0237932879      0.612435107      0.025860522  -6.95825434e-05       1.00015606       2.00226236       1.00128742             0.05  0.000625026493  0.000625496036  99
     0.0987931862      0.612434836     0.0258605287  -6.94422166e-05       1.00015605       2.00226221       1.00128734             0.05  0.000625026493  0.00062425235  98
      0.073793226      0.612434786      0.025860525  -6.96715548e-05       1.00015602        2.0022625       1.00128745             0.05  0.000625026493  0.00062455869  97
     0.0367688194      0.587454409     0.0248689859  -6.44771882e-05       1.00015443       2.00220537       1.00125729             0.05  0.000625026493  0.000625284297  96
     0.0117688319      0.587454394      0.024868977  -6.42585877e-05       1.00015446       2.00220512       1.00125719             0.05  0.000625026493  0.000625580006  95
     0.0867687324      0.587454074     0.0248689849  -6.43476887e-05       1.00015446       2.00220512       1.00125719             0.05  0.000625026493  0.00062438357  94
     0.0617687685      0.587454117     0.0248689886  -6.45305082e-05       1.00015443       2.00220537       1.00125729             0.05  0.000625026493  0.000624804294  93
     0.0249022037      0.562452827     0.0238667935  -6.45589829e-05        1.0001382        2.0021379        1.0012073             0.05  0.000625026493  0.000625436539  92
     0.0999022215      0.562452714     0.0238667916  -6.44105327e-05       1.00013824       2.00213761       1.00120719             0.05  0.000625026493  0.000624312868  91
     0.0749021214      0.562452457     0.0238667952  -6.45751761e-05       1.00013824       2.00213777       1.00120727             0.05  0.000625026493  0.000624568936  90
     0.0499021549      0.562452576     0.0238668025  -6.46874427e-05       1.00013821       2.00213796       1.00120733             0.05  0.000625026493  0.000625022984  89
     0.0131929496      0.537463172     0.0228569195  -5.81429537e-05       1.00011906       2.00207139       1.00115488             0.05  0.000625026493  0.000625508054  88
     0.0881929697       0.53746301     0.0228569231  -5.81564371e-05        1.0001191       2.00207127       1.00115486             0.05  0.000625026493  0.000624401793  87
     0.0631928729      0.537462851     0.0228569231  -5.83289494e-05       1.00011911       2.00207139       1.00115493             0.05  0.000625026493  0.00062473595  86
     0.0381929022         0.537463      0.022856927  -5.83191419e-05       1.00011906        2.0020715       1.00115494             0.05  0.000625026493  0.000625178375  85
    0.00163386343      0.512467968     0.0218399158  -5.39423487e-05       1.00009401       2.00200265       1.00109544             0.05  0.000625026493  0.00062554299  84
     0.0766338835      0.512467862     0.0218399239  -5.41054072e-05       1.00009407       2.00200269       1.00109551             0.05  0.000625026493  0.000624518701  83
     0.0516337905      0.512467787     0.0218399229  -5.42070192e-05       1.00009406       2.00200275       1.00109552             0.05  0.000625026493  0.00062489794  82
     0.0266338132      0.512467897     0.0218399264  -5.40866972e-05         1.000094       2.00200279       1.00109549             0.05  0.000625026493  0.000625312802  81
     0.0902177804      0.487471622     0.0208172548  -4.78166846e-05       1.00006566       2.00193415        1.0010328             0.05  0.000625026493  0.000624442907  80
     0.0652178017      0.487471617     0.0208172527  -4.80103792e-05        1.0000657       2.00193418       1.00103285             0.05  0.000625026493  0.000624690055  79
     0.0402177101      0.487471584     0.0208172511  -4.80373807e-05       1.00006568       2.00193416       1.00103282             0.05  0.000625026493  0.000625091261  78
     0.0152177281      0.487471613     0.0208172592  -4.78813114e-05       1.00006563       2.00193415       1.00103278             0.05  0.000625026493  0.000625444139  77
     0.0789400698      0.462477499     0.0197902017  -4.15693465e-05       1.00003808       2.00186964       1.00097294             0.05  0.000625026493  0.000624569579  76
     0.0539400931      0.462477586     0.0197901891  -4.17097511e-05       1.00003811        2.0018696       1.00097295             0.05  0.000625026493  0.000624904047  75
     0.0289400003      0.462477531     0.0197901994  -4.16178283e-05       1.00003809       2.00186953       1.00097289             0.05  0.000625026493  0.000625286097  74
    0.00394001806      0.462477458     0.0197902045  -4.14462894e-05       1.00003806       2.00186949       1.00097284             0.05  0.000625026493  0.000625520816  73
     0.0677922361       0.43747955     0.0187584704  -3.60169824e-05       1.00001178       2.00180937       1.00091647             0.05  0.000625026493  0.000624748929  72
     0.0427922594      0.437479693     0.0187584678  -3.60749879e-05        1.0000118       2.00180928       1.00091645             0.05  0.000625026493  0.000625110642  71
     0.0177921664      0.437479568     0.0187584771  -3.59221808e-05       1.00001179       2.00180915       1.00091637             0.05  0.000625026493  0.000625428694  70
     0.0927921833      0.437479419      0.018758478   -3.5833252e-05       1.00001176        2.0018092       1.00091637             0.05  0.000625026493  0.000624528166  69
       0.05676894      0.412482319     0.0177219184  -3.11956624e-05      0.999988689        2.0017551       1.00086623             0.05  0.000625026493  0.000624944811  68
     0.0317689596      0.412482461     0.0177219269  -3.11346871e-05      0.999988712       2.00175494       1.00086617             0.05  0.000625026493  0.000625286798  67
    0.00676887043      0.412482239     0.0177219227  -3.09633898e-05      0.999988696       2.00175478       1.00086607             0.05  0.000625026493  0.000625497125  66
     0.0817688834      0.412482091      0.017721928  -3.10559203e-05      0.999988673       2.00175497       1.00086615             0.05  0.000625026493  0.000624645516  65
     0.0458632161      0.387486465     0.0166798637  -2.50964711e-05      0.999967669        2.0017055       1.00082039             0.05  0.000625026493  0.000625127594  64
     0.0208632303       0.38748655     0.0166798713  -2.49780759e-05       0.99996768       2.00170528       1.00082029             0.05  0.000625026493  0.000625410352  63
     0.0958631461       0.38748624     0.0166798676  -2.48768989e-05      0.999967668       2.00170515       1.00082022             0.05  0.000625026493  0.000624610213  62
     0.0708631555      0.387486169     0.0166798671  -2.50262276e-05      0.999967656       2.00170543       1.00082035             0.05  0.000625026493  0.000624806052  61
     0.0350673044      0.362484073     0.0156313788    -2.236631e-05      0.999951616       2.00166326        1.0007832             0.05  0.000625026493  0.000625277339  60
     0.0100673136      0.362484065     0.0156313739  -2.22235434e-05      0.999951619       2.00166298       1.00078307             0.05  0.000625026493  0.000625464331  59
     0.0850672322      0.362483724     0.0156313766  -2.22821429e-05      0.999951621       2.00166303        1.0007831             0.05  0.000625026493  0.000624712192  58
     0.0600672432      0.362483757     0.0156313737  -2.23996291e-05      0.999951618       2.00166327       1.00078321             0.05  0.000625026493  0.000624976156  57
     0.0243775553        0.3374908     0.0145774944  -1.64304838e-05      0.999933591       2.00162137       1.00074422             0.05  0.000625026493  0.00062537122  56
     0.0993775647      0.337490693     0.0145774915  -1.63277984e-05      0.999933603       2.00162108       1.00074409             0.05  0.000625026493  0.000624683353  55
     0.0743774839      0.337490415     0.0145774914  -1.64355195e-05      0.999933623        2.0016213       1.00074422             0.05  0.000625026493  0.000624840103  54
     0.0493774982      0.337490526     0.0145774915  -1.65105923e-05      0.999933612       2.00162147       1.00074429             0.05  0.000625026493  0.000625118149  53
     0.0137823308      0.312486748     0.0135164964  -1.30728313e-05      0.999924262       2.00159024       1.00071932             0.05  0.000625026493  0.000625404553  52
     0.0887823388      0.312486577      0.013516498  -1.30786662e-05      0.999924291       2.00159013        1.0007193             0.05  0.000625026493  0.00062474658  51
      0.063782264      0.312486397     0.0135164916  -1.31890848e-05      0.999924317       2.00159033       1.00071942             0.05  0.000625026493  0.000624946323  50
     0.0387822782      0.312486556     0.0135164947  -1.31843281e-05      0.999924289       2.00159041       1.00071943             0.05  0.000625026493  0.000625208329  49
    0.00328038267      0.287487256     0.0124500942  -1.21175403e-05        0.9999103       2.00155658       1.00068852             0.05  0.000625026493  0.000625411275  48
     0.0782803861      0.287487114     0.0124500988  -1.22151552e-05      0.999910344       2.00155665        1.0006886             0.05  0.000625026493  0.000624825743  47
     0.0532803198      0.287487028     0.0124500907  -1.22788093e-05      0.999910362        2.0015568       1.00068869             0.05  0.000625026493  0.000625042506  46
     0.0282803303      0.287487171     0.0124500969  -1.22071505e-05      0.999910317       2.00155678       1.00068864             0.05  0.000625026493  0.000625279289  45
     0.0928620957      0.262497715     0.0113785129  -1.90444076e-06      0.999901146       2.00152984       1.00066599             0.05  0.000625026493  0.000624791557  44
     0.0678620997      0.262497646     0.0113785102  -2.01511709e-06      0.999901196       2.00152995       1.00066609             0.05  0.000625026493  0.000624925658  43
     0.0428620365      0.262497622     0.0113785048  -2.04087484e-06      0.999901198       2.00153002       1.00066613             0.05  0.000625026493  0.000625144391  42
     0.0178620444      0.262497707     0.0113785124  -1.95346744e-06      0.999901146       2.00152991       1.00066603             0.05  0.000625026493  0.000625337632  41
     0.0825141969      0.237470688     0.0102983744  -1.17233358e-05       0.99989967       2.00151251       1.00065585             0.05  0.000625026493  0.000624861691  40
     0.0575142084      0.237470725     0.0102983649  -1.17998866e-05      0.999899718       2.00151259       1.00065594             0.05  0.000625026493  0.000625035131  39
     0.0325141451      0.237470723     0.0102983671  -1.17562155e-05      0.999899705       2.00151258       1.00065592             0.05  0.000625026493  0.000625233433  38
    0.00751415319      0.237470703     0.0102983704  -1.16592331e-05      0.999899657       2.00151241       1.00065578             0.05  0.000625026493  0.000625357224  37
     0.0722530888      0.212517266    0.00921949031   7.90793026e-06      0.999878925       2.00147814        1.0006179             0.05  0.000625026493  0.000624957917  36
     0.0472531059      0.212517354    0.00921948645   7.85205249e-06      0.999878961       2.00147816       1.00061795             0.05  0.000625026493  0.000625133879  35
     0.0222530397      0.212517317    0.00921948538   7.91592991e-06       0.99987893       2.00147806       1.00061787             0.05  0.000625026493  0.00062529384  34
     0.0972530528      0.212517232    0.00921948753   7.99246346e-06      0.999878895       2.00147791       1.00061776             0.05  0.000625026493  0.000624858792  33
     0.0620238795      0.187453894    0.00812606565  -7.89219264e-06      0.999897764       2.00148436       1.00063987             0.05  0.000625026493  0.000625014689  32
     0.0370238987      0.187454039    0.00812606623  -7.88869681e-06      0.999897781       2.00148432       1.00063986             0.05  0.000625026493  0.000625172222  31
       0.01202383      0.187453918    0.00812606438  -7.80497993e-06      0.999897744       2.00148413       1.00063973             0.05  0.000625026493  0.0006252899  30
     0.0870238399      0.187453756    0.00812606731  -7.81359447e-06      0.999897729       2.00148416       1.00063973             0.05  0.000625026493  0.000624893756  29
     0.0518910663      0.162516072    0.00704039234   6.78668998e-06      0.999866759       2.00144321       1.00058827             0.05  0.000625026493  0.00062508724  28
     0.0268910771      0.162516193    0.00704039428   6.82391522e-06       0.99986675       2.00144309        1.0005882             0.05  0.000625026493  0.000625221007  27
    0.00189101855      0.162516009    0.00704038986   6.88683199e-06      0.999866724       2.00144284       1.00058805             0.05  0.000625026493  0.000625295712  26
     0.0768910187      0.162515882    0.00704039573   6.83673384e-06      0.999866732       2.00144306       1.00058816             0.05  0.000625026493  0.000624964512  25
     0.0417682182      0.137486343    0.00594199307   1.04151179e-05      0.999889565       2.00145688       1.00061792             0.05  0.000625026493  0.000625123627  24
     0.0167682229      0.137486411     0.0059419948   1.04596869e-05      0.999889544       2.00145669       1.00061781             0.05  0.000625026493  0.000625224953  23
     0.0917681655      0.137486148    0.00594199183   1.05013247e-05      0.999889537       2.00145655       1.00061773             0.05  0.000625026493  0.00062494026  22
     0.0667681643      0.137486098    0.00594199379   1.04445035e-05      0.999889555       2.00145679       1.00061787             0.05  0.000625026493  0.000625009527  21
      0.031691448      0.112430605    0.00483941939   -1.3413902e-05      0.999887374       2.00144809       1.00061134             0.05  0.000625026493  0.000625163511  20
    0.00669144879      0.112430584    0.00483942197  -1.33663064e-05      0.999887357       2.00144784        1.0006112             0.05  0.000625026493  0.000625222498  19
     0.0816913921      0.112430285    0.00483942099  -1.33931156e-05       0.99988737       2.00144788       1.00061123             0.05  0.000625026493  0.000624989152  18
     0.0566913909      0.112430328    0.00483941334  -1.34283726e-05      0.999887388       2.00144809       1.00061135             0.05  0.000625026493  0.000625070216  17
     0.0217210916     0.0876305528    0.00375486085   4.53754405e-05      0.999861731       2.00141749       1.00057038             0.05  0.000625026493  0.000625190819  16
     0.0967210983     0.0876305095    0.00375486151   4.54130508e-05      0.999861721       2.00141724       1.00057024             0.05  0.000625026493  0.000625014096  15
     0.0717210395     0.0876302885       0.00375486   4.53900872e-05      0.999861749        2.0014174       1.00057035             0.05  0.000625026493  0.00062505444  14
     0.0467210498      0.087630348     0.0037548594   4.53638237e-05      0.999861763       2.00141756       1.00057044             0.05  0.000625026493  0.000625126076  13
     0.0115717014     0.0622237542    0.00263302877  -4.72618601e-05      0.999971359       2.00150194       1.00072231             0.05  0.000625026493  0.000625109734  12
     0.0865717001     0.0622235492    0.00263303321  -4.72825752e-05      0.999971365       2.00150184       1.00072227             0.05  0.000625026493  0.000624982132  11
     0.0615716455     0.0622234204    0.00263303008  -4.72998547e-05      0.999971403       2.00150201       1.00072238             0.05  0.000625026493  0.000625022308  10
     0.0365716489     0.0622235882    0.00263302676  -4.72851444e-05        0.9999714       2.00150209       1.00072242             0.05  0.000625026493  0.000625072987  9
    0.00172700467     0.0378663512    0.00149461203    8.4966934e-05      0.999948184       2.00147734       1.00068681             0.05  0.000625026493  0.000625101951  8
     0.0767269994     0.0378662659    0.00149460989   8.49672398e-05      0.999948221        2.0014775       1.00068693             0.05  0.000625026493  0.00062502681  7
     0.0517269578     0.0378661731    0.00149460457   8.49539568e-05      0.999948265       2.00147768       1.00068707             0.05  0.000625026493  0.000625055231  6
     0.0267269501     0.0378662421     0.0014946037   8.49575063e-05      0.999948227       2.00147758       1.00068698             0.05  0.000625026493  0.000625085449  5
     0.0922252719     0.0120089301   0.000451882041  -8.56323264e-05       1.00051867       2.00174139       1.00138982             0.05  0.000625026493  0.000624682943  4
      0.067225268     0.0120088688   0.000451880206  -8.56391899e-05       1.00051873        2.0017419       1.00139013             0.05  0.000625026493  0.00062469108  3
      0.042225217     0.0120089047   0.000451875913  -8.56253132e-05       1.00051874       2.00174204       1.00139021             0.05  0.000625026493  0.000624705323  2
     0.0172252077     0.0120089802   0.000451878006  -8.56173164e-05       1.00051868       2.00174158       1.00138992             0.05  0.000625026493  0.000624718593  1
