title='particle position' 
variables=x, y, Ux, Uy, rho, e, p, h=supportlength/2, m, V, ID 
     0.0700926257      0.987712972     0.0395447819   9.06310835e-05      0.998820179       2.00297544       1.00030614             0.05  0.000625026493  0.00062542577  160
     0.0450925799      0.987712936     0.0395449493   9.04138237e-05      0.998820195        2.0029755       1.00030619             0.05  0.000625026493  0.000625925943  159
     0.0200925013      0.987712881      0.039544928   9.04996222e-05      0.998820473       2.00297653       1.00030698             0.05  0.000625026493  0.000626353451  158
     0.0950926367      0.987712949      0.039544835   9.08766245e-05      0.998820455        2.0029778        1.0003076             0.05  0.000625026493  0.000625095972  157
     0.0623629513      0.962284731      0.038489591  -7.61837992e-05      0.998412282       2.00187728      0.999349433             0.05  0.000625026493  0.000625708642  156
     0.0373629077      0.962284799     0.0384896152  -7.60777345e-05      0.998412372       2.00187729      0.999349527             0.05  0.000625026493  0.000626383399  155
     0.0123628518      0.962284596     0.0384894776  -7.57902696e-05      0.998412505       2.00187838      0.999350201             0.05  0.000625026493  0.000626885493  154
     0.0873630191      0.962284539     0.0384896045  -7.60196109e-05      0.998412413       2.00187976      0.999350799             0.05  0.000625026493  0.000625184525  153
     0.0546530201      0.937510254     0.0372353802    4.1349451e-05      0.998539853       2.00131707      0.999197429             0.05  0.000625026493  0.00062581449  152
      0.029653002      0.937510169     0.0372354289    4.1424599e-05      0.998539873       2.00131683      0.999197328             0.05  0.000625026493  0.000626515597  151
    0.00465288054      0.937509908     0.0372353483   4.16761177e-05      0.998539865       2.00131759      0.999197698             0.05  0.000625026493  0.000626913955  150
      0.079653029       0.93750999     0.0372353778   4.16284593e-05      0.998539847       2.00131892      0.999198344             0.05  0.000625026493  0.000625175808  149
     0.0471156736      0.912329424     0.0359727821  -3.96245274e-05      0.998634381       2.00101532      0.999141349             0.05  0.000625026493  0.000626004243  148
     0.0221156466      0.912329305     0.0359728228  -3.93640145e-05      0.998634298       2.00101485      0.999141029             0.05  0.000625026493  0.000626629258  147
     0.0971154998      0.912328882     0.0359727469  -3.91781348e-05       0.99863426       2.00101537       0.99914125             0.05  0.000625026493  0.000624932598  146
     0.0721156401       0.91232905     0.0359727847  -3.94646437e-05       0.99863434       2.00101663       0.99914196             0.05  0.000625026493  0.000625320143  145
     0.0399297922      0.887349546     0.0347485299  -9.57720048e-06      0.998806725        2.0009051      0.999258736             0.05  0.000625026493  0.000626063366  144
       0.01492977      0.887349387     0.0347485417  -9.26777495e-06        0.9988066        2.0009045       0.99925831             0.05  0.000625026493  0.000626601703  143
     0.0899296374      0.887348924     0.0347485153  -9.14295507e-06      0.998806614       2.00090503      0.999258588             0.05  0.000625026493  0.00062490179  142
     0.0649297404      0.887349126     0.0347485209  -9.47713492e-06      0.998806739       2.00090612       0.99925926             0.05  0.000625026493  0.000625391401  141
     0.0330156987      0.862322458     0.0335256347  -2.49484086e-05      0.999010572       2.00088161      0.999450942             0.05  0.000625026493  0.000626027495  140
     0.0080156696      0.862322231     0.0335256601  -2.46286227e-05      0.999010453       2.00088098      0.999450506             0.05  0.000625026493  0.000626493796  139
     0.0830155368      0.862321774     0.0335256202  -2.47207087e-05      0.999010534       2.00088157      0.999450884             0.05  0.000625026493  0.000624856611  138
     0.0580156319      0.862322039     0.0335256218  -2.50198321e-05      0.999010654       2.00088249      0.999451464             0.05  0.000625026493  0.000625380106  137
     0.0263678049      0.837277242     0.0323195895  -4.07180404e-05      0.999160854       2.00084487      0.999582932             0.05  0.000625026493  0.000626058213  136
    0.00136777998      0.837276974     0.0323195945  -4.04423104e-05      0.999160772       2.00084425      0.999582545             0.05  0.000625026493  0.000626404274  135
     0.0763676589      0.837276567     0.0323195622  -4.07291883e-05      0.999160912       2.00084493      0.999583022             0.05  0.000625026493  0.00062488711  134
     0.0513677419      0.837276852     0.0323195447  -4.09281616e-05      0.999160994       2.00084566      0.999583471             0.05  0.000625026493  0.000625445033  133
     0.0199876483      0.812280228     0.0311451334   -3.8168741e-05      0.999344378       2.00087047      0.999779329             0.05  0.000625026493  0.000626079786  132
     0.0949876345      0.812279946     0.0311450979  -3.79237867e-05      0.999344337       2.00087001      0.999779056             0.05  0.000625026493  0.00062461813  131
     0.0699875145      0.812279597     0.0311451028  -3.82247037e-05        0.9993445       2.00087063      0.999779531             0.05  0.000625026493  0.000624951702  130
     0.0449875897      0.812279889      0.031145084  -3.83944065e-05      0.999344541        2.0008712      0.999779856             0.05  0.000625026493  0.000625540876  129
     0.0138457978      0.787248829     0.0299903119  -6.02752906e-05      0.999503643       2.00089467      0.999950755             0.05  0.000625026493  0.000626052009  128
      0.088845791      0.787248544     0.0299902896  -6.02258143e-05      0.999503651       2.00089438      0.999950616             0.05  0.000625026493  0.000624582875  127
     0.0638456841      0.787248279     0.0299902562  -6.05330849e-05      0.999503809       2.00089491      0.999951043             0.05  0.000625026493  0.000625005978  126
     0.0388457497      0.787248564     0.0299902642  -6.05731372e-05      0.999503802       2.00089532      0.999951242             0.05  0.000625026493  0.000625585629  125
    0.00793862072      0.762244626     0.0288702039  -6.48807381e-05      0.999663002       2.00093741       1.00013155             0.05  0.000625026493  0.000625968252  124
     0.0829386231      0.762244373     0.0288701731  -6.49597639e-05      0.999663061       2.00093728       1.00013154             0.05  0.000625026493  0.000624555836  123
     0.0579385273       0.76224417     0.0288701324   -6.5242311e-05      0.999663193       2.00093772       1.00013189             0.05  0.000625026493  0.000625007376  122
     0.0329385817      0.762244423      0.028870151  -6.51684145e-05      0.999663134       2.00093798       1.00013197             0.05  0.000625026493  0.000625564869  121
    0.00224698215       0.73723474     0.0277794698  -8.00823509e-05      0.999814707       2.00098787       1.00030855             0.05  0.000625026493  0.000625872219  120
     0.0772469902      0.737234539     0.0277794537  -8.02908303e-05      0.999814798       2.00098788       1.00030865             0.05  0.000625026493  0.00062457244  119
     0.0522469094      0.737234396     0.0277794003  -8.04939445e-05      0.999814889        2.0009882        1.0003089             0.05  0.000625026493  0.00062504941  118
     0.0272469525      0.737234603     0.0277794416  -8.03267905e-05      0.999814798       2.00098836       1.00030889             0.05  0.000625026493  0.000625574219  117
     0.0967580823      0.712229377     0.0267190955  -9.08246944e-05      0.999947558       2.00103247       1.00046377             0.05  0.000625026493  0.000624360112  116
       0.07175809      0.712229234     0.0267191143  -9.10427466e-05      0.999947658       2.00103252       1.00046389             0.05  0.000625026493  0.000624644328  115
     0.0467580248      0.712229137     0.0267190651  -9.12075293e-05       0.99994771       2.00103275       1.00046406             0.05  0.000625026493  0.000625147277  114
     0.0217580539      0.712229292     0.0267191085  -9.10247985e-05       0.99994761       2.00103283         1.000464             0.05  0.000625026493  0.000625607432  113
     0.0914591908      0.687229745     0.0256856035  -9.99364935e-05       1.00006792       2.00107552       1.00060572             0.05  0.000625026493  0.000624335446  112
      0.066459198      0.687229659     0.0256856002  -0.000100161494       1.00006802       2.00107556       1.00060583             0.05  0.000625026493  0.000624695888  111
     0.0414591434      0.687229592     0.0256855775  -0.000100243562       1.00006804        2.0010757       1.00060592             0.05  0.000625026493  0.00062519219  110
     0.0164591635      0.687229693     0.0256855982    -0.0001000226       1.00006794       2.00107573       1.00060584             0.05  0.000625026493  0.000625592396  109
     0.0863373736       0.66222991     0.0246745231  -0.000108975129       1.00016784       2.00110736       1.00072161             0.05  0.000625026493  0.000624317903  108
     0.0613373815       0.66222988      0.024674526  -0.000109186778       1.00016792       2.00110738        1.0007217             0.05  0.000625026493  0.000624688347  107
     0.0363373339      0.662229828     0.0246745114  -0.000109195247       1.00016791       2.00110744       1.00072172             0.05  0.000625026493  0.000625166382  106
     0.0113373482      0.662229872     0.0246745221    -0.0001089762       1.00016783       2.00110744       1.00072164             0.05  0.000625026493  0.000625531983  105
     0.0813820474      0.637234287      0.023681944  -0.000114553456       1.00025186       2.00113117       1.00081759             0.05  0.000625026493  0.000624312932  104
     0.0563820557      0.637234305      0.023681941  -0.000114736518       1.00025192       2.00113116       1.00081764             0.05  0.000625026493  0.000624683257  103
     0.0313820129      0.637234254     0.0236819333  -0.000114685861       1.00025189       2.00113115       1.00081761             0.05  0.000625026493  0.000625140724  102
    0.00638202235      0.637234247     0.0236819468  -0.000114489387       1.00025183       2.00113114       1.00081754             0.05  0.000625026493  0.000625470512  101
     0.0765828576      0.612239689     0.0227036716  -0.000119848193       1.00032139       2.00114722       1.00089518             0.05  0.000625026493  0.000624360694  100
     0.0515828694      0.612239746     0.0227036491  -0.000119978799       1.00032143       2.00114717        1.0008952             0.05  0.000625026493  0.000624748009  99
     0.0265828274      0.612239682     0.0227036635   -0.00011987582       1.00032138       2.00114711       1.00089512             0.05  0.000625026493  0.000625174753  98
    0.00158283435       0.61223963      0.022703662  -0.000119713025       1.00032134        2.0011471       1.00089507             0.05  0.000625026493  0.00062541846  97
     0.0719305542      0.587246788     0.0217368651  -0.000123275417       1.00037789       2.00115609       1.00095615             0.05  0.000625026493  0.000624453367  96
     0.0469305709      0.587246875     0.0217368438  -0.000123382059        1.0003779       2.00115601       1.00095612             0.05  0.000625026493  0.000624860129  95
      0.021930527      0.587246793     0.0217368625  -0.000123269561       1.00037784        2.0011559       1.00095601             0.05  0.000625026493  0.000625232488  94
     0.0969305345      0.587246704     0.0217368492  -0.000123135183       1.00037783       2.00115593       1.00095602             0.05  0.000625026493  0.000624224594  93
     0.0674165058      0.562255335     0.0207792745  -0.000125543429       1.00042406       2.00115974       1.00100417             0.05  0.000625026493  0.000624527863  92
     0.0424165245      0.562255443     0.0207792709  -0.000125591735       1.00042404       2.00115962        1.0010041             0.05  0.000625026493  0.000624928624  91
     0.0174164803      0.562255335     0.0207792744  -0.000125447291       1.00042398       2.00115949       1.00100398             0.05  0.000625026493  0.00062525274  90
      0.092416487      0.562255224     0.0207792771  -0.000125392105         1.000424       2.00115958       1.00100403             0.05  0.000625026493  0.000624236717  89
     0.0630324921      0.537264711     0.0198292853   -0.00012682384       1.00046073       2.00115843       1.00104021             0.05  0.000625026493  0.000624547514  88
      0.038032511      0.537264827     0.0198292864  -0.000126825327        1.0004607       2.00115829       1.00104011             0.05  0.000625026493  0.000624932244  87
      0.013032469      0.537264691     0.0198292759  -0.000126675999       1.00046065       2.00115813       1.00103998             0.05  0.000625026493  0.000625227731  86
     0.0880324744       0.53726457      0.019829275  -0.000126675042       1.00046067       2.00115828       1.00104008             0.05  0.000625026493  0.000624249627  85
     0.0587707713       0.51227505     0.0188855743  -0.000126893308       1.00048952       2.00115328       1.00106645             0.05  0.000625026493  0.000624544542  84
       0.03377079      0.512275167     0.0188855756  -0.000126868349        1.0004895       2.00115311       1.00106633             0.05  0.000625026493  0.000624911136  83
    0.00877075103      0.512275001     0.0188855608  -0.000126727632       1.00048944       2.00115294       1.00106619             0.05  0.000625026493  0.000625191229  82
     0.0837707558       0.51227488     0.0188855602  -0.000126753809       1.00048947       2.00115313       1.00106632             0.05  0.000625026493  0.000624259542  81
      0.054623925      0.487285979     0.0179470244  -0.000126099335       1.00051154       2.00114494       1.00108431             0.05  0.000625026493  0.000624565019  80
     0.0296239425      0.487286089     0.0179470297  -0.000126045546       1.00051151       2.00114475       1.00108418             0.05  0.000625026493  0.000624911277  79
    0.00462390546      0.487285895      0.017947023  -0.000125919178       1.00051146       2.00114457       1.00108404             0.05  0.000625026493  0.000625162114  78
     0.0796239102      0.487285783     0.0179470193  -0.000125978994        1.0005115       2.00114481       1.00108419             0.05  0.000625026493  0.000624284273  77
     0.0505848562      0.462297404     0.0170127886  -0.000124371317       1.00052771       2.00113399         1.001095             0.05  0.000625026493  0.000624636625  76
     0.0255848697      0.462297498     0.0170128082  -0.000124286257       1.00052767       2.00113377       1.00109486             0.05  0.000625026493  0.000624955123  75
   0.000584836635      0.462297282     0.0170127909  -0.000124183344       1.00052764       2.00113359       1.00109473             0.05  0.000625026493  0.000625138259  74
     0.0755848391      0.462297188     0.0170127972  -0.000124286066       1.00052768       2.00113388       1.00109492             0.05  0.000625026493  0.000624348191  73
     0.0466467612      0.437309201     0.0160821182  -0.000121806562       1.00053899       2.00112104       1.00109981             0.05  0.000625026493  0.000624739334  72
     0.0216467696      0.437309276     0.0160821422  -0.000121718756       1.00053894       2.00112081       1.00109965             0.05  0.000625026493  0.000625013693  71
      0.096646741      0.437309039     0.0160821238  -0.000121631991       1.00053893       2.00112068       1.00109957             0.05  0.000625026493  0.000624273163  70
     0.0716467414      0.437308969     0.0160821273  -0.000121735438       1.00053898       2.00112096       1.00109976             0.05  0.000625026493  0.000624440074  69
     0.0428030671      0.412321232     0.0151545145  -0.000118466122       1.00054611       2.00110657        1.0010997             0.05  0.000625026493  0.000624806146  68
     0.0178030721      0.412321283     0.0151545302  -0.000118356537       1.00054606       2.00110632       1.00109952             0.05  0.000625026493  0.000625042652  67
     0.0928030448      0.412321036     0.0151545259  -0.000118323644       1.00054607       2.00110625        1.0010995             0.05  0.000625026493  0.000624302604  66
     0.0678030468      0.412320991      0.015154512  -0.000118436124       1.00054612       2.00110652       1.00109969             0.05  0.000625026493  0.000624514351  65
     0.0390473898      0.387333413     0.0142296936   -0.00011440136        1.0005498       2.00109104       1.00109562             0.05  0.000625026493  0.00062482192  64
      0.014047393      0.387333437     0.0142297008   -0.00011428782       1.00054974       2.00109077       1.00109543             0.05  0.000625026493  0.000625034551  63
     0.0890473669      0.387333189     0.0142296942  -0.000114295257       1.00054977       2.00109077       1.00109545             0.05  0.000625026493  0.000624331097  62
     0.0640473699      0.387333172     0.0142296879  -0.000114406854       1.00054982       2.00109102       1.00109563             0.05  0.000625026493  0.000624545597  61
     0.0353735298      0.362345681     0.0133073546  -0.000109653405       1.00055065       2.00107485       1.00108837             0.05  0.000625026493  0.000624816708  60
     0.0103735331      0.362345677     0.0133073556  -0.000109548021        1.0005506       2.00107457       1.00108818             0.05  0.000625026493  0.000625014665  59
     0.0853735081      0.362345433     0.0133073491  -0.000109576035       1.00055062        2.0010746       1.00108822             0.05  0.000625026493  0.00062435658  58
     0.0603735104      0.362345443     0.0133073481  -0.000109679086       1.00055068       2.00107484       1.00108839             0.05  0.000625026493  0.000624558242  57
     0.0317754609      0.337357944     0.0123872234  -0.000104284997       1.00054928       2.00105839       1.00107877             0.05  0.000625026493  0.000624823439  56
    0.00677546439      0.337357914     0.0123872252  -0.000104193051       1.00054923       2.00105811       1.00107858             0.05  0.000625026493  0.000624997121  55
     0.0817754404      0.337357677     0.0123872185  -0.000104241301       1.00054925       2.00105817       1.00107863             0.05  0.000625026493  0.000624390736  54
     0.0567754419      0.337357713     0.0123872158  -0.000104328204        1.0005493        2.0010584       1.00107879             0.05  0.000625026493  0.000624584562  53
     0.0282473171       0.31237016     0.0114690767  -9.83675943e-05       1.00054608       2.00104188        1.0010673             0.05  0.000625026493  0.00062485694  52
     0.0032473205      0.312370105     0.0114690686  -9.82947719e-05       1.00054603       2.00104159       1.00106711             0.05  0.000625026493  0.000624981504  51
     0.0782472976      0.312369881      0.011469071  -9.83674335e-05       1.00054605       2.00104169       1.00106718             0.05  0.000625026493  0.000624449181  50
     0.0532472992      0.312369941     0.0114690623  -9.84289682e-05        1.0005461        2.0010419       1.00106733             0.05  0.000625026493  0.000624642599  49
     0.0247833758      0.287382363     0.0105526511  -9.17983487e-05        1.0005416       2.00102572       1.00105474             0.05  0.000625026493  0.00062489817  48
     0.0997833815      0.287382287     0.0105526425  -9.17378886e-05       1.00054157       2.00102543       1.00105456             0.05  0.000625026493  0.000624415564  47
     0.0747833572      0.287382084     0.0105526444  -9.18093538e-05       1.00054159       2.00102558       1.00105466             0.05  0.000625026493  0.000624523032  46
     0.0497833613      0.287382162     0.0105526369  -9.18599077e-05       1.00054163       2.00102576       1.00105479             0.05  0.000625026493  0.000624718426  45
     0.0213780643      0.262394277    0.00963776177  -8.49789603e-05       1.00053622       2.00101012       1.00104155             0.05  0.000625026493  0.000624917908  44
     0.0963780721      0.262394182    0.00963776295  -8.49515453e-05        1.0005362       2.00100988       1.00104141             0.05  0.000625026493  0.000624448141  43
     0.0713780471      0.262394002    0.00963775351  -8.50272003e-05       1.00053623       2.00101002       1.00104152             0.05  0.000625026493  0.000624582243  42
     0.0463780534      0.262394096    0.00963775366  -8.50522404e-05       1.00053626       2.00101018       1.00104162             0.05  0.000625026493  0.00062476752  41
     0.0180259619      0.237406363    0.00872438213  -7.73816554e-05       1.00053001       2.00099501       1.00102778             0.05  0.000625026493  0.000624911158  40
     0.0930259688      0.237406258     0.0087243826  -7.73769191e-05       1.00053001       2.00099483       1.00102769             0.05  0.000625026493  0.000624479385  39
     0.0680259468      0.237406104    0.00872437357  -7.74501735e-05       1.00053004       2.00099497       1.00102779             0.05  0.000625026493  0.000624611383  38
     0.0430259533      0.237406207    0.00872437502   -7.7455456e-05       1.00053005       2.00099509       1.00102786             0.05  0.000625026493  0.000624780896  37
     0.0147216532      0.212418008    0.00781227144  -6.95736983e-05       1.00052417       2.00098151       1.00101518             0.05  0.000625026493  0.000624893885  36
     0.0897216592      0.212417898    0.00781227185  -6.95802948e-05       1.00052418       2.00098138       1.00101513             0.05  0.000625026493  0.000624506653  35
       0.06472164      0.212417771    0.00781226262  -6.96468388e-05       1.00052422       2.00098151       1.00101524             0.05  0.000625026493  0.00062462566  34
     0.0397216464      0.212417878    0.00781226438   -6.9641044e-05       1.00052421        2.0009816       1.00101527             0.05  0.000625026493  0.000624777389  33
     0.0114599528      0.187429422    0.00690132879  -6.18582834e-05       1.00051733       2.00096811       1.00100163             0.05  0.000625026493  0.000624875549  32
     0.0864599579      0.187429312    0.00690132918  -6.18709578e-05       1.00051735       2.00096802       1.00100161             0.05  0.000625026493  0.000624533409  31
     0.0614599409      0.187429212    0.00690132003   -6.1929063e-05       1.00051738       2.00096814       1.00100171             0.05  0.000625026493  0.000624638691  30
      0.036459947      0.187429319    0.00690132181  -6.19175374e-05       1.00051737       2.00096822       1.00100173             0.05  0.000625026493  0.000624772732  29
    0.00823565996      0.162441893    0.00599140289  -5.20506589e-05       1.00051161       2.00095684       1.00099027             0.05  0.000625026493  0.000624856837  28
     0.0832356638      0.162441784     0.0059914035  -5.20649567e-05       1.00051162       2.00095679       1.00099026             0.05  0.000625026493  0.000624559966  27
     0.0582356482       0.16244171    0.00599139586  -5.21147116e-05       1.00051166        2.0009569       1.00099036             0.05  0.000625026493  0.000624651535  26
     0.0332356543      0.162441815    0.00599139756  -5.21011919e-05       1.00051165       2.00095696       1.00099037             0.05  0.000625026493  0.000624767939  25
    0.00504354281      0.137451027    0.00508203993  -4.56533853e-05       1.00050614       2.00094678       1.00097976             0.05  0.000625026493  0.000624838847  24
      0.080043545      0.137450922    0.00508204033  -4.56729836e-05       1.00050615       2.00094676       1.00097977             0.05  0.000625026493  0.000624589181  23
     0.0550435309      0.137450872     0.0050820338  -4.57122012e-05       1.00050618       2.00094686       1.00097986             0.05  0.000625026493  0.000624668803  22
     0.0300435369      0.137450974    0.00508203574  -4.56948072e-05       1.00050617       2.00094691       1.00097987             0.05  0.000625026493  0.000624766941  21
    0.00187906379      0.112465673    0.00417365216  -3.37524971e-05       1.00049593       2.00093274       1.00096253             0.05  0.000625026493  0.000624823829  20
     0.0768790638      0.112465579    0.00417365585  -3.37755373e-05       1.00049595       2.00093276       1.00096256             0.05  0.000625026493  0.000624627869  19
     0.0518790515      0.112465549    0.00417364835  -3.38023097e-05       1.00049598       2.00093285       1.00096264             0.05  0.000625026493  0.000624697476  18
     0.0268790559      0.112465641    0.00417365158  -3.37823076e-05       1.00049597       2.00093288       1.00096264             0.05  0.000625026493  0.000624775923  17
     0.0987371853     0.0874734536    0.00326644265  -2.64182192e-05       1.00048852       2.00092226       1.00094988             0.05  0.000625026493  0.000624636809  16
     0.0737371812     0.0874733719    0.00326644537  -2.64388004e-05       1.00048854       2.00092231       1.00094992             0.05  0.000625026493  0.000624667088  15
     0.0487371722     0.0874733573    0.00326643905  -2.64589274e-05       1.00048857       2.00092238       1.00094998             0.05  0.000625026493  0.000624726792  14
     0.0237371748     0.0874734382    0.00326644145  -2.64414094e-05       1.00048855        2.0009224       1.00094997             0.05  0.000625026493  0.000624782973  13
     0.0956055807     0.0624838195    0.00235084655  -1.98091588e-05       1.00042652       2.00086857       1.00086099             0.05  0.000625026493  0.000624700335  12
      0.070605574     0.0624837531    0.00235084559  -1.98284066e-05       1.00042654       2.00086862       1.00086104             0.05  0.000625026493  0.000624732519  11
     0.0456055685     0.0624837506    0.00235084322  -1.98378574e-05       1.00042656       2.00086867       1.00086108             0.05  0.000625026493  0.000624777711  10
     0.0206055698     0.0624838181    0.00235084339  -1.98187408e-05       1.00042654       2.00086867       1.00086106             0.05  0.000625026493  0.00062481447  9
     0.0925339173     0.0375041388    0.00147600065   6.88963531e-08       1.00026771       2.00074076       1.00063819             0.05  0.000625026493  0.000624822713  8
      0.067533908     0.0375040986     0.0014759985   5.79963689e-08       1.00026773       2.00074084       1.00063825             0.05  0.000625026493  0.000624846166  7
     0.0425338988     0.0375041019    0.00147599589   5.54289241e-08       1.00026774       2.00074087       1.00063827             0.05  0.000625026493  0.000624875283  6
     0.0175338966     0.0375041421    0.00147599401   6.58418963e-08       1.00026772       2.00074081       1.00063822             0.05  0.000625026493  0.00062489678  5
     0.0892963114     0.0124859699   0.000534883608  -1.42857663e-05       1.00021666       2.00066496       1.00054921             0.05  0.000625026493  0.000624873165  4
     0.0642963034     0.0124859426   0.000534881515   -1.4293146e-05       1.00021669       2.00066513       1.00054933             0.05  0.000625026493  0.000624885565  3
      0.039296289     0.0124859477   0.000534877518  -1.42913393e-05       1.00021669       2.00066512       1.00054932             0.05  0.000625026493  0.000624900218  2
     0.0142962905      0.012485977   0.000534877264  -1.42828341e-05       1.00021666       2.00066497       1.00054922             0.05  0.000625026493  0.000624910785  1
