title='particle position' 
variables=x, y, Ux, Uy, rho, e, p, h=supportlength/2, m, V, ID 
     0.0236979082      0.011002846   0.000381433918  -7.51913123e-05       1.00034991       2.00404257        1.0023719             0.05  0.000625026514  0.000624824072  160
     0.0486978112     0.0110027874   0.000381431158  -7.51794363e-05       1.00034998       2.00404266       1.00237202             0.05  0.000625026648  0.000624813436  159
     0.0736979036     0.0110024157   0.000381437963  -7.52145005e-05       1.00035002       2.00404252       1.00237198             0.05  0.000625026679  0.000624800773  158
     0.0986978485      0.011002455   0.000381428081   -7.5228136e-05       1.00034994       2.00404241       1.00237186             0.05  0.000625026543  0.000624791224  157
     0.0464532955     0.0388454757    0.00140373415   7.85623978e-05       1.00025597       2.00400208       1.00225753             0.05  0.000625026635  0.000624880125  156
     0.0714533931     0.0388456937     0.0014037439   7.86023638e-05         1.000256       2.00400205       1.00225754             0.05  0.000625026693  0.000624850626  155
     0.0964533891     0.0388458347    0.00140374287   7.86178124e-05       1.00025598       2.00400189       1.00225744             0.05  0.00062502658  0.00062482843  154
     0.0214533966     0.0388455869    0.00140373617   7.85757353e-05       1.00025595       2.00400196       1.00225744             0.05  0.000625026524  0.000624904026  153
     0.0695470941     0.0613226903    0.00241059879   -7.7981784e-05       1.00048022       2.00419859       1.00258052             0.05  0.000625027265  0.0006247015  152
     0.0945470728     0.0613226339    0.00241060121  -7.79519209e-05       1.00048019       2.00419849       1.00258044             0.05  0.000625027248  0.000624666606  151
     0.0195470723     0.0613229873    0.00241060524  -7.79227378e-05       1.00048017       2.00419846       1.00258041             0.05  0.000625027149  0.000624785079  150
     0.0445470901     0.0613230395     0.0024106072  -7.79557432e-05       1.00048019       2.00419851       1.00258045             0.05  0.000625027177  0.000624747734  149
     0.0916829306     0.0883235532    0.00345061899   7.84065012e-05       1.00033018       2.00403119       1.00234644             0.05  0.000625027574  0.000624732545  148
     0.0166829485      0.088323578    0.00345062084   7.83514804e-05       1.00033018       2.00403123       1.00234646             0.05  0.000625027484  0.000624905955  147
     0.0416829097     0.0883233533    0.00345061097   7.83187447e-05       1.00033021       2.00403108       1.00234641             0.05  0.000625027405  0.000624852285  146
      0.066682939     0.0883233528    0.00345062126   7.83583758e-05       1.00033019       2.00403113       1.00234642             0.05  0.000625027502  0.000624784604  145
     0.0148002887      0.111887565    0.00447553052    -5.346136e-05       1.00051542       2.00421467       1.00262384             0.05  0.000625025113  0.000624813314  144
     0.0398002473      0.111887575    0.00447553207  -5.34793801e-05       1.00051541       2.00421458       1.00262378             0.05  0.000625025082  0.000624744442  143
     0.0648003287      0.111887408    0.00447551978  -5.35174444e-05       1.00051542       2.00421463       1.00262382             0.05  0.000625025162  0.000624657766  142
      0.089800257      0.111887384    0.00447552193  -5.35017593e-05       1.00051541       2.00421462       1.00262381             0.05  0.00062502519  0.000624591344  141
     0.0373456079      0.137733705    0.00553118059   5.80862799e-05       1.00033532         2.004031        1.0023515             0.05  0.000625023006  0.000624867486  140
     0.0623455775      0.137733613    0.00553118287   5.80871827e-05       1.00033529         2.004031       1.00235146             0.05  0.000625023097  0.000624759877  139
     0.0873455953      0.137733775    0.00553118128   5.81698307e-05       1.00033532       2.00403076       1.00235138             0.05  0.000625022953  0.000624676593  138
     0.0123455896      0.137733889    0.00553118434   5.81400145e-05       1.00033534       2.00403075       1.00235139             0.05  0.000625022843  0.000624952436  137
     0.0602650221      0.162377244    0.00657699477   -7.4915635e-06       1.00040177       2.00411031       1.00245775             0.05  0.000625025462  0.000624708611  136
     0.0852649339      0.162377188    0.00657698382  -7.44569625e-06       1.00040179        2.0041097       1.00245747             0.05  0.000625025108  0.000624609794  135
     0.0102650361      0.162377231    0.00657698177   -7.4573387e-06       1.00040181       2.00410956       1.00245742             0.05  0.000625024923  0.000624937209  134
     0.0352649542      0.162377404    0.00657698616    -7.484378e-06       1.00040176       2.00411015       1.00245766             0.05  0.000625025275  0.000624836426  133
     0.0831462237      0.187339827    0.00763697262   2.74673567e-05       1.00034218       2.00405514       1.00237045             0.05  0.000625027624  0.000624621864  132
    0.00814620781      0.187339966    0.00763696482   2.74654613e-05        1.0003422       2.00405485       1.00237032             0.05  0.000625027369  0.000625001843  131
     0.0331462447      0.187339911    0.00763695946   2.74012529e-05       1.00034218       2.00405543       1.00237059             0.05  0.000625027628  0.000624884977  130
      0.058146153      0.187339644    0.00763696237   2.73747664e-05       1.00034214       2.00405567       1.00237067             0.05  0.000625027918  0.000624736766  129
    0.00600377618      0.212603007    0.00869456331   3.61208221e-05       1.00029547       2.00402121       1.00230667             0.05  0.000625027551  0.000625058372  128
     0.0310038029      0.212603598    0.00869457317   3.60026621e-05       1.00029542       2.00402129       1.00230666             0.05  0.000625027455  0.000624925423  127
     0.0560038269      0.212603384    0.00869455289   3.60358394e-05       1.00029542       2.00402123       1.00230663             0.05  0.00062502749  0.000624756318  126
     0.0810037786      0.212603445    0.00869457394    3.6103834e-05       1.00029547       2.00402125        1.0023067             0.05  0.00062502759  0.000624624994  125
     0.0290844905      0.237214895    0.00975441097    9.1311729e-06       1.00031923       2.00405348       1.00234662             0.05  0.000625026371  0.000624922534  124
     0.0540844379      0.237214501    0.00975439798   9.08378479e-06       1.00031926        2.0040531       1.00234646             0.05  0.00062502612  0.000624732697  123
     0.0790844911      0.237214531     0.0097543967   9.17154115e-06       1.00031925       2.00405328       1.00234653             0.05  0.000625026381  0.000624586085  122
    0.00408450691      0.237214775    0.00975440919   9.22060943e-06       1.00031926       2.00405359       1.00234671             0.05  0.000625026617  0.000625070121  121
     0.0520494465      0.262597342     0.0108209672   5.77352053e-05       1.00023394       2.00398404       1.00222643             0.05  0.000625026415  0.000624797481  120
     0.0770493981      0.262597294     0.0108209756    5.7831012e-05         1.000234       2.00398413       1.00222653             0.05  0.000625026577  0.000624628056  119
    0.00204938344      0.262597093     0.0108209757   5.78105317e-05       1.00023395       2.00398407       1.00222646             0.05  0.000625026677  0.000625153818  118
     0.0270493665      0.262597165     0.0108209646    5.7728901e-05       1.00023397       2.00398413        1.0022265             0.05  0.000625026516  0.000625005106  117
     0.0752517384      0.287261594     0.0118826606   1.29737515e-05        1.0002664       2.00403938       1.00228662             0.05  0.000625027686  0.000624628009  116
   0.000251801704      0.287261937      0.011882684   1.31001505e-05        1.0002664       2.00403905       1.00228646             0.05  0.000625027629  0.000625164027  115
     0.0252517985      0.287262134     0.0118826659   1.30291383e-05       1.00026637       2.00403904       1.00228642             0.05  0.000625027468  0.000625046184  114
     0.0502517949      0.287261929     0.0118826738   1.29320587e-05       1.00026641       2.00403934       1.00228662             0.05  0.000625027506  0.000624828208  113
     0.0984196486      0.312495454     0.0129544244   5.91682645e-05       1.00020106       2.00399533       1.00219912             0.05  0.000625028733  0.000624572186  112
     0.0234195705      0.312495015     0.0129543847   5.91122697e-05       1.00020104       2.00399562       1.00219925             0.05  0.000625028802  0.000625169034  111
     0.0484196712      0.312495482     0.0129544211   5.90149268e-05       1.00020104       2.00399563       1.00219925             0.05  0.000625028655  0.000624953129  110
     0.0734196229      0.312495296     0.0129544003   5.91143198e-05       1.00020107       2.00399539       1.00219916             0.05  0.000625028584  0.000624712885  109
     0.0217467498      0.337347332     0.0140200573   3.01827872e-05       1.00020025       2.00401297       1.00220714             0.05  0.00062502776  0.00062523514  108
     0.0467467602      0.337347305     0.0140200815   3.00630718e-05       1.00020025       2.00401285       1.00220708             0.05  0.000625027545  0.000625015978  107
      0.071746691       0.33734689     0.0140200645    3.0062877e-05       1.00020029        2.0040121       1.00220674             0.05  0.000625027076  0.000624746075  106
     0.0967467802      0.337347083     0.0140200514   3.02027162e-05       1.00020026       2.00401217       1.00220675             0.05  0.00062502732  0.000624548516  105
     0.0451415312      0.362406824     0.0150918753   5.27492829e-05       1.00016768       2.00399806       1.00216704             0.05  0.000625024718  0.000625064528  104
     0.0701416236      0.362406742     0.0150918818    5.2775063e-05       1.00016766       2.00399742       1.00216671             0.05  0.000625024308  0.00062477081  103
     0.0951415474      0.362406757     0.0150918605    5.2915339e-05        1.0001677       2.00399723       1.00216665             0.05  0.000625024337  0.000624543395  102
     0.0201416238      0.362406746     0.0150918646   5.28567424e-05       1.00016768       2.00399792       1.00216698             0.05  0.000625024749  0.00062529452  101
     0.0686419664      0.387397166     0.0161598934   4.72364469e-05       1.00013649       2.00399032       1.00213192             0.05  0.000625023219  0.000624781603  100
     0.0936420066      0.387397167      0.016159891   4.74058009e-05        1.0001365          2.00399       1.00213177             0.05  0.000625023187  0.000624536303  99
     0.0186419893      0.387397402     0.0161598868   4.74024132e-05       1.00013652       2.00399025       1.00213192             0.05  0.000625023315  0.000625342221  98
     0.0436420197      0.387397452     0.0161599014   4.72497616e-05       1.00013649       2.00399042       1.00213197             0.05  0.000625023339  0.000625095682  97
     0.0922643056      0.412364405     0.0172275845   4.85515764e-05       1.00011985       2.00400216       1.00212117             0.05  0.000625024062  0.000624521091  96
     0.0172643206      0.412364581     0.0172275801   4.85310726e-05        1.0001199       2.00400221       1.00212124             0.05  0.00062502406  0.000625380314  95
     0.0422643206      0.412364674     0.0172275981   4.83690103e-05       1.00011988       2.00400231       1.00212127             0.05  0.000625024039  0.000625117465  94
     0.0672643179      0.412364477     0.0172275926   4.83800943e-05       1.00011982       2.00400237       1.00212125             0.05  0.000625024047  0.000624782737  93
     0.0159875607      0.437411508      0.018293819   5.87416162e-05        1.0000806       2.00399629       1.00207891             0.05  0.000625028835  0.000625433391  92
      0.040987432      0.437411597     0.0182938246    5.8565014e-05       1.00008058       2.00399639       1.00207894             0.05  0.000625028814  0.00062515431  91
     0.0659875595      0.437411441     0.0182938319   5.85704519e-05       1.00008053       2.00399642        1.0020789             0.05  0.000625028803  0.000624798821  90
     0.0909874146      0.437411362     0.0182938134   5.87528908e-05       1.00008053       2.00399624       1.00207881             0.05  0.000625028826  0.00062452076  89
     0.0398483992      0.462350815      0.019353979   4.77702868e-05       1.00006016       2.00400978       1.00206516             0.05  0.000625030392  0.000625178029  88
     0.0648484365      0.462350709     0.0193539834   4.77585291e-05       1.00006007        2.0040097       1.00206504             0.05  0.000625030331  0.000624801984  87
     0.0898483776      0.462350555     0.0193539639   4.79477968e-05       1.00006008        2.0040096         1.002065             0.05  0.000625030362  0.000624507678  86
     0.0148484022        0.4623507     0.0193539702   4.79601905e-05       1.00006015       2.00400968       1.00206511             0.05  0.000625030424  0.000625473318  85
     0.0638253982      0.487416633     0.0204128579    6.4147187e-05       1.00003133       2.00401527       1.00203902             0.05  0.00062502465  0.000624809097  84
     0.0888253917      0.487416568     0.0204128637   6.43514416e-05       1.00003131       2.00401517       1.00203896             0.05  0.000625024643  0.000624498485  83
     0.0138253799      0.487416602     0.0204128455   6.43371868e-05       1.00003138       2.00401531        1.0020391             0.05  0.000625024783  0.000625517177  82
     0.0388254075      0.487416741     0.0204128709   6.41361403e-05       1.00003139       2.00401545       1.00203918             0.05  0.000625024795  0.000625205763  81
      0.087950367      0.512342102     0.0214613334   4.99679935e-05      0.999997414       2.00401803       1.00200642             0.05  0.000625026962  0.000624492732  80
     0.0129503136      0.512342154     0.0214613353   4.99856039e-05      0.999997473       2.00401814       1.00200654             0.05  0.00062502711  0.000625563889  79
     0.0379503641      0.512342222     0.0214613393   4.97757308e-05        0.9999975       2.00401836       1.00200668             0.05  0.000625027191  0.000625236437  78
     0.0629503646      0.512342226     0.0214613466   4.97597366e-05      0.999997441       2.00401817       1.00200652             0.05  0.00062502705  0.000624819413  77
     0.0121994755      0.537422635      0.022507095   6.44658882e-05      0.999983135       2.00404984       1.00200802             0.05  0.000625023939  0.000625599176  76
     0.0371993915      0.537422724     0.0225071077   6.42533349e-05      0.999983159       2.00405006       1.00200816             0.05  0.00062502404  0.000625255843  75
     0.0621994973      0.537422703     0.0225071062   6.42557909e-05      0.999983115       2.00404998       1.00200807             0.05  0.000625023972  0.000624818476  74
     0.0871993936      0.537422651     0.0225071012   6.44700645e-05      0.999983091       2.00404983       1.00200797             0.05  0.000625023874  0.000624475647  73
     0.0366147052      0.562344679     0.0235395673   5.48334266e-05      0.999942306       2.00405596       1.00197017             0.05  0.000625028418  0.000625291779  72
     0.0616146388      0.562344726     0.0235395678   5.48197526e-05      0.999942287       2.00405596       1.00197015             0.05  0.000625028401  0.000624834341  71
     0.0866147335      0.562344697     0.0235395688   5.50443138e-05      0.999942256       2.00405588       1.00197008             0.05  0.000625028354  0.000624475759  70
     0.0116145993       0.56234469     0.0235395632    5.5058072e-05      0.999942274       2.00405584       1.00197008             0.05  0.000625028367  0.000625650946  69
      0.061155972      0.587408417     0.0245660019    5.7456689e-05      0.999930321        2.0040888       1.00197458             0.05  0.000625025799  0.000624832282  68
     0.0861560153      0.587408445     0.0245660161   5.76806783e-05      0.999930303        2.0040887       1.00197451             0.05  0.000625025737  0.000624457786  67
      0.011155964      0.587408396      0.024565992   5.76984169e-05      0.999930318       2.00408874       1.00197455             0.05  0.000625025762  0.000625684349  66
     0.0361559985      0.587408434     0.0245660174    5.7456534e-05      0.999930335       2.00408882        1.0019746             0.05  0.000625025819  0.000625309651  65
     0.0858754123      0.612390353     0.0255795834   6.41659125e-05      0.999903353       2.00411241       1.00195936             0.05  0.000625026866  0.000624448804  64
     0.0108754109      0.612390365      0.025579592   6.41453299e-05      0.999903351       2.00411245       1.00195938             0.05  0.000625026855  0.000625726016  63
     0.0358753962       0.61239029     0.0255795818   6.39294426e-05      0.999903356       2.00411259       1.00195945             0.05  0.000625026983  0.000625335829  62
     0.0608754295      0.612390368     0.0255795946    6.3938961e-05      0.999903358        2.0041126       1.00195946             0.05  0.000625026994  0.000624838711  61
     0.0107385401      0.637340475     0.0265792686   4.44325518e-05      0.999869243       2.00414067       1.00193931             0.05  0.000625023653  0.000625771941  60
     0.0357384578      0.637340362     0.0265792821   4.41590918e-05      0.999869215       2.00414092        1.0019394             0.05  0.000625023897  0.000625366569  59
     0.0607385249      0.637340327     0.0265792721   4.41397085e-05      0.999869219       2.00414097       1.00193943             0.05  0.000625023957  0.000624850101  58
     0.0857384907      0.637340423     0.0265792812   4.43676209e-05      0.999869237       2.00414063       1.00193928             0.05  0.000625023716  0.000624444735  57
     0.0357615322      0.662500778     0.0275738174   7.38580091e-05      0.999878415       2.00421686       1.00198659             0.05  0.000625025052  0.000625370824  56
     0.0607614031      0.662500979     0.0275738269   7.39132082e-05      0.999878407         2.004217       1.00198665             0.05  0.000625025198  0.000624834935  55
     0.0857615188      0.662500804     0.0275738271   7.41542119e-05      0.999878443       2.00421646       1.00198642             0.05  0.000625024832  0.000624414348  54
     0.0107613743      0.662500789     0.0275738202    7.4091517e-05      0.999878415       2.00421639       1.00198635             0.05  0.000625024718  0.000625791162  53
     0.0609795205      0.687221563     0.0285392893   3.05202231e-05      0.999807898       2.00421102         1.001913             0.05  0.000625026378  0.000624869858  52
     0.0859795136      0.687221662     0.0285393133   3.07383729e-05      0.999807914       2.00421058        1.0019128             0.05  0.000625026116  0.000624434733  51
     0.0109795756      0.687221909     0.0285392829   3.08474806e-05      0.999807918       2.00421044       1.00191273             0.05  0.00062502594  0.000625859798  50
      0.035979519      0.687221662     0.0285392959   3.05453741e-05      0.999807868       2.00421091       1.00191292             0.05  0.000625026248  0.000625424441  49
     0.0863028575      0.712636243     0.0295155597   7.59478846e-05      0.999853319       2.00433336       1.00201968             0.05  0.000625024995  0.000624383556  48
     0.0113028302      0.712636368     0.0295155872   7.58538638e-05      0.999853274       2.00433352       1.00201972             0.05  0.000625025061  0.000625857173  47
     0.0363028281      0.712636172     0.0295155572   7.56397616e-05      0.999853259       2.00433364       1.00201976             0.05  0.000625025067  0.000625407656  46
     0.0613028897      0.712636759     0.0295155822    7.5628336e-05        0.9998533       2.00433346       1.00201971             0.05  0.000625025007  0.000624833974  45
     0.0118943219       0.73713353     0.0304438603   2.68388895e-05      0.999769953       2.00433625       1.00193758             0.05  0.000625029766  0.000625932558  44
     0.0368941646      0.737133301     0.0304438799    2.6519809e-05      0.999769963       2.00433622       1.00193757             0.05  0.000625029617  0.000625468044  43
     0.0618942613       0.73713312     0.0304438635   2.65003202e-05       0.99977002       2.00433567       1.00193736             0.05  0.000625029312  0.00062487631  42
     0.0868941994      0.737133193     0.0304438725   2.67289599e-05       0.99977004       2.00433573       1.00193741             0.05  0.000625029425  0.000624412534  41
     0.0375351964      0.762675027      0.031398023    6.0139393e-05      0.999810649       2.00446845       1.00204445             0.05  0.000625026809  0.000625453873  40
     0.0625351863      0.762675153     0.0313980373   6.01731871e-05      0.999810738       2.00446793       1.00204428             0.05  0.000625026512  0.000624843664  39
     0.0875352613      0.762675054     0.0313980214   6.04216697e-05      0.999810721       2.00446781       1.00204421             0.05  0.000625026549  0.000624364463  38
     0.0125351833      0.762675129     0.0313980376   6.03726365e-05      0.999810674       2.00446825       1.00204438             0.05  0.000625026824  0.000625931655  37
     0.0634841211      0.787219804     0.0322970873   3.79481214e-05      0.999777314       2.00454153       1.00204757             0.05  0.000625026953  0.000624853167  36
     0.0884840987      0.787219908     0.0322971138   3.82085507e-05      0.999777341       2.00454133        1.0020475             0.05  0.000625026921  0.000624361463  35
     0.0134841585      0.787220177     0.0322970955   3.82534816e-05      0.999777251       2.00454141       1.00204745             0.05  0.000625026995  0.000625973412  34
     0.0384840871      0.787220053     0.0322971128   3.79496125e-05      0.999777236       2.00454173       1.00204759             0.05  0.000625027027  0.000625481068  33
     0.0894988667      0.812472661     0.0332160555   2.70362571e-05      0.999749556       2.00463356       1.00206576             0.05  0.000625024653  0.000624356285  32
     0.0144987134      0.812472903      0.033216054   2.70578601e-05      0.999749481        2.0046335       1.00206565             0.05  0.00062502462  0.000626013604  31
      0.039498862      0.812472834      0.033216045   2.67893238e-05      0.999749435       2.00463375       1.00206573             0.05  0.000625024625  0.000625508145  30
      0.064498684      0.812472656     0.0332160476   2.67841897e-05      0.999749512       2.00463376       1.00206581             0.05  0.000625024661  0.00062486281  29
     0.0157517909      0.837599622     0.0341085703   6.15822027e-05      0.999821277       2.00484725       1.00224447             0.05  0.000625025586  0.000625990637  28
     0.0407517748      0.837599504     0.0341085809   6.13121401e-05      0.999821199       2.00484743       1.00224448             0.05  0.00062502557  0.000625472073  27
     0.0657517674      0.837599254     0.0341085555   6.13556887e-05      0.999821295        2.0048475       1.00224461             0.05  0.000625025612  0.00062480879  26
     0.0907517715      0.837599407     0.0341085847   6.16561013e-05      0.999821374       2.00484735       1.00224461             0.05  0.000625025629  0.000624289317  25
     0.0422226802      0.861982957     0.0349744094  -1.60059419e-05      0.999680262       2.00487575       1.00211736             0.05  0.000625025429  0.00062556678  24
     0.0672226573      0.861982722     0.0349744131  -1.60842133e-05       0.99968037       2.00486593       1.00211256             0.05  0.000625025511  0.000624887279  23
      0.092222644      0.861982638     0.0349744126  -1.58423441e-05      0.999680463       2.00486582        1.0021126             0.05  0.000625025566  0.000624355439  22
      0.017222653      0.861982916     0.0349744337  -1.56993984e-05      0.999680351       2.00486566        1.0021124             0.05  0.000625025483  0.000626099869  21
     0.0687017786      0.888237844     0.0358964493   8.64186564e-05      0.999819842       2.00521132       1.00242503             0.05  0.000625027452  0.000624796749  20
     0.0937017309       0.88823804     0.0358964738   8.67619452e-05      0.999819932       2.00521126       1.00242509             0.05  0.000625027546  0.000624249171  19
     0.0187018035      0.888238265     0.0358964622   8.65438004e-05      0.999819812       2.00521105       1.00242487             0.05  0.000625027446  0.000626038342  18
     0.0437017542      0.888238113     0.0358964757   8.62979437e-05      0.999819732       2.00521108        1.0024248             0.05  0.000625027359  0.000625494962  17
     0.0956731246      0.911336823     0.0366930965  -5.88838747e-05      0.999573198       2.00521827       1.00218122             0.05  0.000625027122  0.000624377237  16
     0.0206730578       0.91133706     0.0366931468  -5.86417992e-05      0.999573083       2.00521806         1.002181             0.05  0.000625027025  0.000626204638  15
     0.0456731592      0.911337163     0.0366931087  -5.89785119e-05      0.999573013       2.00521804       1.00218092             0.05  0.000625026923  0.000625644771  14
     0.0706730908       0.91133696     0.0366931105  -5.91115313e-05       0.99957314       2.00521838       1.00218121             0.05  0.000625027025  0.000624929694  13
      0.022361469      0.938905343     0.0377008644   0.000105243937      0.999619868       2.00568843         1.002463             0.05  0.00062502858  0.000626152906  12
     0.0473614479      0.938905184     0.0377008765   0.000105072693      0.999619814        2.0056884       1.00246293             0.05  0.0006250291  0.000625573372  11
      0.072361477      0.938904945     0.0377009015   0.000105292038      0.999619947       2.00567872       1.00245823             0.05  0.000625029213  0.000624857597  10
     0.0973614596       0.93890516     0.0377009712   0.000105612139      0.999620016       2.00567862       1.00245825             0.05  0.000625028692  0.000624333259  9
     0.0494106461      0.960814148       0.03836439  -9.61733352e-05      0.999276943       2.00602163       1.00228558             0.05  0.000625029648  0.000625650135  8
     0.0744103593      0.960814053      0.038364328  -9.61986488e-05      0.999277022       2.00602171        1.0022857             0.05  0.000625029821  0.000624991628  7
     0.0994105222      0.960813922     0.0383642876  -9.60997243e-05      0.999277127       2.00601167       1.00228079             0.05  0.000625029994  0.000624590825  6
      0.024410306      0.960814092      0.038364529  -9.59337937e-05      0.999277028       2.00601168       1.00228069             0.05  0.0006250298  0.000626226555  5
     0.0776885426      0.989291254     0.0395867773   0.000115600238      0.999276867        2.0068631       1.00270593             0.05  0.000625029051  0.000625004848  4
    0.00268816777      0.989291432     0.0395867296   0.000115503864       0.99927705       2.00686307       1.00270611             0.05  0.000625029304  0.000626118429  3
     0.0276885111      0.989291533     0.0395868418   0.000115431892      0.999277008       2.00686356       1.00270631             0.05  0.000625028426  0.000625885276  2
     0.0526881991      0.989291368     0.0395867643   0.000115362889      0.999276834        2.0068634       1.00270605             0.05  0.00062502817  0.000625424578  1
