title='particle position' 
variables=x, y, Ux, Uy, rho, e, p, h=supportlength/2, m, V, ID 
     0.0555089049      0.988912324     0.0395386734   6.47413755e-05      0.999596602       2.00632368       1.00275717             0.05  0.000625026493  0.000625064026  160
     0.0305090663      0.988912324     0.0395387905    6.4694281e-05      0.999596888       2.00632372       1.00275747             0.05  0.000625026493  0.000625553522  159
    0.00550884224      0.988912257     0.0395386786    6.4904215e-05      0.999597043       2.00632481       1.00275817             0.05  0.000625026493  0.000625917751  158
     0.0805090334      0.988911985      0.039538624   6.50337192e-05      0.999596746       2.00632616       1.00275855             0.05  0.000625026493  0.000624670932  157
      0.033050649      0.961197589     0.0383346223  -9.39206276e-05       0.99963764       2.00550034       1.00238681             0.05  0.000625026493  0.00062560788  156
    0.00805093755      0.961197651     0.0383345367  -9.35593657e-05      0.999637794       2.00550036       1.00238698             0.05  0.000625026493  0.000626124691  155
     0.0830507107      0.961197727     0.0383346772  -9.38341537e-05       0.99963763        2.0055015       1.00238738             0.05  0.000625026493  0.0006244036  154
     0.0580508909      0.961197504     0.0383346814  -9.40274574e-05      0.999637453       2.00550287       1.00238789             0.05  0.000625026493  0.000624933545  153
     0.0104961098      0.938557073     0.0371474598   5.72776861e-05       1.00007451       2.00526253       1.00270597             0.05  0.000625026493  0.000625896298  152
     0.0854962393      0.938556676     0.0371472495   5.75409727e-05       1.00007443       2.00526238       1.00270581             0.05  0.000625026493  0.000624075634  151
     0.0604961663      0.938556798     0.0371472925   5.71760394e-05       1.00007434       2.00526343       1.00270625             0.05  0.000625026493  0.000624631318  150
     0.0354962966      0.938556866     0.0371474033   5.70669353e-05       1.00007441        2.0052646       1.00270691             0.05  0.000625026493  0.00062534592  149
     0.0892374346      0.911695249     0.0359834386  -0.000116500354       1.00012769       2.00488195       1.00256897             0.05  0.000625026493  0.00062405504  148
     0.0642375732      0.911695124     0.0359834095  -0.000116773614       1.00012767       2.00488186       1.00256891             0.05  0.000625026493  0.000624593157  147
     0.0392373625      0.911695296     0.0359833675  -0.000116630571       1.00012769        2.0048826        1.0025693             0.05  0.000625026493  0.00062529113  146
     0.0142375676      0.911695118     0.0359833343  -0.000116210755       1.00012772        2.0048834       1.00256973             0.05  0.000625026493  0.000625837281  145
     0.0672549579      0.887996789     0.0348062059    2.4282355e-05       1.00045739       2.00494195        1.0029295             0.05  0.000625026493  0.000624398563  144
     0.0422551238      0.887996788      0.034806258   2.41426722e-05       1.00045746       2.00494177       1.00292947             0.05  0.000625026493  0.000625075374  143
     0.0172549239      0.887997079     0.0348062913   2.44384082e-05       1.00045745       2.00494216       1.00292966             0.05  0.000625026493  0.000625600612  142
     0.0922550826      0.887996804     0.0348061965   2.46872271e-05        1.0004574       2.00494277       1.00292992             0.05  0.000625026493  0.000623876105  141
     0.0460974413      0.862254191     0.0336636164  -0.000102861275       1.00041388       2.00467917       1.00275444             0.05  0.000625026493  0.000625036335  140
     0.0210976012      0.862254063     0.0336635929  -0.000102518895        1.0004139       2.00467877       1.00275425             0.05  0.000625026493  0.000625565053  139
     0.0960974363      0.862254013     0.0336636067  -0.000102542302       1.00041386         2.004679       1.00275433             0.05  0.000625026493  0.000623915683  138
     0.0710975972      0.862253897     0.0336636333  -0.000102833212       1.00041387       2.00467984       1.00275475             0.05  0.000625026493  0.000624386971  137
     0.0248310453      0.837549773     0.0325156818  -3.27883127e-05       1.00053036       2.00462385       1.00284351             0.05  0.000625026493  0.000625365272  136
     0.0998311696      0.837549561     0.0325157112  -3.24992841e-05       1.00053038       2.00462336       1.00284328             0.05  0.000625026493  0.000623851149  135
      0.074831034      0.837549525      0.032515696  -3.27609428e-05       1.00053036       2.00462388       1.00284353             0.05  0.000625026493  0.000624201788  134
     0.0498311791       0.83754949     0.0325157325  -3.29986001e-05       1.00053036       2.00462451       1.00284385             0.05  0.000625026493  0.000624811407  133
     0.0038728441      0.812611385     0.0313805591  -6.60697767e-05       1.00053973       2.00448485       1.00278337             0.05  0.000625026493  0.000625507454  132
     0.0788729703      0.812611119     0.0313805207  -6.63269319e-05       1.00053976       2.00448476       1.00278335             0.05  0.000625026493  0.000624056039  131
     0.0538728362       0.81261131     0.0313805491  -6.64909969e-05       1.00053973       2.00448511        1.0027835             0.05  0.000625026493  0.000624592724  130
     0.0288729701      0.812611348     0.0313805321  -6.63144476e-05       1.00053972       2.00448549       1.00278368             0.05  0.000625026493  0.000625179843  129
     0.0831703157      0.787371431      0.030275572  -7.74832961e-05       1.00050237       2.00432509       1.00266601             0.05  0.000625026493  0.00062400049  128
     0.0581704174      0.787371379     0.0302755808  -7.77396358e-05       1.00050237       2.00432499       1.00266595             0.05  0.000625026493  0.000624472144  127
     0.0331702922      0.787371613     0.0302755459  -7.76031295e-05       1.00050235       2.00432515       1.00266601             0.05  0.000625026493  0.000625056215  126
      0.008170427      0.787371464      0.030275551   -7.7341042e-05       1.00050237       2.00432537       1.00266614             0.05  0.000625026493  0.000625479576  125
     0.0625217254      0.762716136     0.0291541542  -4.16508408e-05       1.00053828       2.00425312       1.00266598             0.05  0.000625026493  0.000624405563  124
     0.0375218173      0.762716184     0.0291541811  -4.16806036e-05       1.00053829       2.00425292       1.00266589             0.05  0.000625026493  0.000624971331  123
     0.0125216984      0.762716296     0.0291542021  -4.14036286e-05       1.00053828       2.00425293       1.00266589             0.05  0.000625026493  0.000625409217  122
     0.0875218046      0.762716056     0.0291541684  -4.13681279e-05        1.0005383       2.00425325       1.00266607             0.05  0.000625026493  0.000623971289  121
     0.0422215859      0.737402336     0.0280856436  -8.87143513e-05       1.00045232       2.00407393       1.00249021             0.05  0.000625026493  0.000624967147  120
     0.0172216886      0.737402277     0.0280856463  -8.84668368e-05       1.00045234       2.00407364       1.00249009             0.05  0.000625026493  0.000625407452  119
     0.0922215904      0.737402176     0.0280856617  -8.84338129e-05       1.00045235       2.00407367        1.0024901             0.05  0.000625026493  0.000624032178  118
     0.0672216757      0.737402092     0.0280856751  -8.86851792e-05       1.00045234        2.0040741       1.00249031             0.05  0.000625026493  0.000624424627  117
     0.0219412428      0.712675255     0.0269944677  -3.67999566e-05       1.00046117       2.00400067       1.00246243             0.05  0.000625026493  0.000625296658  116
     0.0969413018      0.712675077     0.0269944734  -3.65784287e-05       1.00046119       2.00400036       1.00246229             0.05  0.000625026493  0.000624032358  115
     0.0719412247      0.712675027     0.0269944623  -3.67824695e-05       1.00046117       2.00400059       1.00246239             0.05  0.000625026493  0.000624324847  114
      0.046941312      0.712675069     0.0269944974  -3.69673225e-05       1.00046116       2.00400089       1.00246253             0.05  0.000625026493  0.000624833937  113
    0.00194566004      0.687504416      0.025952762  -7.29113829e-05       1.00038253       2.00384941       1.00230798             0.05  0.000625026493  0.000625467216  112
     0.0769457233      0.687504242     0.0259527699  -7.31516576e-05       1.00038253       2.00384938       1.00230796             0.05  0.000625026493  0.000624259221  111
     0.0519456334      0.687504388       0.02595278  -7.32645344e-05       1.00038251       2.00384952       1.00230801             0.05  0.000625026493  0.000624704759  110
     0.0269457139      0.687504443     0.0259527563  -7.31160381e-05       1.00038252       2.00384969        1.0023081             0.05  0.000625026493  0.000625192976  109
     0.0820265723      0.662610178     0.0249048224  -3.91423839e-05       1.00034492       2.00374877       1.00221995             0.05  0.000625026493  0.000624223984  108
     0.0570266369      0.662610153     0.0249048391  -3.93625933e-05       1.00034491       2.00374871       1.00221991             0.05  0.000625026493  0.0006246116  107
     0.0320265601      0.662610333     0.0249048287  -3.92853882e-05       1.00034491       2.00374873       1.00221992             0.05  0.000625026493  0.000625093036  106
    0.00702662888      0.662610257     0.0249048485  -3.90987943e-05       1.00034493       2.00374879       1.00221997             0.05  0.000625026493  0.000625441661  105
     0.0622963309      0.637582426     0.0238881531  -4.87630377e-05       1.00028419       2.00363193       1.00210067             0.05  0.000625026493  0.000624613691  104
     0.0372963818       0.63758251     0.0238881588  -4.87720639e-05       1.00028419       2.00363178       1.00210059             0.05  0.000625026493  0.000625076238  103
     0.0122963184      0.637582554     0.0238881645  -4.85488266e-05        1.0002842       2.00363169       1.00210056             0.05  0.000625026493  0.000625434595  102
     0.0872963772      0.637582359     0.0238881719   -4.8569129e-05       1.00028421       2.00363186       1.00210066             0.05  0.000625026493  0.000624260499  101
     0.0426904975      0.612578512     0.0228847101  -3.68976393e-05       1.00022088       2.00351981       1.00198117             0.05  0.000625026493  0.000625069472  100
     0.0176905578      0.612578523     0.0228847268  -3.67311698e-05        1.0002209       2.00351959       1.00198109             0.05  0.000625026493  0.000625428008  99
     0.0926904896      0.612578423     0.0228847173  -3.66412875e-05       1.00022092       2.00351952       1.00198107             0.05  0.000625026493  0.000624307961  98
     0.0676905454       0.61257833     0.0228847304  -3.68436478e-05        1.0002209       2.00351981       1.00198119             0.05  0.000625026493  0.000624626723  97
     0.0232097624      0.587612102     0.0218962962  -2.89912757e-05       1.00017403       2.00342951       1.00188909             0.05  0.000625026493  0.000625370602  96
     0.0982098084      0.587611971     0.0218963097  -2.88597876e-05       1.00017406       2.00342924       1.00188898             0.05  0.000625026493  0.000624342752  95
     0.0732097507      0.587611906     0.0218963013  -2.90034828e-05       1.00017404       2.00342935       1.00188901             0.05  0.000625026493  0.000624579559  94
     0.0482097943      0.587611955     0.0218963254  -2.91232143e-05       1.00017402       2.00342956        1.0018891             0.05  0.000625026493  0.000624993682  93
    0.00386299108      0.562578025     0.0209285066  -2.85959148e-05       1.00011098       2.00332852       1.00177543             0.05  0.000625026493  0.000625507149  92
      0.078863035      0.562577877     0.0209285039  -2.87453549e-05       1.00011097       2.00332844       1.00177537             0.05  0.000625026493  0.000624529276  91
      0.053862972      0.562577955     0.0209285176  -2.88411532e-05       1.00011095       2.00332849       1.00177537             0.05  0.000625026493  0.000624890122  90
     0.0288630132      0.562578024     0.0209285074  -2.87464365e-05       1.00011096       2.00332864       1.00177547             0.05  0.000625026493  0.000625285173  89
     0.0846151172      0.537610548     0.0199676344   -1.6529691e-05       1.00007064       2.00325486       1.00169818             0.05  0.000625026493  0.000624508491  88
     0.0596151616      0.537610536     0.0199676531  -1.66951497e-05       1.00007062       2.00325478       1.00169812             0.05  0.000625026493  0.000624818793  87
     0.0346150979      0.537610668     0.0199676462   -1.6645634e-05       1.00007063       2.00325477       1.00169813             0.05  0.000625026493  0.00062520461  86
     0.0096151425      0.537610622     0.0199676511  -1.64985901e-05       1.00007065       2.00325484       1.00169819             0.05  0.000625026493  0.00062548597  85
     0.0654863502      0.512585824     0.0190241164  -1.88358875e-05       1.00001988         2.003175       1.00160741             0.05  0.000625026493  0.000624799429  84
     0.0404863814      0.512585913     0.0190241217  -1.88787517e-05       1.00001988       2.00317485       1.00160734             0.05  0.000625026493  0.0006251671  83
     0.0154863295      0.512585947     0.0190241169  -1.87142105e-05       1.00001991       2.00317479       1.00160734             0.05  0.000625026493  0.000625465177  82
     0.0904863683      0.512585784     0.0190241237  -1.86836429e-05       1.00001991       2.00317491        1.0016074             0.05  0.000625026493  0.000624533374  81
     0.0464469979      0.487602074     0.0180850353  -8.66836037e-06      0.999981192       2.00311077       1.00153655             0.05  0.000625026493  0.000625100814  80
     0.0214470369      0.487602117     0.0180850331  -8.57541452e-06      0.999981235       2.00311059        1.0015365             0.05  0.000625026493  0.000625412679  79
     0.0964469813      0.487602018     0.0180850393  -8.44132505e-06      0.999981252        2.0031105       1.00153647             0.05  0.000625026493  0.000624562451  78
     0.0714470223      0.487601921     0.0180850383  -8.58013265e-06      0.999981212       2.00311073       1.00153655             0.05  0.000625026493  0.000624758105  77
     0.0275085204       0.46258547     0.0171573146  -1.05522043e-05      0.999945164       2.00305232       1.00147124             0.05  0.000625026493  0.000625330174  76
    0.00250856033      0.462585376     0.0171573281  -1.04418734e-05      0.999945195       2.00305208       1.00147115             0.05  0.000625026493  0.000625512379  75
      0.077508509      0.462585276     0.0171573204  -1.05310154e-05      0.999945161       2.00305215       1.00147115             0.05  0.000625026493  0.000624709322  74
     0.0525085384      0.462585319     0.0171573397  -1.06296125e-05      0.999945133       2.00305232       1.00147121             0.05  0.000625026493  0.000625005813  73
    0.00865019974      0.437597072     0.0162319231   -2.5796694e-06      0.999906813       2.00299442       1.00140388             0.05  0.000625026493  0.000625493746  72
     0.0836502306      0.437596923     0.0162319286  -2.60983644e-06      0.999906797        2.0029943       1.00140381             0.05  0.000625026493  0.000624699356  71
     0.0586501841      0.437596951     0.0162319381  -2.71374136e-06      0.999906761       2.00299434       1.00140379             0.05  0.000625026493  0.000624951166  70
     0.0336502058      0.437597043     0.0162319404  -2.69914316e-06       0.99990678       2.00299448       1.00140388             0.05  0.000625026493  0.000625264832  69
     0.0898800372      0.412575847     0.0153145962  -3.91048921e-06      0.999882694       2.00295328       1.00135916             0.05  0.000625026493  0.000624712828  68
     0.0648800703      0.412575821     0.0153146037    -4.037012e-06      0.999882656        2.0029532       1.00135908             0.05  0.000625026493  0.00062492648  67
      0.039880015      0.412575934     0.0153146056  -4.05028839e-06      0.999882656       2.00295319       1.00135908             0.05  0.000625026493  0.000625222427  66
     0.0148800423      0.412575929     0.0153146072  -3.94179004e-06      0.999882698       2.00295328       1.00135916             0.05  0.000625026493  0.000625462424  65
     0.0711793463      0.387589293     0.0143969015   5.41975557e-07      0.999847071       2.00290313       1.00129841             0.05  0.000625026493  0.000624898756  64
     0.0461793674      0.387589385     0.0143969131   4.66473097e-07      0.999847057         2.002903       1.00129833             0.05  0.000625026493  0.000625172008  63
     0.0211793214      0.387589439     0.0143969117   5.63051635e-07      0.999847107       2.00290298       1.00129837             0.05  0.000625026493  0.000625420523  62
     0.0961793419      0.387589305      0.014396921   6.49973663e-07      0.999847123       2.00290304       1.00129842             0.05  0.000625026493  0.00062474287  61
     0.0525532333       0.36257139      0.013484406   2.84223823e-06      0.999827986       2.00287117       1.00126332             0.05  0.000625026493  0.000625090954  60
     0.0275532539      0.362571487     0.0134844009    2.8932926e-06      0.999828035       2.00287102        1.0012633             0.05  0.000625026493  0.000625346107  59
    0.00255321196      0.362571396     0.0134844106   3.00529597e-06      0.999828072       2.00287095        1.0012633             0.05  0.000625026493  0.000625489291  58
     0.0775532307      0.362571265     0.0134844068   2.92645663e-06      0.999828027       2.00287116       1.00126336             0.05  0.000625026493  0.000624857497  57
      0.033994406      0.337562661     0.0125738208  -3.89733957e-07      0.999802645         2.002835       1.00121987             0.05  0.000625026493  0.000625288623  56
    0.00899442942      0.337562634     0.0125738182    -2.984011e-07      0.999802701       2.00283482       1.00121983             0.05  0.000625026493  0.000625466176  55
     0.0839943848      0.337562472     0.0125738278  -2.98016514e-07      0.999802687       2.00283489       1.00121985             0.05  0.000625026493  0.000624851085  54
     0.0589944042      0.337562482     0.0125738346  -3.92408697e-07      0.999802632       2.00283503       1.00121987             0.05  0.000625026493  0.000625045652  53
     0.0154850847      0.312589164     0.0116583846   1.13516263e-05      0.999777694       2.00280039       1.00117758             0.05  0.000625026493  0.000625441091  52
     0.0904850913       0.31258902     0.0116583857   1.13892785e-05      0.999777715       2.00280029       1.00117755             0.05  0.000625026493  0.000624870611  51
     0.0654850549      0.312588955      0.011658394   1.13183321e-05      0.999777666       2.00280039       1.00117755             0.05  0.000625026493  0.000625032792  50
     0.0404850695      0.312589067     0.0116583952   1.12825368e-05      0.999777647       2.00280046       1.00117756             0.05  0.000625026493  0.000625258148  49
     0.0970548021      0.287506224     0.0107580504  -4.46067609e-06      0.999772492       2.00278717       1.00116576             0.05  0.000625026493  0.000624885431  48
       0.07205481      0.287506137     0.0107580487   -4.5316996e-06      0.999772463       2.00278718       1.00116574             0.05  0.000625026493  0.000625001898  47
     0.0470547584       0.28750619     0.0107580598  -4.55908801e-06      0.999772434       2.00278722       1.00116573             0.05  0.000625026493  0.000625206154  46
     0.0220547798      0.287506265     0.0107580517  -4.50747225e-06      0.999772463       2.00278723       1.00116576             0.05  0.000625026493  0.000625391793  45
      0.078641153      0.262627775    0.00983196514   1.89118725e-05      0.999731858       2.00274004       1.00110151             0.05  0.000625026493  0.000624992366  44
     0.0536411636      0.262627799    0.00983197881   1.88539194e-05       0.99973183       2.00273998       1.00110145             0.05  0.000625026493  0.000625163167  43
     0.0286411273      0.262627879    0.00983198048   1.89050325e-05      0.999731856       2.00273997       1.00110148             0.05  0.000625026493  0.000625349468  42
    0.00364114768      0.262627842    0.00983198639   1.89628467e-05      0.999731883       2.00273993       1.00110148             0.05  0.000625026493  0.000625453701  41
     0.0603153973      0.237441095    0.00894351427   -6.6668439e-06      0.999751176       2.00275304       1.00112735             0.05  0.000625026493  0.000625107292  40
     0.0353153877      0.237441168    0.00894351273  -6.65315744e-06      0.999751189       2.00275293       1.00112731             0.05  0.000625026493  0.000625279881  39
     0.0103153662      0.237441145    0.00894350768  -6.57055199e-06      0.999751213       2.00275286        1.0011273             0.05  0.000625026493  0.000625406339  38
     0.0853154007      0.237441037    0.00894351847  -6.59991558e-06        0.9997512       2.00275294       1.00112733             0.05  0.000625026493  0.000624969555  37
      0.041994846      0.212643791    0.00800842095   1.85459798e-05      0.999699463       2.00269739       1.00104775             0.05  0.000625026493  0.000625277255  36
     0.0169948569      0.212643796    0.00800842674   1.85990832e-05      0.999699504       2.00269723       1.00104771             0.05  0.000625026493  0.000625403527  35
     0.0919948142      0.212643679     0.0080084252   1.86451842e-05      0.999699503       2.00269723       1.00104771             0.05  0.000625026493  0.000625011167  34
      0.066994848      0.212643659     0.0080084274   1.85764459e-05      0.999699463       2.00269736       1.00104774             0.05  0.000625026493  0.000625122184  33
     0.0237320842      0.187438728    0.00711901091   2.40363205e-06       0.99972812       2.00272041       1.00108795             0.05  0.000625026493  0.000625344293  32
     0.0987321169      0.187438622    0.00711901941   2.44617651e-06      0.999728127       2.00272023       1.00108787             0.05  0.000625026493  0.00062500908  31
     0.0737320887      0.187438551     0.0071190192   2.40291601e-06      0.999728086       2.00272036       1.00108789             0.05  0.000625026493  0.000625086416  30
     0.0487320933      0.187438627    0.00711902462   2.36349146e-06      0.999728079       2.00272043       1.00108793             0.05  0.000625026493  0.000625221648  29
    0.00551236518      0.162543794    0.00619811893   2.34893115e-06      0.999697896       2.00268827       1.00104162             0.05  0.000625026493  0.000625378613  28
     0.0805123855      0.162543704    0.00619811986   2.31439439e-06      0.999697857       2.00268831        1.0010416             0.05  0.000625026493  0.000625087916  27
     0.0555123703      0.162543801    0.00619813065   2.29684512e-06      0.999697828       2.00268833       1.00104159             0.05  0.000625026493  0.000625195688  26
     0.0305123698      0.162543863    0.00619812605   2.31388871e-06      0.999697869       2.00268836       1.00104164             0.05  0.000625026493  0.000625312769  25
     0.0872740697      0.137602272    0.00526963048   2.75077392e-05      0.999690174       2.00267721       1.00102836             0.05  0.000625026493  0.000625091223  24
     0.0622740883      0.137602235    0.00526963856   2.74427542e-05      0.999690131       2.00267726       1.00102834             0.05  0.000625026493  0.000625169673  23
     0.0372740516      0.137602352    0.00526964106   2.74400927e-05      0.999690166       2.00267721       1.00102836             0.05  0.000625026493  0.000625271877  22
     0.0122740669      0.137602382    0.00526964162   2.74909584e-05       0.99969021       2.00267717       1.00102838             0.05  0.000625026493  0.00062535006  21
     0.0691401843      0.112232227     0.0044106675   -2.8664862e-05      0.999745275       2.00273056       1.00111021             0.05  0.000625026493  0.000625119905  20
     0.0441401937      0.112232441    0.00441066896  -2.86715793e-05      0.999745267       2.00273052       1.00111018             0.05  0.000625026493  0.000625202749  19
     0.0191401513      0.112232365    0.00441066374  -2.86318811e-05       0.99974533       2.00273039       1.00111018             0.05  0.000625026493  0.000625278032  18
     0.0941401609      0.112232125    0.00441067675  -2.86271966e-05      0.999745337       2.00273041       1.00111019             0.05  0.000625026493  0.000625071114  17
     0.0509389228     0.0879833266     0.0033912007   5.78268744e-05       0.99964719       2.00263348       1.00096347             0.05  0.000625026493  0.000625237386  16
     0.0259389501     0.0879834633    0.00339120549   5.78241044e-05      0.999647261       2.00263337       1.00096348             0.05  0.000625026493  0.000625302887  15
   0.000938905818     0.0879834695    0.00339122407   5.78709601e-05      0.999647292       2.00263318       1.00096342             0.05  0.000625026493  0.000625338841  14
     0.0759389205     0.0879833027    0.00339120597   5.78786635e-05      0.999647225       2.00263338       1.00096345             0.05  0.000625026493  0.000625176504  13
     0.0328500929     0.0617343806    0.00263730136  -5.49575593e-05      0.999949993       2.00294708       1.00142346             0.05  0.000625026493  0.000625083836  12
    0.00785007948      0.061734167    0.00263728655  -5.49436152e-05      0.999950057       2.00294686       1.00142341             0.05  0.000625026493  0.000625120376  11
      0.082850072     0.0617339018    0.00263730626  -5.49454759e-05      0.999950044       2.00294693       1.00142343             0.05  0.000625026493  0.000624997264  10
     0.0578500595     0.0617341122    0.00263730526  -5.49515945e-05      0.999949985       2.00294707       1.00142345             0.05  0.000625026493  0.000625035205  9
     0.0148521884     0.0384485126    0.00156489944   7.06525953e-05      0.999893254       2.00295106       1.00136863             0.05  0.000625026493  0.000625131373  8
     0.0898522013     0.0384485419    0.00156490081   7.06886728e-05      0.999893293       2.00295102       1.00136864             0.05  0.000625026493  0.000625050629  7
     0.0648521413     0.0384484193    0.00156490303   7.06941892e-05      0.999893238       2.00295113       1.00136865             0.05  0.000625026493  0.000625072108  6
     0.0398521248     0.0384484041    0.00156490267   7.06606744e-05      0.999893202       2.00295112       1.00136861             0.05  0.000625026493  0.00062510405  5
     0.0964695565      0.011352361   0.000592716062   -6.2867893e-05       1.00059233       2.00351786       1.00235231             0.05  0.000625026493  0.00062463569  4
     0.0714695191     0.0113522959   0.000592713921  -6.28565802e-05       1.00059235       2.00351839       1.00235258             0.05  0.000625026493  0.000624644998  3
     0.0464694875     0.0113524764   0.000592726217  -6.28354748e-05       1.00059227       2.00351854       1.00235258             0.05  0.000625026493  0.000624660261  2
     0.0214695122      0.011352562   0.000592725126   -6.2847331e-05       1.00059226       2.00351812       1.00235236             0.05  0.000625026493  0.000624673769  1
