title='particle position' 
variables=x, y, Ux, Uy, rho, e, p, h=supportlength/2, m, V, ID 
     0.0760130168      0.988945721     0.0395538666    6.4261665e-05      0.999364334       2.00620111       1.00246292             0.05  0.000625026493  0.000624812054  160
     0.0510132557      0.988945668      0.039553989   6.39587511e-05      0.999364335       2.00620113       1.00246293             0.05  0.000625026493  0.000625202003  159
     0.0260129959      0.988945679     0.0395540096   6.38701695e-05      0.999364645       2.00620272       1.00246404             0.05  0.000625026493  0.000625691382  158
    0.00101314506      0.988945503     0.0395539123   6.41022748e-05       0.99936463       2.00620399       1.00246466             0.05  0.000625026493  0.000626060236  157
      0.052928815       0.96115013     0.0383472192  -8.85369458e-05      0.999429105       2.00540335       1.00212924             0.05  0.000625026493  0.000625060149  156
     0.0279290628      0.961150342     0.0383471777  -8.84399289e-05      0.999429289       2.00540362       1.00212956             0.05  0.000625026493  0.000625735169  155
    0.00292887275      0.961150348     0.0383470655  -8.80579171e-05      0.999429358       2.00540471       1.00213017             0.05  0.000625026493  0.000626255306  154
     0.0779290583      0.961150034     0.0383472086  -8.83003786e-05      0.999429148       2.00540596       1.00213058             0.05  0.000625026493  0.000624530202  153
      0.029770627       0.93858645     0.0372076906   5.56370476e-05       0.99983749       2.00514384       1.00240899             0.05  0.000625026493  0.0006254954  152
    0.00477069026      0.938586213       0.03720772   5.58760183e-05      0.999837562       2.00514361       1.00240895             0.05  0.000625026493  0.000626047463  151
     0.0797706144      0.938586228     0.0372075798   5.61777513e-05      0.999837502       2.00514465       1.00240941             0.05  0.000625026493  0.000624221519  150
     0.0547707917      0.938586182     0.0372075961   5.57722756e-05      0.999837406       2.00514577       1.00240987             0.05  0.000625026493  0.000624779874  149
     0.0079005521      0.911635492     0.0360183914   -0.00011239502      0.999887617       2.00475979       1.00226725             0.05  0.000625026493  0.000625990858  148
     0.0829007011        0.9116352     0.0360184656   -0.00011268845      0.999887609       2.00475962       1.00226715             0.05  0.000625026493  0.000624202287  147
     0.0579004869      0.911635347     0.0360184377  -0.000112953353      0.999887543        2.0047604       1.00226747             0.05  0.000625026493  0.000624743297  146
     0.0329006567      0.911635338     0.0360183989  -0.000112810594      0.999887541       2.00476129       1.00226792             0.05  0.000625026493  0.000625442208  145
     0.0853106704      0.888007952     0.0348538365   1.99837498e-05       1.00023966       2.00484039       1.00266043             0.05  0.000625026493  0.000624013346  144
      0.060310855       0.88800779       0.03485383   1.95725421e-05       1.00023964       2.00484023       1.00266033             0.05  0.000625026493  0.000624540269  143
     0.0353106657      0.888008137     0.0348538855   1.94884828e-05       1.00023965       2.00484076       1.00266061             0.05  0.000625026493  0.000625217902  142
     0.0103108214      0.888008015     0.0348539261   1.97595067e-05       1.00023968       2.00484136       1.00266094             0.05  0.000625026493  0.000625744552  141
      0.063553289      0.862198285     0.0336844721  -0.000109885623        1.0002147       2.00459379       1.00251208             0.05  0.000625026493  0.000624563882  140
     0.0385534357      0.862198256     0.0336844702   -0.00010981264       1.00021474       2.00459354         1.002512             0.05  0.000625026493  0.000625217673  139
     0.0135532802      0.862198359     0.0336844706  -0.000109418641       1.00021474       2.00459379       1.00251212             0.05  0.000625026493  0.000625728066  138
      0.088553449      0.862198099     0.0336844912  -0.000109589687       1.00021471       2.00459438       1.00251239             0.05  0.000625026493  0.000624057681  137
     0.0416911878      0.837529442     0.0325336014  -4.35864095e-05       1.00038284       2.00458784       1.00267764             0.05  0.000625026493  0.000625098037  136
     0.0166913311      0.837529373     0.0325336107  -4.32908546e-05       1.00038285       2.00458742       1.00267744             0.05  0.000625026493  0.00062558997  135
     0.0916911853      0.837529336     0.0325335984  -4.31677869e-05        1.0003828       2.00458763       1.00267749             0.05  0.000625026493  0.000623978836  134
     0.0666913296      0.837529131     0.0325336029  -4.35235657e-05       1.00038281       2.00458835       1.00267786             0.05  0.000625026493  0.000624466033  133
     0.0201410338      0.812571416     0.0313856429  -8.59254394e-05       1.00042144       2.00447559       1.00266018             0.05  0.000625026493  0.000625508013  132
     0.0951411506      0.812571129     0.0313856195  -8.58461861e-05       1.00042143       2.00447518       1.00265996             0.05  0.000625026493  0.000623969069  131
     0.0701410153      0.812571183     0.0313856458  -8.61181258e-05       1.00042141       2.00447563       1.00266016             0.05  0.000625026493  0.000624410185  130
     0.0451411575      0.812571224     0.0313856673  -8.62165182e-05       1.00042145       2.00447616       1.00266047             0.05  0.000625026493  0.000625015863  129
     0.0988615117      0.787325155     0.0302664039   -9.8570883e-05       1.00042752       2.00435676       1.00260683             0.05  0.000625026493  0.000623975073  128
      0.073861616       0.78732496     0.0302664045  -9.88176519e-05       1.00042753       2.00435673       1.00260683             0.05  0.000625026493  0.000624299423  127
     0.0488614831      0.787325188      0.030266421  -9.89553046e-05       1.00042752       2.00435701       1.00260696             0.05  0.000625026493  0.000624865495  126
     0.0238616152      0.787325175     0.0302663727  -9.87456412e-05       1.00042753        2.0043573       1.00260711             0.05  0.000625026493  0.000625380841  125
      0.077628862      0.762686893       0.02913703  -6.88642897e-05       1.00050031       2.00431926       1.00266103             0.05  0.000625026493  0.000624127657  124
     0.0526289733      0.762686869      0.029137077  -6.90748807e-05       1.00050031       2.00431915       1.00266096             0.05  0.000625026493  0.000624625942  123
     0.0276288524        0.7626871     0.0291370546  -6.89029082e-05       1.00050029       2.00431923       1.00266099             0.05  0.000625026493  0.000625170176  122
    0.00262895223      0.762686941     0.0291371076  -6.87118183e-05       1.00050032       2.00431936       1.00266108             0.05  0.000625026493  0.000625472666  121
     0.0567686599       0.73734726     0.0280476376  -0.000121264983       1.00044641       2.00416974       1.00253221             0.05  0.000625026493  0.000624525257  120
      0.031768751      0.737347302     0.0280476269  -0.000121147247       1.00044641       2.00416952        1.0025321             0.05  0.000625026493  0.000625066  119
    0.00676866031      0.737347287     0.0280476145  -0.000120870868       1.00044642       2.00416946       1.00253209             0.05  0.000625026493  0.000625457907  118
     0.0817687537      0.737347075     0.0280476543  -0.000121065129       1.00044643       2.00416983       1.00253228             0.05  0.000625026493  0.00062408811  117
      0.035918241       0.71264653     0.0269426012  -7.16409033e-05       1.00049213       2.00413082       1.00255856             0.05  0.000625026493  0.000624982723  116
     0.0109183178      0.712646458     0.0269426434  -7.14184974e-05       1.00049216       2.00413051       1.00255843             0.05  0.000625026493  0.000625386326  115
     0.0859182218      0.712646366     0.0269426082  -7.13663774e-05       1.00049214        2.0041306       1.00255846             0.05  0.000625026493  0.000624057757  114
     0.0609183213      0.712646289     0.0269426065  -7.16489701e-05       1.00049213       2.00413096       1.00255863             0.05  0.000625026493  0.000624459737  113
     0.0153751511       0.68745518     0.0258752071  -0.000114644425       1.00044001       2.00400339       1.00244259             0.05  0.000625026493  0.000625384737  112
     0.0903752256      0.687454941     0.0258752297  -0.000114683781       1.00044002       2.00400317       1.00244249             0.05  0.000625026493  0.000624110123  111
     0.0653751319      0.687454997     0.0258752136  -0.000114886994       1.00043999       2.00400336       1.00244255             0.05  0.000625026493  0.0006244935  110
     0.0403752084      0.687455085     0.0258752133  -0.000114896092          1.00044        2.0040036       1.00244268             0.05  0.000625026493  0.000624995057  109
     0.0949055272      0.662578144     0.0248028901  -8.20746361e-05       1.00043221       2.00392969        1.0023979             0.05  0.000625026493  0.000624127691  108
     0.0699055996      0.662577998     0.0248029134  -8.23085404e-05        1.0004322       2.00392967       1.00239788             0.05  0.000625026493  0.000624474858  107
     0.0449055183      0.662578176     0.0248029098  -8.23744043e-05       1.00043218       2.00392975       1.00239791             0.05  0.000625026493  0.000624954172  106
     0.0199055973      0.662578199      0.024802919  -8.21891092e-05       1.00043221       2.00392988         1.002398             0.05  0.000625026493  0.000625342904  105
     0.0746392504      0.637544078      0.023755428  -9.71778092e-05        1.0003923       2.00383093       1.00230852             0.05  0.000625026493  0.000624417342  104
     0.0496393091      0.637544123     0.0237554589  -9.73040592e-05       1.00039229       2.00383085       1.00230846             0.05  0.000625026493  0.000624864775  103
     0.0246392393      0.637544272     0.0237554273  -9.71302614e-05        1.0003923       2.00383081       1.00230845             0.05  0.000625026493  0.000625271726  102
     0.0996393039      0.637544109      0.023755446  -9.70013133e-05       1.00039232       2.00383082       1.00230848             0.05  0.000625026493  0.000624160627  101
     0.0545037539      0.612546138     0.0227191634  -8.67222829e-05       1.00034529       2.00373252        1.0022122             0.05  0.000625026493  0.000624739139  100
     0.0295038115      0.612546217     0.0227191487  -8.66099315e-05       1.00034531       2.00373234       1.00221213             0.05  0.000625026493  0.000625166199  99
    0.00450374598      0.612546199     0.0227191632  -8.64261138e-05       1.00034533        2.0037322       1.00221207             0.05  0.000625026493  0.000625405491  98
     0.0795038029      0.612546011     0.0227191565  -8.65924446e-05       1.00034532       2.00373246       1.00221219             0.05  0.000625026493  0.000624348946  97
     0.0345009647      0.587583849     0.0216962582  -8.00395675e-05       1.00030807       2.00364926       1.00213326             0.05  0.000625026493  0.000625076294  96
    0.00950102236      0.587583795     0.0216962648  -7.98727205e-05       1.00030809       2.00364899       1.00213315             0.05  0.000625026493  0.000625381381  95
     0.0845009557       0.58758368     0.0216962572  -7.99050085e-05       1.00030809         2.003649       1.00213315             0.05  0.000625026493  0.000624319774  94
     0.0595010111      0.587583651     0.0216962802  -8.00896544e-05       1.00030807       2.00364926       1.00213326             0.05  0.000625026493  0.000624657416  93
      0.014643226      0.562550156     0.0206936465  -7.98677825e-05       1.00024659       2.00354742       1.00202073             0.05  0.000625026493  0.00062536379  92
     0.0896432749      0.562549975     0.0206936556  -7.98473928e-05        1.0002466       2.00354723       1.00202065             0.05  0.000625026493  0.000624349817  91
     0.0646432126      0.562549983     0.0206936621  -8.00013799e-05       1.00024658       2.00354731       1.00202067             0.05  0.000625026493  0.000624639822  90
     0.0396432538      0.562550068     0.0206936675  -8.00389302e-05       1.00024657       2.00354749       1.00202075             0.05  0.000625026493  0.000625039643  89
     0.0948888202      0.537589779     0.0197000229  -6.51337731e-05       1.00020438       2.00346949       1.00193948             0.05  0.000625026493  0.000624382096  88
     0.0698888719      0.537589677     0.0197000271  -6.52973005e-05       1.00020436       2.00346944       1.00193944             0.05  0.000625026493  0.000624595347  87
     0.0448888053      0.537589806     0.0197000343  -6.53689338e-05       1.00020435       2.00346946       1.00193943             0.05  0.000625026493  0.000624967531  86
      0.019888856      0.537589834     0.0197000327  -6.52564101e-05       1.00020437       2.00346957       1.00193951             0.05  0.000625026493  0.000625306041  85
     0.0752637668      0.512564197     0.0187277761  -6.64601959e-05       1.00014691       2.00338088        1.0018376             0.05  0.000625026493  0.00062455259  84
     0.0502638054      0.512564247     0.0187277981  -6.65665504e-05       1.00014689       2.00338077       1.00183753             0.05  0.000625026493  0.00062487515  83
     0.0252637482      0.512564355      0.018727779  -6.64447093e-05       1.00014691       2.00338074       1.00183753             0.05  0.000625026493  0.000625228095  82
   0.000263793218      0.512564231      0.018727803  -6.63275879e-05       1.00014693       2.00338076       1.00183756             0.05  0.000625026493  0.000625426098  81
     0.0557317821      0.487586799     0.0177646009  -5.24147071e-05       1.00010055       2.00330721       1.00175432             0.05  0.000625026493  0.000624820357  80
     0.0307318187      0.487586884     0.0177646055  -5.23803311e-05       1.00010058       2.00330705       1.00175427             0.05  0.000625026493  0.000625163811  79
    0.00573176734      0.487586857     0.0177646072  -5.22287964e-05        1.0001006       2.00330695       1.00175424             0.05  0.000625026493  0.000625412756  78
     0.0807318065      0.487586696      0.017764612  -5.22839362e-05       1.00010058       2.00330714       1.00175432             0.05  0.000625026493  0.000624544378  77
     0.0363082979        0.4625697      0.016818828  -5.27551004e-05       1.00005602       2.00323873       1.00167547             0.05  0.000625026493  0.000625149803  76
     0.0113083413      0.462569667     0.0168188428  -5.26323333e-05       1.00005605       2.00323852       1.00167541             0.05  0.000625026493  0.000625402297  75
     0.0863082889      0.462569543     0.0168188424  -5.26159034e-05       1.00005605       2.00323852        1.0016754             0.05  0.000625026493  0.000624576973  74
     0.0613083271      0.462569524     0.0168188453  -5.27544766e-05       1.00005602       2.00323873       1.00167547             0.05  0.000625026493  0.000624824457  73
      0.016967542      0.437586445     0.0158801546  -4.09225228e-05       1.00000856       2.00317045        1.0015938             0.05  0.000625026493  0.000625394664  72
     0.0919675748      0.437586299     0.0158801579  -4.08815471e-05       1.00000858       2.00317028       1.00159373             0.05  0.000625026493  0.000624618062  71
     0.0669675314      0.437586271     0.0158801562  -4.09896039e-05       1.00000854       2.00317035       1.00159373             0.05  0.000625026493  0.000624838516  70
     0.0419675554      0.437586356     0.0158801606  -4.10358685e-05       1.00000853       2.00317049       1.00159378             0.05  0.000625026493  0.000625145811  69
     0.0977206717      0.412565159       0.01495546  -3.98154518e-05       0.99997647       2.00312019       1.00153653             0.05  0.000625026493  0.000624648073  68
     0.0727207063      0.412565071     0.0149554594  -3.99291128e-05       0.99997644       2.00312014       1.00153647             0.05  0.000625026493  0.000624810067  67
     0.0477206538      0.412565169     0.0149554692  -3.99788671e-05       0.99997642       2.00312015       1.00153646             0.05  0.000625026493  0.000625093227  66
     0.0227206814      0.412565213     0.0149554664  -3.98992801e-05      0.999976453       2.00312026       1.00153654             0.05  0.000625026493  0.000625350711  65
     0.0785443866      0.387581713     0.0140357135   -3.2217476e-05      0.999932547        2.0030609        1.0014629             0.05  0.000625026493  0.000624781664  64
     0.0535444153      0.387581765     0.0140357306  -3.23016479e-05      0.999932523       2.00306079       1.00146282             0.05  0.000625026493  0.000625024128  63
     0.0285443667      0.387581864     0.0140357225  -3.22214923e-05      0.999932558       2.00306079       1.00146285             0.05  0.000625026493  0.000625289127  62
    0.00354439241      0.387581776     0.0140357351  -3.21308142e-05      0.999932584       2.00306083        1.0014629             0.05  0.000625026493  0.000625437681  61
     0.0594465097      0.362565807      0.013125905  -2.67572694e-05      0.999906276       2.00302108       1.00141667             0.05  0.000625026493  0.000624976791  60
      0.034446529      0.362565919     0.0131259065  -2.67474782e-05        0.9999063       2.00302093       1.00141663             0.05  0.000625026493  0.000625230347  59
    0.00944648912      0.362565887     0.0131259053  -2.66306343e-05      0.999906343       2.00302089       1.00141665             0.05  0.000625026493  0.000625415588  58
     0.0844465085       0.36256573     0.0131259106  -2.66527174e-05      0.999906323       2.00302105        1.0014167             0.05  0.000625026493  0.000624773205  57
     0.0404180194      0.337555816     0.0122225729  -2.84011543e-05      0.999874529       2.00297803       1.00136336             0.05  0.000625026493  0.000625202429  56
     0.0154180429      0.337555834     0.0122225755  -2.83169927e-05      0.999874586       2.00297787       1.00136333             0.05  0.000625026493  0.000625394185  55
      0.090418002      0.337555683     0.0122225793  -2.82729659e-05      0.999874597       2.00297789       1.00136336             0.05  0.000625026493  0.000624795739  54
     0.0654180245      0.337555644     0.0122225843  -2.83696886e-05      0.999874544       2.00297806       1.00136339             0.05  0.000625026493  0.000624966251  53
     0.0214372468       0.31258964     0.0113173635  -1.17736208e-05        0.9998428       2.00293624       1.00131069             0.05  0.000625026493  0.000625359545  52
     0.0964372554      0.312589523     0.0113173702  -1.17020435e-05      0.999842838       2.00293609       1.00131065             0.05  0.000625026493  0.000624826716  51
     0.0714372206      0.312589425     0.0113173681  -1.17618213e-05      0.999842795       2.00293621       1.00131067             0.05  0.000625026493  0.000624949719  50
     0.0464372376      0.312589512     0.0113173772  -1.18218059e-05      0.999842759       2.00293629       1.00131067             0.05  0.000625026493  0.0006251645  49
    0.00254439172      0.287498322     0.0104316156  -2.83199066e-05      0.999833457       2.00291859       1.00129251             0.05  0.000625026493  0.00062540483  48
      0.077544401      0.287498199     0.0104316225   -2.8390706e-05      0.999833439       2.00291859       1.00129249             0.05  0.000625026493  0.000624917333  47
     0.0525443555      0.287498237     0.0104316343  -2.84226212e-05      0.999833402       2.00291864       1.00129248             0.05  0.000625026493  0.000625097614  46
     0.0275443723      0.287498336     0.0104316256  -2.83817279e-05      0.999833419       2.00291866       1.00129251             0.05  0.000625026493  0.000625294529  45
     0.0836553512       0.26263375    0.00952215181   2.02008015e-06      0.999786088       2.00286447       1.00121802             0.05  0.000625026493  0.000624933439  44
     0.0586553683       0.26263374    0.00952216112   1.94630652e-06      0.999786053       2.00286442       1.00121796             0.05  0.000625026493  0.000625080945  43
      0.033655333      0.262633838    0.00952216484   1.96534813e-06       0.99978606       2.00286442       1.00121796             0.05  0.000625026493  0.000625265142  42
    0.00865535531      0.262633831    0.00952216718   2.02456369e-06      0.999786094       2.00286439       1.00121799             0.05  0.000625026493  0.000625399985  41
     0.0648744158      0.237433236    0.00865331061   -2.5805596e-05      0.999803049       2.00287499       1.00124026             0.05  0.000625026493  0.000625050934  40
     0.0398744063      0.237433308    0.00865331289  -2.58159307e-05      0.999803041       2.00287488        1.0012402             0.05  0.000625026493  0.000625217833  39
     0.0148743825      0.237433326    0.00865330994  -2.57393578e-05      0.999803069       2.00287483        1.0012402             0.05  0.000625026493  0.00062535364  38
      0.089874422      0.237433212    0.00865331839   -2.5739632e-05      0.999803075       2.00287489       1.00124024             0.05  0.000625026493  0.000624930894  37
     0.0460750331      0.212650586    0.00774007413   5.75588682e-06      0.999745663        2.0028136       1.00115211             0.05  0.000625026493  0.000625213187  36
      0.021075047      0.212650613    0.00774007966   5.79107501e-06      0.999745702       2.00281346       1.00115207             0.05  0.000625026493  0.00062534675  35
     0.0960750044      0.212650527    0.00774007993   5.85753224e-06      0.999745717       2.00281343       1.00115207             0.05  0.000625026493  0.000624981103  34
     0.0710750374      0.212650475    0.00774007722   5.79910942e-06      0.999745679       2.00281357       1.00115211             0.05  0.000625026493  0.000625065774  33
      0.027357472      0.187437312    0.00687369284  -9.60668828e-06      0.999771868       2.00283402       1.00118855             0.05  0.000625026493  0.000625277419  32
    0.00235750665      0.187437229    0.00687369387  -9.56054615e-06      0.999771884       2.00283384       1.00118848             0.05  0.000625026493  0.000625349705  31
     0.0773574801      0.187437137    0.00687369823  -9.59929322e-06      0.999771849       2.00283395        1.0011885             0.05  0.000625026493  0.000625028939  30
     0.0523574883      0.187437192    0.00687370723  -9.64130278e-06      0.999771834       2.00283403       1.00118853             0.05  0.000625026493  0.000625147842  29
    0.00866743973      0.162542268    0.00597916131  -9.88714502e-06      0.999740011       2.00280044       1.00113987             0.05  0.000625026493  0.000625338872  28
     0.0836674618      0.162542166    0.00597916629  -9.90113184e-06      0.999739984       2.00280046       1.00113985             0.05  0.000625026493  0.00062504639  27
     0.0586674502      0.162542252    0.00597917091  -9.92552738e-06      0.999739949       2.00280049       1.00113983             0.05  0.000625026493  0.000625138275  26
     0.0336674489      0.162542318    0.00597917144  -9.92241863e-06      0.999739978       2.00280052       1.00113987             0.05  0.000625026493  0.000625253777  25
     0.0899547747      0.137616092     0.0050765002   2.47621407e-05      0.999725454        2.0027825       1.00111632             0.05  0.000625026493  0.000625068915  24
     0.0649547962      0.137616022    0.00507650528   2.47007429e-05      0.999725409       2.00278256        1.0011163             0.05  0.000625026493  0.000625139154  23
     0.0399547609      0.137616134    0.00507650811    2.4689338e-05      0.999725437       2.00278251       1.00111631             0.05  0.000625026493  0.000625237447  22
      0.014954778      0.137616189    0.00507651217   2.47337809e-05      0.999725483       2.00278248       1.00111634             0.05  0.000625026493  0.00062531789  21
     0.0713839499      0.112214591    0.00424721431  -4.10010035e-05      0.999781649       2.00283774       1.00120021             0.05  0.000625026493  0.000625098756  20
     0.0463839603      0.112214802    0.00424721723  -4.10044604e-05      0.999781643        2.0028377       1.00120018             0.05  0.000625026493  0.000625178573  19
     0.0213839152      0.112214745    0.00424721083  -4.09677531e-05      0.999781704       2.00283759       1.00120019             0.05  0.000625026493  0.000625250602  18
     0.0963839314      0.112214507    0.00424722278  -4.09678936e-05      0.999781711       2.00283758       1.00120019             0.05  0.000625026493  0.000625052496  17
     0.0526598948     0.0880141991    0.00325063766   6.12019391e-05      0.999670608       2.00272824       1.00103428             0.05  0.000625026493  0.00062522354  16
     0.0276599235      0.088014334    0.00325063812   6.11971724e-05      0.999670681       2.00272813        1.0010343             0.05  0.000625026493  0.000625286246  15
    0.00265988767     0.0880143637    0.00325065253   6.12414311e-05      0.999670709       2.00272795       1.00103423             0.05  0.000625026493  0.000625320344  14
     0.0776598943     0.0880142014    0.00325063955   6.12514331e-05      0.999670641       2.00272813       1.00103426             0.05  0.000625026493  0.000625165119  13
     0.0341900359     0.0617046029    0.00253080709  -6.09911806e-05      0.999950277       2.00302417       1.00146228             0.05  0.000625026493  0.000625082648  12
    0.00919001483      0.061704396    0.00253079292  -6.09793067e-05      0.999950341       2.00302395       1.00146224             0.05  0.000625026493  0.000625117469  11
     0.0841900173     0.0617041295    0.00253081138  -6.09828363e-05       0.99995033         2.003024       1.00146226             0.05  0.000625026493  0.00062499985  10
     0.0591900044     0.0617043374    0.00253081032  -6.09869796e-05      0.999950272       2.00302415       1.00146227             0.05  0.000625026493  0.000625036206  9
     0.0156378984     0.0384858351    0.00146568524   7.33984074e-05      0.999866226       2.00300412       1.00136809             0.05  0.000625026493  0.000625146679  8
     0.0906379117     0.0384858828    0.00146568579   7.34331503e-05      0.999866265       2.00300406       1.00136809             0.05  0.000625026493  0.000625069619  7
     0.0656378528     0.0384857627    0.00146568763   7.34374785e-05       0.99986621       2.00300417       1.00136809             0.05  0.000625026493  0.000625090337  6
     0.0406378362     0.0384857305    0.00146568743   7.34052964e-05      0.999866173       2.00300417       1.00136806             0.05  0.000625026493  0.000625120773  5
     0.0967678942      0.011320175   0.000557278726  -6.14416106e-05       1.00052019       2.00355258       1.00229741             0.05  0.000625026493  0.00062468194  4
     0.0717678561     0.0113201161   0.000557277955  -6.14289066e-05        1.0005202       2.00355308       1.00229767             0.05  0.000625026493  0.000624690969  3
     0.0467678311     0.0113203083   0.000557290554  -6.14048533e-05       1.00052013       2.00355326       1.00229769             0.05  0.000625026493  0.000624705384  2
     0.0217678546     0.0113203876   0.000557287771  -6.14172392e-05       1.00052012       2.00355287       1.00229748             0.05  0.000625026493  0.000624718049  1
