title='particle position' 
variables=x, y, Ux, Uy, rho, e, p, h=supportlength/2, m, V, ID 
      0.025341435     0.0107235144   0.000484348327  -9.89076058e-05       1.00011857       2.00450945       1.00237356             0.05  0.000625026514  0.000624962041  160
      0.050341319     0.0107235175   0.000484341655  -9.88854776e-05       1.00011866       2.00450957       1.00237371             0.05  0.000625026648  0.000624946697  159
     0.0753414399      0.010723013   0.000484350275  -9.89236724e-05       1.00011866       2.00450928       1.00237357             0.05  0.000625026679  0.000624933642  158
   0.000341351126     0.0107229974   0.000484338536  -9.89360034e-05       1.00011858       2.00450912       1.00237341             0.05  0.000625026543  0.000624973495  157
     0.0525297863     0.0391262582    0.00181836953    9.0618845e-05       1.00001649       2.00446787       1.00225046             0.05  0.000625026635  0.000625001433  156
     0.0775299003       0.03912665    0.00181836739   9.06775323e-05       1.00001648       2.00446773       1.00225038             0.05  0.000625026693  0.000624973323  155
    0.00252988455     0.0391267929     0.0018183538   9.06538962e-05       1.00001642       2.00446754       1.00225023             0.05  0.00062502658  0.000625062503  154
     0.0275298732     0.0391263846    0.00181835853   9.06071482e-05       1.00001643       2.00446774       1.00225033             0.05  0.000625026524  0.000625036267  153
     0.0791521354     0.0610697213    0.00264744561   -8.7103867e-05        1.0002021       2.00462388       1.00251451             0.05  0.000625027265  0.000624834784  152
    0.00415213537     0.0610697596    0.00264745318  -8.70826445e-05       1.00020206       2.00462377       1.00251441             0.05  0.000625027248  0.000624967985  151
     0.0291521546     0.0610701989    0.00264745605  -8.70751638e-05       1.00020205       2.00462382       1.00251443             0.05  0.000625027149  0.000624927933  150
     0.0541521515     0.0610701628    0.00264744379  -8.70869461e-05       1.00020209       2.00462388        1.0025145             0.05  0.000625027177  0.000624876067  149
    0.00549928731     0.0885771022    0.00380799891   6.75651877e-05       1.00001272       2.00442286       1.00222418             0.05  0.000625027574  0.000625114097  148
     0.0304993046     0.0885769068    0.00380800216    6.7501695e-05       1.00001277       2.00442306       1.00222433             0.05  0.000625027484  0.000625057451  147
      0.055499237     0.0885766207    0.00380800075   6.75120461e-05       1.00001281       2.00442285       1.00222427             0.05  0.000625027405  0.000624983594  146
     0.0804993041      0.088576812     0.0038080099   6.75783981e-05       1.00001276       2.00442279       1.00222419             0.05  0.000625027502  0.000624924858  145
     0.0323779105      0.111714955    0.00474143733  -6.82148311e-05        1.0002024       2.00460739       1.00250656             0.05  0.000625025113  0.000624946097  144
     0.0573778618      0.111714942     0.0047414307  -6.82057301e-05       1.00020242       2.00460724       1.00250651             0.05  0.000625025082  0.000624854009  143
       0.08237791      0.111714704    0.00474142974  -6.81989943e-05       1.00020241       2.00460716       1.00250645             0.05  0.000625025162  0.000624781476  142
    0.00737785113       0.11171474    0.00474143278  -6.81846264e-05       1.00020239        2.0046072       1.00250645             0.05  0.00062502519  0.000625017631  141
     0.0589720513      0.137915571    0.00580597738   3.44719975e-05       1.00001655       2.00441712       1.00222514             0.05  0.000625023006  0.000624960078  140
     0.0839720484      0.137915575    0.00580598826   3.45235725e-05       1.00001649       2.00441698       1.00222501             0.05  0.000625023097  0.000624870998  139
    0.00897205998      0.137915945    0.00580598129   3.45358846e-05       1.00001648       2.00441677       1.00222491             0.05  0.000625022953  0.000625160062  138
     0.0339720661      0.137915888     0.0058059848   3.44754616e-05       1.00001654       2.00441696       1.00222506             0.05  0.000625022843  0.000625072754  137
     0.0857673228      0.162330477    0.00678954688  -4.00637007e-05       1.00012948       2.00453629       1.00239792             0.05  0.000625025462  0.000624776396  136
       0.01076724       0.16233054    0.00678955512  -4.00527199e-05       1.00012948       2.00453575       1.00239764             0.05  0.000625025108  0.00062511434  135
      0.035767314      0.162330411    0.00678954357   -4.0140951e-05       1.00012951        2.0045358        1.0023977             0.05  0.000625024923  0.000625011979  134
     0.0607672567      0.162330539    0.00678954849  -4.01251298e-05        1.0001295       2.00453629       1.00239794             0.05  0.000625025275  0.000624880172  133
      0.012568531      0.187420054    0.00778784449  -4.62662853e-06       1.00004478       2.00445233       1.00227104             0.05  0.000625027624  0.000625193377  132
     0.0375684948      0.187420075    0.00778783516  -4.68711504e-06       1.00004482       2.00445228       1.00227106             0.05  0.000625027369  0.000625075694  131
     0.0625685315      0.187419872    0.00778783786  -4.68816868e-06       1.00004482       2.00445273       1.00227129             0.05  0.000625027628  0.000624924445  130
     0.0875684552      0.187419629    0.00778784364  -4.64907423e-06       1.00004477       2.00445279       1.00227126             0.05  0.000625027918  0.000624805384  129
     0.0393612448      0.212684842    0.00880185186  -1.17343299e-05       1.00005085        2.0044661       1.00228401             0.05  0.000625027551  0.000625082652  128
      0.064361333      0.212685125    0.00880186474  -1.17590415e-05       1.00005084       2.00446605       1.00228398             0.05  0.000625027455  0.000624911739  127
     0.0893612974      0.212685211     0.0088018519  -1.16385971e-05       1.00005083       2.00446579       1.00228384             0.05  0.00062502749  0.000624777226  126
     0.0143613216      0.212685402    0.00880187356   -1.1651429e-05       1.00005083       2.00446588       1.00228388             0.05  0.00062502759  0.000625215308  125
      0.066277066      0.237215004    0.00976374931   -3.8038159e-05         1.000077       2.00449498       1.00232466             0.05  0.000625026371  0.000624885455  124
     0.0912770095       0.23721464    0.00976375833  -3.79868083e-05       1.00007697       2.00449434       1.00232431             0.05  0.00062502612  0.000624736418  123
     0.0162770385      0.237214918    0.00976375872  -3.79577509e-05       1.00007694       2.00449463       1.00232443             0.05  0.000625026381  0.000625222903  122
     0.0412770562      0.237215091    0.00976374589  -3.80328978e-05       1.00007699       2.00449524       1.00232478             0.05  0.000625026617  0.000625075208  121
     0.0931754839      0.262751963     0.0107818258   2.87795564e-06       1.00002204       2.00445052       1.00224735             0.05  0.000625026415  0.000624746124  120
     0.0181754494      0.262752121     0.0107818241   2.85030091e-06       1.00002206       2.00445071       1.00224746             0.05  0.000625026577  0.00062528271  119
     0.0431754255       0.26275164     0.0107818275    2.7464564e-06       1.00002206       2.00445099       1.00224761             0.05  0.000625026677  0.000625120085  118
     0.0681754038      0.262751495     0.0107818259   2.75294043e-06       1.00002209       2.00445085       1.00224756             0.05  0.000625026516  0.000624910696  117
     0.0201734252      0.287246043     0.0117330374  -5.38928009e-05       1.00009369       2.00453756       1.00236268             0.05  0.000625027686  0.000625259684  116
     0.0451735123      0.287246354     0.0117330338  -5.39693773e-05       1.00009372       2.00453756       1.00236272             0.05  0.000625027629  0.000625082607  115
     0.0701734819      0.287246285     0.0117330194  -5.39747677e-05       1.00009372       2.00453735       1.00236261             0.05  0.000625027468  0.000624854136  114
     0.0951735019      0.287246133       0.01173304  -5.39080777e-05        1.0000937       2.00453735       1.00236259             0.05  0.000625027506  0.000624676805  113
     0.0472215775      0.312652455     0.0127326567  -2.49718703e-06       1.00004259       2.00450121       1.00229329             0.05  0.000625028733  0.000625100584  112
     0.0722214135      0.312651903     0.0127326379  -2.42475732e-06       1.00004256       2.00450128       1.00229329             0.05  0.000625028802  0.000624856265  111
     0.0972215949      0.312652566     0.0127326672  -2.31761288e-06       1.00004253       2.00450101       1.00229313             0.05  0.000625028655  0.00062468024  110
     0.0222214747      0.312652665      0.012732636   -2.3723259e-06       1.00004256       2.00450095       1.00229313             0.05  0.000625028584  0.000625299737  109
     0.0743253694      0.337369893     0.0136861298  -5.24713417e-05       1.00009788       2.00456563       1.00238092             0.05  0.00062502776  0.000624753588  108
      0.099325428      0.337369983      0.013686136  -5.24086375e-05       1.00009787       2.00456524       1.00238071             0.05  0.000625027545  0.000624615474  107
     0.0243253294      0.337369745     0.0136861455  -5.24856855e-05       1.00009793       2.00456471        1.0023805             0.05  0.000625027076  0.000625236785  106
     0.0493254019      0.337369904     0.0136861278  -5.25267642e-05       1.00009792       2.00456506       1.00238068             0.05  0.00062502732  0.000625005537  105
    0.00152251781      0.362526252       0.01465935   -2.1373817e-05       1.00008587       2.00456233       1.00236723             0.05  0.000625024718  0.000625346784  104
     0.0265226103      0.362526388     0.0146593631  -2.14618382e-05       1.00008592       2.00456196        1.0023671             0.05  0.000625024308  0.000625188924  103
     0.0515225132      0.362526186     0.0146593527  -2.15364357e-05       1.00008594       2.00456199       1.00236713             0.05  0.000625024337  0.000624916751  102
     0.0765225916      0.362525851     0.0146593606  -2.14769392e-05       1.00008587       2.00456245        1.0023673             0.05  0.000625024749  0.000624671471  101
       0.02877438      0.387472286     0.0156157362  -4.34914388e-05       1.00010613       2.00459644       1.00240459             0.05  0.000625023219  0.000625133436  100
     0.0537744148      0.387472189     0.0156157329  -4.35169239e-05       1.00010612       2.00459634       1.00240454             0.05  0.000625023187  0.000624832778  99
     0.0787743818      0.387472224     0.0156157248  -4.33972739e-05       1.00010607       2.00459635       1.00240448             0.05  0.000625023315  0.000624588731  98
    0.00377444692      0.387472427     0.0156157308   -4.3353095e-05       1.00010607       2.00459632       1.00240448             0.05  0.000625023339  0.000625352869  97
     0.0561198897      0.412443192     0.0165670288  -4.36497077e-05       1.00012467       2.00463368        1.0024418             0.05  0.000625024062  0.000624791167  96
     0.0811198936      0.412443091     0.0165670205  -4.35384064e-05       1.00012464       2.00463351       1.00244168             0.05  0.00062502406  0.000624539431  95
    0.00611991979      0.412443363     0.0165670199  -4.34999514e-05       1.00012462       2.00463341       1.00244161             0.05  0.000625024039  0.000625362079  94
     0.0311199041      0.412443416     0.0165670254  -4.36144412e-05       1.00012466       2.00463371        1.0024418             0.05  0.000625024047  0.00062511336  93
      0.083551357      0.437522221     0.0175224567  -3.72269472e-05       1.00013039       2.00466227       1.00246182             0.05  0.000625028835  0.000624511776  92
    0.00855121026      0.437522471     0.0175224422  -3.72167497e-05       1.00013038        2.0046622       1.00246178             0.05  0.000625028814  0.000625382857  91
     0.0335513848      0.437522442     0.0175224661  -3.73743766e-05        1.0001304       2.00466244       1.00246192             0.05  0.000625028803  0.000625118454  90
     0.0585511876      0.437522236     0.0175224502  -3.73750042e-05       1.00013041       2.00466245       1.00246193             0.05  0.000625028826  0.000624778117  89
     0.0110613689      0.462404043     0.0184597619  -6.06966335e-05       1.00015359       2.00470853       1.00250822             0.05  0.000625030392  0.000625392209  88
     0.0360614397      0.462404077     0.0184597684  -6.08542122e-05        1.0001536       2.00470866        1.0025083             0.05  0.000625030331  0.000625113699  87
     0.0610613326      0.462403838     0.0184597557   -6.0866892e-05       1.00015363       2.00470875       1.00250837             0.05  0.000625030362  0.000624755083  86
     0.0860613904      0.462403801     0.0184597698  -6.07342695e-05       1.00015362       2.00470862        1.0025083             0.05  0.000625030424  0.00062447458  85
     0.0386889175      0.487537857     0.0194123065   -3.9677901e-05       1.00017112       2.00474957       1.00254631             0.05  0.00062502465  0.000625111294  84
     0.0636889465      0.487537636     0.0194123145   -3.9689883e-05       1.00017114       2.00474965       1.00254637             0.05  0.000625024643  0.000624734253  83
     0.0886888708      0.487537592     0.0194123084  -3.95099962e-05       1.00017113        2.0047496       1.00254634             0.05  0.000625024783  0.000624439547  82
     0.0136889582      0.487537824     0.0194123204  -3.95374532e-05       1.00017111       2.00474959       1.00254631             0.05  0.000625024795  0.000625403962  81
     0.0663911913      0.512388302     0.0203423096  -6.98448394e-05       1.00018277       2.00478714       1.00257678             0.05  0.000625026962  0.000624713273  80
      0.091391159      0.512388248     0.0203423314  -6.96878901e-05       1.00018276       2.00478707       1.00257673             0.05  0.00062502711  0.000624406392  79
     0.0163911893      0.512388441     0.0203423298  -6.96648643e-05       1.00018274       2.00478716       1.00257675             0.05  0.000625027191  0.000625415464  78
     0.0413912277        0.5123885     0.0203423179  -6.98484636e-05       1.00018275       2.00478713       1.00257675             0.05  0.00062502705  0.000625108915  77
     0.0942258765       0.53752624     0.0212937653  -5.22923672e-05       1.00021674       2.00485604       1.00264529             0.05  0.000625023939  0.000624353036  76
     0.0192257994      0.537526432     0.0212937576  -5.23579171e-05       1.00021675        2.0048562       1.00264538             0.05  0.00062502404  0.000625392768  75
     0.0442259277      0.537526468     0.0212937453   -5.2511847e-05       1.00021676       2.00485623        1.0026454             0.05  0.000625023972  0.000625059565  74
     0.0692258049      0.537526307     0.0212937444  -5.24522257e-05       1.00021675       2.00485619       1.00264538             0.05  0.000625023874  0.000624649889  73
     0.0221516818      0.562404306     0.0222253334  -6.96271244e-05       1.00022433       2.00490007       1.00267492             0.05  0.000625028418  0.000625333136  72
     0.0471516214      0.562404377     0.0222252958  -6.97557148e-05       1.00022435       2.00490016       1.00267498             0.05  0.000625028401  0.000624955794  71
     0.0721517165      0.562404246     0.0222253178  -6.96715458e-05       1.00022433       2.00490015       1.00267495             0.05  0.000625028354  0.00062454359  70
     0.0971515764      0.562404204     0.0222253094  -6.95262014e-05        1.0002243       2.00489997       1.00267484             0.05  0.000625028367  0.00062431359  69
     0.0502051073      0.587464739     0.0231749403  -7.49223842e-05       1.00025221        2.0049627       1.00273419             0.05  0.000625025799  0.000624787232  68
     0.0752051977      0.587464663     0.0231749717  -7.48144796e-05       1.00025216       2.00496262       1.00273409             0.05  0.000625025737  0.000624396014  67
   0.000205071825      0.587464655     0.0231749383  -7.46453045e-05       1.00025215       2.00496254       1.00273405             0.05  0.000625025762  0.000625466966  66
     0.0252051698      0.587464706     0.0231749721  -7.48049623e-05        1.0002522       2.00496267       1.00273416             0.05  0.000625025819  0.000625219285  65
     0.0783891151      0.612483388     0.0241228367  -6.06993208e-05       1.00027517       2.00502667        1.0027892             0.05  0.000625026866  0.000624284687  64
    0.00338915678      0.612483346     0.0241228447  -6.06647292e-05       1.00027516       2.00502663       1.00278916             0.05  0.000625026855  0.000625465009  63
     0.0283890862      0.612483381     0.0241228348  -6.08152182e-05       1.00027521       2.00502683       1.00278932             0.05  0.000625026983  0.000625126959  62
     0.0533891776      0.612483492      0.024122846  -6.08700442e-05       1.00027522       2.00502688       1.00278935             0.05  0.000625026994  0.000624661876  61
    0.00667246754      0.637327021     0.0250584728   -9.9522967e-05       1.00025785       2.00506371       1.00279036             0.05  0.000625023653  0.000625489871  60
     0.0316724071      0.637326878     0.0250584791  -9.97506735e-05        1.0002579       2.00506404       1.00279057             0.05  0.000625023897  0.000625115289  59
     0.0566724719      0.637326828     0.0250584866  -9.98336251e-05        1.0002579       2.00506409        1.0027906             0.05  0.000625023957  0.000624628243  58
     0.0816724458       0.63732687     0.0250584693  -9.96574021e-05       1.00025786       2.00506371       1.00279036             0.05  0.000625023716  0.00062424906  57
     0.0351539277      0.662631123     0.0260427879  -4.75508109e-05       1.00030714       2.00517176       1.00289381             0.05  0.000625025052  0.000625090454  56
     0.0601538422      0.662631451     0.0260428167  -4.74989659e-05       1.00030717       2.00517192       1.00289393             0.05  0.000625025198  0.00062458493  55
     0.0851539561      0.662631207     0.0260428023  -4.72813167e-05       1.00030713       2.00517131       1.00289358             0.05  0.000625024832  0.000624191759  54
     0.0101538177      0.662631161     0.0260427813  -4.73486953e-05       1.00030709       2.00517124        1.0028935             0.05  0.000625024718  0.000625480587  53
     0.0636789556      0.687145623     0.0269478449  -0.000115316608       1.00023223       2.00515619       1.00281093             0.05  0.000625026378  0.000624618837  52
     0.0886789705      0.687145677     0.0269478362  -0.000115135489        1.0002322       2.00515568       1.00281064             0.05  0.000625026116  0.000624212892  51
     0.0136789864      0.687146095       0.02694787  -0.000114998808       1.00023216       2.00515555       1.00281053             0.05  0.00062502594  0.000625547079  50
     0.0386789558       0.68714572     0.0269478452  -0.000115274402       1.00023218       2.00515609       1.00281082             0.05  0.000625026248  0.00062514265  49
     0.0924913533      0.712771351     0.0279826573  -4.06440303e-05       1.00029462       2.00528876       1.00293978             0.05  0.000625024995  0.000624135946  48
     0.0174914338      0.712771378     0.0279826349  -4.08403369e-05       1.00029456         2.005289       1.00293984             0.05  0.000625025061  0.000625503548  47
      0.042491291      0.712771208     0.0279825882  -4.10059862e-05       1.00029461       2.00528917       1.00293998             0.05  0.000625025067  0.000625066267  46
     0.0674914614      0.712771734     0.0279826551  -4.08925031e-05       1.00029467       2.00528895       1.00293992             0.05  0.000625025007  0.000624527208  45
     0.0212858654       0.73704524     0.0288620471  -0.000108708597       1.00020116       2.00527825       1.00284081             0.05  0.000625029766  0.000625490574  44
     0.0462857116       0.73704479     0.0288619566  -0.000108950944       1.00020122       2.00527825       1.00284087             0.05  0.000625029617  0.000624997825  43
      0.071285807      0.737044629     0.0288619934  -0.000108844836       1.00020126       2.00527761       1.00284059             0.05  0.000625029312  0.000624457355  42
     0.0962857062      0.737044724     0.0288619555  -0.000108656232       1.00020121       2.00527756       1.00284052             0.05  0.000625029425  0.000624151585  41
     0.0504306439      0.762745787     0.0299260102  -5.18218279e-05       1.00022203       2.00538671       1.00291598             0.05  0.000625026809  0.000624783595  40
     0.0754307076      0.762745995     0.0299260764  -5.16209342e-05       1.00022204       2.00538603       1.00291565             0.05  0.000625026512  0.000624275872  39
   0.000430726714      0.762745898     0.0299259932  -5.15052149e-05       1.00022197       2.00538582       1.00291547             0.05  0.000625026549  0.000625666811  38
     0.0254307238      0.762745904      0.029926045  -5.17099402e-05       1.00022198       2.00538649       1.00291582             0.05  0.000625026824  0.000625344924  37
     0.0795715224      0.787197227     0.0308364634  -7.21290806e-05       1.00017089       2.00544042       1.00289157             0.05  0.000625026953  0.000624193793  36
    0.00457153396      0.787197447      0.030836523  -7.19842326e-05       1.00017085       2.00544015       1.00289139             0.05  0.000625026921  0.000625703062  35
     0.0295715792      0.787197789     0.0308365034  -7.22013259e-05       1.00017086       2.00544049       1.00289157             0.05  0.000625026995  0.000625272029  34
     0.0545715339       0.78719743      0.030836473  -7.23507621e-05       1.00017091       2.00544081       1.00289177             0.05  0.000625027027  0.000624676183  33
    0.00899339144      0.812407596     0.0318515871  -7.90932473e-05       1.00005597       2.00544826       1.00278025             0.05  0.000625024653  0.000625783794  32
     0.0339932659      0.812407696     0.0318515802  -7.94043345e-05       1.00005603       2.00544844        1.0027804             0.05  0.00062502462  0.000625311209  31
     0.0589933838      0.812407574     0.0318515775  -7.94520315e-05       1.00005603       2.00544867       1.00278052             0.05  0.000625024625  0.000624692849  30
     0.0839931839      0.812407521     0.0318515469  -7.91945692e-05       1.00005597       2.00544843       1.00278034             0.05  0.000625024661  0.00062421367  29
      0.038645775      0.837713878     0.0329191161  -8.31792933e-06       1.00005993        2.0055979       1.00285905             0.05  0.000625025586  0.000625307152  28
     0.0636457928      0.837713607      0.032919165  -8.26573883e-06        1.0000599       2.00559805       1.00285909             0.05  0.00062502557  0.000624669206  27
     0.0886457802      0.837713489     0.0329191618  -7.94667863e-06       1.00005983       2.00559784       1.00285892             0.05  0.000625025612  0.00062417804  26
     0.0136458064      0.837713726      0.032919071  -8.09717589e-06       1.00005986       2.00559776       1.00285891             0.05  0.000625025629  0.000625797583  25
     0.0682258182      0.861748789     0.0337790144  -0.000110655356      0.999764002       2.00548677       1.00250674             0.05  0.000625025429  0.000624793128  24
     0.0932257241      0.861748642     0.0337789476   -0.00011043765      0.999763977       2.00547667       1.00250167             0.05  0.000625025511  0.000624318173  23
     0.0182257788       0.86174878     0.0337791796  -0.000110286981      0.999764098        2.0054768       1.00250185             0.05  0.000625025566  0.000625975321  22
     0.0432258823      0.861748847     0.0337790831  -0.000110650996      0.999764131       2.00547683        1.0025019             0.05  0.000625025483  0.000625446704  21
       0.09862319      0.888526734      0.035146074   7.33923734e-05      0.999782165       2.00571662       1.00263985             0.05  0.000625027452  0.000624249626  20
     0.0236230162      0.888526801     0.0351457928   7.28400704e-05      0.999782256       2.00571684       1.00264005             0.05  0.000625027546  0.000625872384  19
     0.0486230464      0.888526884     0.0351459247   7.27705267e-05      0.999782245       2.00571675          1.00264             0.05  0.000625027446  0.000625267452  18
     0.0736230729      0.888526727     0.0351460485   7.30912922e-05      0.999782188       2.00571665       1.00263989             0.05  0.000625027359  0.000624612844  17
     0.0282004412      0.910939649      0.035781916  -0.000147876021      0.999386395       2.00560766        1.0021885             0.05  0.000625027122  0.000625983865  16
     0.0532004262      0.910939554     0.0357816408  -0.000148269276      0.999386388        2.0056075       1.00218842             0.05  0.000625027025  0.000625308965  15
     0.0782004068      0.910939578     0.0357815725  -0.000148224149      0.999386259       2.00560726       1.00218817             0.05  0.000625026923  0.000624686748  14
    0.00320021623      0.910939446     0.0357820327  -0.000147579414      0.999386302       2.00560743       1.00218829             0.05  0.000625027025  0.000626355978  13
     0.0595540558      0.939379567     0.0374426506   0.000156686914      0.999392938        2.0060799       1.00243104             0.05  0.00062502858  0.000625109614  12
     0.0845542298      0.939379521     0.0374427876   0.000157097555      0.999392857       2.00607964       1.00243083             0.05  0.0006250291  0.000624542794  11
    0.00955419356      0.939379545     0.0374422731   0.000156580024       0.99939286       2.00606982       1.00242593             0.05  0.000625029213  0.000626333823  10
     0.0345540733      0.939379373     0.0374424383   0.000156426193      0.999392958       2.00607005       1.00242614             0.05  0.000625028692  0.000625818401  9
     0.0888055287      0.960269366     0.0379987549  -0.000191630514      0.998954751       2.00640494       1.00215387             0.05  0.000625029648  0.000624834951  8
     0.0138052448      0.960269488     0.0379992546  -0.000191083617      0.998954873       2.00640518       1.00215412             0.05  0.000625029821  0.000626534931  7
      0.038805662      0.960269554     0.0379991193  -0.000191421409      0.998954904        2.0063954       1.00214926             0.05  0.000625029994  0.000626021467  6
     0.0638053166      0.960269382     0.0379988844  -0.000191677012      0.998954733       2.00639518       1.00214898             0.05  0.0006250298  0.000625348266  5
      0.022502847      0.989898204     0.0396825712    0.00020593266      0.999119333       2.00737306       1.00280262             0.05  0.000625029051  0.00062613804  4
     0.0475023324      0.989898043     0.0396826455   0.000205940091      0.999119156       2.00737281       1.00280231             0.05  0.000625029304  0.000625734309  3
     0.0725028689      0.989898311     0.0396826278   0.000206349804      0.999118966       2.00737273       1.00280208             0.05  0.000625028426  0.00062525757  2
      0.097502396      0.989898309     0.0396826233   0.000206579987      0.999119192       2.00737276       1.00280232             0.05  0.00062502817  0.00062494422  1
