title='particle position' 
variables=x, y, Ux, Uy, rho, e, p, h=supportlength/2, m, V, ID 
     0.0235447245      0.011033712   0.000374419812  -7.67106929e-05       1.00037401       2.00400531       1.00237741             0.05  0.000625026514  0.000624808422  160
     0.0485446287     0.0110336486   0.000374416835  -7.66990459e-05       1.00037407       2.00400538       1.00237751             0.05  0.000625026648  0.000624798021  159
     0.0735447184     0.0110332912   0.000374423149  -7.67339952e-05       1.00037411       2.00400526       1.00237749             0.05  0.000625026679  0.000624785713  158
     0.0985446673      0.011033336   0.000374413231  -7.67478564e-05       1.00037404       2.00400516       1.00237737             0.05  0.000625026543  0.000624776579  157
     0.0458943193     0.0388128312    0.00135198236   8.20583803e-05       1.00027007       2.00395305       1.00224713             0.05  0.000625026635  0.000624870507  156
     0.0708944129     0.0388130333    0.00135199171   8.20966898e-05        1.0002701       2.00395303       1.00224715             0.05  0.000625026693  0.000624841924  155
     0.0958944095     0.0388131683    0.00135199008   8.21106993e-05       1.00027009       2.00395288       1.00224706             0.05  0.00062502658  0.000624820653  154
     0.0208944196     0.0388129375    0.00135198413   8.20694637e-05       1.00027005       2.00395293       1.00224705             0.05  0.000625026524  0.000624893807  153
     0.0685812819     0.0613553582    0.00235041059  -8.28044411e-05        1.0005213       2.00417131       1.00260804             0.05  0.000625027265  0.000624676172  152
       0.09358126     0.0613552899    0.00235041128   -8.2775219e-05       1.00052127       2.00417122       1.00260797             0.05  0.000625027248  0.00062464257  151
     0.0185812579      0.061355632    0.00235041542  -8.27486967e-05       1.00052125       2.00417119       1.00260793             0.05  0.000625027149  0.000624757422  150
     0.0435812746     0.0613556973    0.00235041872  -8.27805299e-05       1.00052127       2.00417123       1.00260797             0.05  0.000625027177  0.000624721061  149
     0.0903047119     0.0882912042    0.00334268013   8.07799587e-05       1.00039096       2.00402178       1.00240263             0.05  0.000625027574  0.000624697074  148
     0.0153047287     0.0882912509     0.0033426834    8.0727137e-05       1.00039096       2.00402181       1.00240265             0.05  0.000625027484  0.000624865015  147
      0.040304694     0.0882910392    0.00334267324   8.06959808e-05       1.00039098       2.00402166        1.0024026             0.05  0.000625027405  0.000624812853  146
     0.0653047194     0.0882910229    0.00334268207    8.0733797e-05       1.00039096       2.00402171        1.0024026             0.05  0.000625027502  0.00062474723  145
     0.0130107047       0.11191065    0.00434511227   -6.0229983e-05        1.0005822        2.0042105       1.00268868             0.05  0.000625025113  0.00062476796  144
     0.0380106628      0.111910667    0.00434511232  -6.02442739e-05       1.00058218       2.00421042       1.00268862             0.05  0.000625025082  0.000624701092  143
     0.0630107492      0.111910515    0.00434510057  -6.02833728e-05       1.00058219       2.00421048       1.00268866             0.05  0.000625025162  0.000624617009  142
     0.0880106765      0.111910486    0.00434510348  -6.02716692e-05        1.0005822       2.00421048       1.00268866             0.05  0.00062502519  0.000624552911  141
      0.035135064      0.137710229    0.00536227008   5.70598088e-05       1.00041671       2.00404034       1.00243772             0.05  0.000625023006  0.000624814643  140
     0.0601350334      0.137710137    0.00536226842   5.70552316e-05       1.00041669       2.00404036       1.00243771             0.05  0.000625023097  0.000624710306  139
     0.0851350507      0.137710267    0.00536227341   5.71327596e-05       1.00041673       2.00404013       1.00243764             0.05  0.000625022953  0.000624629925  138
     0.0101350435      0.137710392    0.00536227763   5.71095239e-05       1.00041674       2.00404008       1.00243762             0.05  0.000625022843  0.000624897037  137
     0.0576356166      0.162380739    0.00637920883  -1.01424238e-05       1.00047578       2.00411168        1.0025326             0.05  0.000625025462  0.000624663966  136
      0.082635532      0.162380665    0.00637920232  -1.01008328e-05        1.0004758        2.0041111       1.00253233             0.05  0.000625025108  0.000624568518  135
    0.00763563421      0.162380712    0.00637920496  -1.01083978e-05       1.00047581        2.0041109       1.00253224             0.05  0.000625024923  0.000624885689  134
     0.0326355527      0.162380895    0.00637919832  -1.01292975e-05       1.00047575       2.00411149       1.00253248             0.05  0.000625025275  0.000624787937  133
     0.0800920874      0.187329192    0.00741082228   2.44402378e-05       1.00042277       2.00406252       1.00245489             0.05  0.000625027624  0.000624578937  132
     0.0050920745      0.187329329    0.00741081535   2.44465153e-05       1.00042277       2.00406217       1.00245472             0.05  0.000625027369  0.000624946223  131
     0.0300921149      0.187329299    0.00741080457   2.43898496e-05       1.00042274       2.00406275       1.00245497             0.05  0.000625027628  0.000624833897  130
     0.0550920222      0.187329045    0.00741080574   2.43560702e-05       1.00042271       2.00406303       1.00245508             0.05  0.000625027918  0.00062468983  129
    0.00252604504      0.212588319     0.0084392212   3.57632987e-05       1.00037021       2.00402213       1.00238202             0.05  0.000625027551  0.00062500892  128
     0.0275260664      0.212588954    0.00843923552   3.56609892e-05       1.00037016       2.00402223       1.00238202             0.05  0.000625027455  0.000624892595  127
     0.0525260969      0.212588734    0.00843922139    3.5666598e-05       1.00037016       2.00402219         1.002382             0.05  0.00062502749  0.000624730436  126
     0.0775260428      0.212588772    0.00843923158   3.57176603e-05       1.00037022       2.00402223       1.00238208             0.05  0.00062502759  0.000624598327  125
     0.0251808241      0.237211586    0.00947684328   6.66202684e-06       1.00039362       2.00405359       1.00242121             0.05  0.000625026371  0.000624929682  124
     0.0501807731      0.237211224    0.00947684412   6.57226177e-06       1.00039364       2.00405324       1.00242105             0.05  0.00062502612  0.000624755268  123
     0.0751808315      0.237211229    0.00947682575   6.62275402e-06       1.00039362       2.00405342       1.00242112             0.05  0.000625026381  0.000624594903  122
   0.000180841401      0.237211438    0.00947684357   6.72028951e-06       1.00039364       2.00405369       1.00242128             0.05  0.000625026617  0.000625023975  121
     0.0477176962      0.262573845     0.0105183622   5.74990422e-05       1.00030741       2.00398264       1.00229934             0.05  0.000625026415  0.000624877462  120
      0.072717649      0.262573768     0.0105183576   5.75642073e-05       1.00030745       2.00398272       1.00229942             0.05  0.000625026577  0.000624681272  119
     0.0977176337      0.262573556       0.01051835   5.76042305e-05       1.00030741       2.00398266       1.00229935             0.05  0.000625026677  0.000624565499  118
      0.022717623      0.262573659     0.0105183406   5.75213802e-05       1.00030745       2.00398271       1.00229942             0.05  0.000625026516  0.000625053476  117
     0.0704922709      0.287256312     0.0115627926   1.25176243e-05        1.0003344       2.00403212       1.00235114             0.05  0.000625027686  0.000624689609  116
     0.0954923273      0.287256609     0.0115627994   1.26356043e-05       1.00033443       2.00403183       1.00235101             0.05  0.000625027629  0.000624526602  115
     0.0204923296      0.287256814      0.011562792    1.2631829e-05       1.00033443       2.00403178       1.00235099             0.05  0.000625027468  0.000625093476  114
     0.0454923238      0.287256655      0.011562798   1.25127778e-05       1.00033445       2.00403208       1.00235117             0.05  0.000625027506  0.000624912355  113
     0.0932285547      0.312471375     0.0126164476   5.88964077e-05       1.00026898       2.00398752       1.00226328             0.05  0.000625028733  0.000624544089  112
     0.0182284878      0.312470943     0.0126164214   5.88937967e-05         1.000269       2.00398777       1.00226342             0.05  0.000625028802  0.000625171503  111
     0.0432285773      0.312471463     0.0126164512   5.87587531e-05       1.00026898       2.00398778       1.00226341             0.05  0.000625028655  0.000624979198  110
     0.0682285334      0.312471251     0.0126164419   5.88099376e-05       1.00026898       2.00398754       1.00226328             0.05  0.000625028584  0.000624733706  109
     0.0161253551      0.337334736     0.0136697437   3.12742378e-05       1.00026197       2.00399856       1.00226177             0.05  0.00062502776  0.000625202797  108
     0.0411253569      0.337334763     0.0136697674   3.11437961e-05       1.00026196       2.00399846       1.00226171             0.05  0.000625027545  0.000624994289  107
     0.0661252933      0.337334358     0.0136697528   3.11124638e-05       1.00026196       2.00399772       1.00226134             0.05  0.000625027076  0.000624728627  106
     0.0911253874      0.337334489     0.0136697377   3.12618833e-05       1.00026195       2.00399782       1.00226138             0.05  0.00062502732  0.000624522113  105
     0.0390869028      0.362385176      0.014731349   5.33147578e-05       1.00022695       2.00398097       1.00221789             0.05  0.000625024718  0.000625025259  104
     0.0640869914      0.362385087     0.0147313591   5.33262371e-05       1.00022691       2.00398036       1.00221754             0.05  0.000625024308  0.000624739002  103
      0.089086925      0.362385045     0.0147313314    5.3465607e-05       1.00022696        2.0039802       1.00221751             0.05  0.000625024337  0.000624516136  102
     0.0140869992      0.362385052     0.0147313391   5.34217094e-05       1.00022696       2.00398081       1.00221782             0.05  0.000625024749  0.000625249922  101
      0.062154818       0.38737751     0.0157932337   4.89895278e-05       1.00019033       2.00396772       1.00217457             0.05  0.000625023219  0.000624751091  100
     0.0871548597      0.387377443     0.0157932312   4.91532527e-05       1.00019035       2.00396744       1.00217445             0.05  0.000625023187  0.000624511926  99
     0.0121548435      0.387377679     0.0157932301   4.91547059e-05       1.00019038        2.0039676       1.00217455             0.05  0.000625023315  0.000625298824  98
     0.0371548676      0.387377789     0.0157932442   4.90085509e-05       1.00019034       2.00396779       1.00217461             0.05  0.000625023339  0.000625058026  97
     0.0853439895      0.412344184     0.0168586819    5.0445084e-05       1.00016876       2.00397467       1.00215643             0.05  0.000625024062  0.000624499866  96
     0.0103440055      0.412344368     0.0168586826   5.04289944e-05        1.0001688       2.00397461       1.00215644             0.05  0.00062502406  0.000625339954  95
     0.0353439984      0.412344525     0.0168586957   5.02733115e-05       1.00016877       2.00397474       1.00215647             0.05  0.000625024039  0.000625082888  94
     0.0603439982      0.412344325     0.0168586874   5.02793193e-05       1.00016872       2.00397485       1.00215647             0.05  0.000625024047  0.000624755342  93
    0.00863403447      0.437387087      0.017925871   6.09391741e-05       1.00012401       2.00396335       1.00210593             0.05  0.000625028835  0.00062539649  92
     0.0336339044      0.437387247     0.0179258664   6.07682874e-05       1.00012397       2.00396347       1.00210595             0.05  0.000625028814  0.000625123168  91
     0.0586340296      0.437387088     0.0179258681   6.07707462e-05       1.00012393       2.00396356       1.00210596             0.05  0.000625028803  0.000624774837  90
     0.0836338918      0.437386937     0.0179258578   6.09465168e-05       1.00012395       2.00396343       1.00210591             0.05  0.000625028826  0.000624502922  89
     0.0320632456      0.462330659     0.0189914014   5.08834396e-05       1.00009729       2.00397095       1.00208296             0.05  0.000625030392  0.000625150852  88
      0.057063282      0.462330558      0.018991398   5.08693459e-05       1.00009723       2.00397095        1.0020829             0.05  0.000625030331  0.000624781855  87
     0.0820632298      0.462330329     0.0189913921   5.10511142e-05       1.00009726        2.0039709        1.0020829             0.05  0.000625030362  0.000624493601  86
    0.00706325062      0.462330469     0.0189914075   5.10674486e-05        1.0000973       2.00397084       1.00208292             0.05  0.000625030424  0.000625440466  85
     0.0556085966      0.487389877     0.0200584296   6.70264128e-05       1.00006179       2.00397035       1.00204709             0.05  0.00062502465  0.000624793073  84
     0.0806085859      0.487389729     0.0200584542   6.72290454e-05        1.0000618       2.00397031       1.00204708             0.05  0.000625024643  0.000624488361  83
    0.00560857947      0.487389768     0.0200584501   6.72170616e-05       1.00006183       2.00397029        1.0020471             0.05  0.000625024783  0.000625488736  82
     0.0306085994      0.487389988     0.0200584533   6.70219825e-05       1.00006182       2.00397044       1.00204716             0.05  0.000625024795  0.00062518286  81
     0.0793052652      0.512320907     0.0211194835   5.37918257e-05       1.00002113       2.00396711       1.00200472             0.05  0.000625026962  0.000624486519  80
    0.00430520921      0.512320951     0.0211194996   5.38127298e-05       1.00002114       2.00396704        1.0020047             0.05  0.00062502711  0.000625540022  79
     0.0293052611      0.512321105     0.0211194782   5.36052447e-05       1.00002114       2.00396728       1.00200482             0.05  0.000625027191  0.000625217906  78
     0.0543052603      0.512321115      0.021119472   5.35884311e-05       1.00002113       2.00396719       1.00200476             0.05  0.00062502705  0.000624807516  77
    0.00312674818      0.537395549     0.0221800662   6.83322533e-05      0.999999032        2.0039919       1.00199498             0.05  0.000625023939  0.000625580573  76
     0.0281266628      0.537395723     0.0221800503   6.81256114e-05      0.999999026       2.00399213       1.00199509             0.05  0.00062502404  0.000625242322  75
     0.0531267711      0.537395703     0.0221800348   6.81189158e-05      0.999999036       2.00399216       1.00199511             0.05  0.000625023972  0.00062481129  74
     0.0781266663      0.537395563     0.0221800555   6.83282416e-05      0.999999041       2.00399207       1.00199508             0.05  0.000625023874  0.000624473881  73
      0.027118963      0.562321455     0.0232313212   5.89493898e-05      0.999950429       2.00399137       1.00194602             0.05  0.000625028418  0.000625288164  72
     0.0521188981      0.562321507     0.0232313179   5.89144514e-05      0.999950459       2.00399148        1.0019461             0.05  0.000625028401  0.000624835638  71
     0.0771189892      0.562321387     0.0232313339   5.91239413e-05      0.999950456       2.00399146       1.00194609             0.05  0.000625028354  0.000624483143  70
    0.00211885524      0.562321374     0.0232313371   5.91605242e-05      0.999950424       2.00399124       1.00194594             0.05  0.000625028367  0.000625638281  69
     0.0512393496      0.587383981     0.0242782189   6.22845219e-05      0.999930807       2.00401792       1.00193963             0.05  0.000625025799  0.000624880924  68
     0.0762393845      0.587383917     0.0242782277   6.24587067e-05      0.999930808       2.00401788       1.00193961             0.05  0.000625025737  0.000624502029  67
    0.00123934092      0.587383862     0.0242782019   6.25361433e-05       0.99993078       2.00401774       1.00193951             0.05  0.000625025762  0.000625679001  66
     0.0262393683      0.587383997     0.0242782215   6.23466817e-05      0.999930776       2.00401784       1.00193956             0.05  0.000625025819  0.000625345594  65
     0.0755425672      0.612363328     0.0253150851   6.82424875e-05      0.999894382       2.00403355       1.00191094             0.05  0.000625026866  0.000624595314  64
   0.000542561068      0.612363346     0.0253151066    6.8351792e-05      0.999894349       2.00403341       1.00191084             0.05  0.000625026855  0.000625728916  63
     0.0255425528      0.612363358     0.0253150752   6.82340782e-05      0.999894345       2.00403358       1.00191092             0.05  0.000625026983  0.000625477528  62
     0.0505425815      0.612363433     0.0253151296   6.81231456e-05      0.999894375       2.00403368         1.001911             0.05  0.000625026994  0.000625016721  61
     0.0999947752      0.637321203     0.0263400323   4.98624846e-05      0.999853489       2.00405641        1.0018814             0.05  0.000625023653  0.000624456367  60
      0.024994689      0.637321199     0.0263400169   4.97526817e-05       0.99985346        2.0040567       1.00188151             0.05  0.000625023897  0.00062564892  59
     0.0499947597      0.637321173     0.0263400532   4.95996477e-05      0.999853481       2.00405683        1.0018816             0.05  0.000625023957  0.000625213529  58
     0.0749947217      0.637321179     0.0263400206   4.96939246e-05      0.999853496       2.00405653       1.00188146             0.05  0.000625023716  0.000624731708  57
     0.0246088758      0.662469797     0.0273603635   7.83784245e-05      0.999851991        2.0041237       1.00191353             0.05  0.000625025052  0.000625766408  56
     0.0496087416      0.662469979     0.0273604014   7.82284672e-05      0.999851976       2.00412389       1.00191362             0.05  0.000625025198  0.000625340843  55
     0.0746088583       0.66246971     0.0273603776   7.82833103e-05      0.999852006       2.00412339        1.0019134             0.05  0.000625024832  0.000624816366  54
     0.0996087166      0.662469715     0.0273603667   7.84807862e-05      0.999851978       2.00412318       1.00191326             0.05  0.000625024718  0.000624434417  53
     0.0494291839       0.68720792     0.0283545769   3.61088991e-05      0.999774883       2.00411299       1.00183092             0.05  0.000625026378  0.000625439216  52
     0.0744291688      0.687207934     0.0283545868   3.60866514e-05      0.999774881       2.00411258       1.00183071             0.05  0.000625026116  0.000624887243  51
     0.0994292441      0.687208135      0.028354567   3.63422099e-05      0.999774905       2.00411232        1.0018306             0.05  0.00062502594  0.000624459572  50
     0.0244291817      0.687208005     0.0283545639   3.63510082e-05      0.999774868       2.00411283       1.00183082             0.05  0.000625026248  0.000625870957  49
     0.0743511287      0.712604413     0.0293563965   8.01492531e-05      0.999810396        2.0042274       1.00192369             0.05  0.000625024995  0.000624855782  48
     0.0993510909      0.712604569     0.0293564418   8.03799396e-05      0.999810379       2.00422745        1.0019237             0.05  0.000625025061  0.000624413711  47
     0.0243510988       0.71260446     0.0293563987   8.03086094e-05      0.999810384       2.00422762       1.00192379             0.05  0.000625025067  0.000625873831  46
     0.0493511488      0.712605058     0.0293564249   8.00442288e-05      0.999810396       2.00422747       1.00192373             0.05  0.000625025007  0.000625427624  45
      0.099559761      0.737121458      0.030314924   3.20210701e-05       0.99971856       2.00422342       1.00182968             0.05  0.000625029766  0.000624445401  44
     0.0245595916      0.737121354     0.0303149147   3.19754223e-05      0.999718597       2.00422345       1.00182973             0.05  0.000625029617  0.000625915799  43
     0.0495596938      0.737121184     0.0303148839   3.17690341e-05      0.999718611       2.00422292       1.00182948             0.05  0.000625029312  0.000625442247  42
     0.0745596308      0.737121167      0.030314902   3.17932707e-05      0.999718608       2.00422301       1.00182952             0.05  0.000625029425  0.000624862116  41
     0.0248085719      0.762649627     0.0312933042   6.46912067e-05      0.999751554        2.0043499       1.00192596             0.05  0.000625026809  0.000625800436  40
     0.0498085547      0.762649742     0.0312932767   6.45817393e-05      0.999751594       2.00434939       1.00192575             0.05  0.000625026512  0.000625279076  39
     0.0748086403      0.762649544      0.031293287   6.47016417e-05      0.999751546       2.00434929       1.00192565             0.05  0.000625026549  0.000624709693  38
      0.099808558      0.762649635     0.0312933061   6.48471282e-05      0.999751555       2.00434964       1.00192583             0.05  0.000625026824  0.000624397147  37
     0.0503869079      0.787203412     0.0322208861   4.23660862e-05      0.999707399       2.00441397       1.00191374             0.05  0.000625026953  0.000625097355  36
     0.0753868796      0.787203411     0.0322209352   4.25148305e-05        0.9997074       2.00441378       1.00191365             0.05  0.000625026921  0.000624563357  35
   0.000386950906       0.78720366     0.0322208867   4.26872805e-05      0.999707377       2.00441379       1.00191362             0.05  0.000625026995  0.000626021231  34
     0.0253868661      0.787203659     0.0322209444   4.24916283e-05      0.999707397       2.00441418       1.00191384             0.05  0.000625027027  0.000625687423  33
     0.0760242568      0.812460648     0.0331622047   3.16907044e-05      0.999673396       2.00450137       1.00192335             0.05  0.000625024653  0.000624448606  32
    0.00102410707      0.812460881     0.0331621998   3.17743957e-05      0.999673401       2.00450124       1.00192329             0.05  0.00062502462  0.000626063528  31
      0.026024253      0.812460922       0.03316221   3.15518764e-05      0.999673385       2.00450157       1.00192343             0.05  0.000625024625  0.000625601923  30
      0.051024071      0.812460746     0.0331622107    3.1487484e-05       0.99967339       2.00450156       1.00192343             0.05  0.000625024661  0.000624965864  29
    0.00191053773      0.837574095     0.0340770901   6.39325652e-05      0.999734686       2.00470594       1.00208703             0.05  0.000625025586  0.000626045133  28
     0.0269105104      0.837574086     0.0340771394   6.36747096e-05      0.999734645       2.00470621       1.00208712             0.05  0.00062502557  0.00062553152  27
     0.0519105108      0.837573821     0.0340771245   6.36899121e-05      0.999734645       2.00470624       1.00208714             0.05  0.000625025612  0.000624867576  26
     0.0769105095      0.837573851     0.0340771202   6.39812246e-05      0.999734695        2.0047061       1.00208712             0.05  0.000625025629  0.000624349352  25
     0.0280258725      0.861988118     0.0349640702  -9.83058715e-06      0.999587193       2.00472879       1.00195061             0.05  0.000625025429  0.000625624665  24
     0.0530258453      0.861987913     0.0349640952  -9.90622444e-06      0.999587214       2.00471894       1.00194571             0.05  0.000625025511  0.00062494544  23
     0.0780258388       0.86198773     0.0349640481  -9.66020361e-06      0.999587273       2.00471885       1.00194572             0.05  0.000625025566  0.000624413393  22
    0.00302584325      0.861987951     0.0349640421  -9.51736235e-06      0.999587258       2.00471863        1.0019456             0.05  0.000625025483  0.000626158235  21
     0.0541289179      0.888203094     0.0358962101   8.47614811e-05      0.999721468       2.00505989       1.00225071             0.05  0.000625027452  0.000624857951  20
     0.0791288657      0.888203149     0.0358961906   8.51132171e-05      0.999721522       2.00505984       1.00225074             0.05  0.000625027546  0.000624309852  19
    0.00412894474      0.888203455      0.035896164   8.49271835e-05      0.999721485       2.00505956       1.00225056             0.05  0.000625027446  0.000626100358  18
     0.0291288849      0.888203405     0.0358962193   8.46730182e-05      0.999721447       2.00505968       1.00225058             0.05  0.000625027359  0.000625556169  17
     0.0807728572      0.911358839     0.0367136839  -5.00086987e-05       0.99947094        2.0050632        1.0020012             0.05  0.000625027122  0.000624442323  16
    0.00577277759      0.911358975      0.036713693  -4.97633536e-05      0.999470892        2.0050629         1.002001             0.05  0.000625027025  0.000626274183  15
     0.0307728856      0.911359218     0.0367137104  -5.01056958e-05      0.999470854       2.00506296       1.00200099             0.05  0.000625026923  0.000625711891  14
     0.0557728126      0.911359071     0.0367137368  -5.02401601e-05      0.999470919       2.00506329       1.00200123             0.05  0.000625027025  0.000624998181  13
    0.00705467815      0.938863984     0.0377108328   9.86624704e-05       0.99952329        2.0055376       1.00229077             0.05  0.00062502858  0.000626256313  12
     0.0320546416      0.938863909     0.0377108941   9.84551864e-05      0.999523239       2.00553763       1.00229073             0.05  0.0006250291  0.00062569644  11
     0.0570546633      0.938863605     0.0377109109   9.85891182e-05       0.99952332       2.00552796       1.00228598             0.05  0.000625029213  0.000624972762  10
     0.0820546282      0.938863678     0.0377109278   9.89424504e-05      0.999523384       2.00552789       1.00228601             0.05  0.000625028692  0.000624406367  9
     0.0338308673      0.960850832      0.038393635   -8.4968927e-05      0.999199375       2.00588192       1.00213798             0.05  0.000625029648  0.000625864999  8
     0.0588306217      0.960850778     0.0383935246   -8.5076247e-05      0.999199415       2.00588204       1.00213808             0.05  0.000625029821  0.000625185098  7
     0.0838308063      0.960850595     0.0383934595  -8.49254438e-05      0.999199502       2.00587196       1.00213313             0.05  0.000625029994  0.000624658721  6
    0.00883049094      0.960850656     0.0383936951  -8.46469395e-05      0.999199444       2.00587184       1.00213302             0.05  0.0006250298  0.000626396758  5
     0.0616200208      0.989246685     0.0395809167   0.000104357446      0.999189886       2.00671343       1.00254388             0.05  0.000625029051  0.000625261252  4
     0.0866196626      0.989246773     0.0395808583   0.000104645546      0.999190007       2.00671311       1.00254384             0.05  0.000625029304  0.000624900399  3
     0.0116199688      0.989246987     0.0395809437   0.000104344338      0.999190021       2.00671358       1.00254409             0.05  0.000625028426  0.000626142053  2
     0.0366196738      0.989246881     0.0395809225   0.000104173983      0.999189905       2.00671376       1.00254407             0.05  0.00062502817  0.000625748217  1
