title='particle position' 
variables=x, y, Ux, Uy, rho, e, p, h=supportlength/2, m, V, ID 
     0.0743951833      0.987944102     0.0395664715   8.44142368e-05      0.999050542       2.00360161       1.00084964             0.05  0.000625026493  0.000625253376  160
     0.0493951788      0.987944076      0.039566622   8.41998047e-05      0.999050573       2.00360177       1.00084975             0.05  0.000625026493  0.000625746726  159
      0.024395063       0.98794403     0.0395666233   8.42521695e-05      0.999050756       2.00360294       1.00085051             0.05  0.000625026493  0.000626179882  158
     0.0993951818      0.987944082     0.0395665174   8.45937874e-05      0.999050725        2.0036041       1.00085106             0.05  0.000625026493  0.000624952351  157
      0.064030313      0.962101306     0.0386197295  -6.50283597e-05       0.99865473       2.00263993      0.999972918             0.05  0.000625026493  0.000625534635  156
     0.0390303039      0.962101439     0.0386197701  -6.49193157e-05      0.998654812          2.00264      0.999973039             0.05  0.000625026493  0.000626211882  155
     0.0140302064      0.962101238     0.0386196673  -6.46488093e-05      0.998654894       2.00264111       0.99997367             0.05  0.000625026493  0.000626718576  154
     0.0890303705      0.962101112     0.0386197138  -6.48870904e-05      0.998654803        2.0026424      0.999974226             0.05  0.000625026493  0.000625025207  153
     0.0532738605      0.937666313     0.0375893203   7.17317877e-05      0.998901607       2.00223235       1.00001656             0.05  0.000625026493  0.000625590682  152
     0.0282738589       0.93766624     0.0375893769   7.18209968e-05      0.998901669       2.00223218       1.00001653             0.05  0.000625026493  0.000626301271  151
    0.00327370439      0.937665981     0.0375893403   7.20453499e-05       0.99890167       2.00223301       1.00001695             0.05  0.000625026493  0.000626695908  150
     0.0782738731      0.937666047     0.0375892919   7.19860379e-05      0.998901613       2.00223425       1.00001751             0.05  0.000625026493  0.000624945019  149
     0.0427206865      0.912281251     0.0365764682  -5.77336821e-06      0.998975279       2.00193162      0.999940101             0.05  0.000625026493  0.0006258558  148
     0.0177206802       0.91228112     0.0365764969  -5.46559356e-06      0.998975323       2.00193131      0.999939986             0.05  0.000625026493  0.000626475402  147
     0.0927205239      0.912280688      0.036576481  -5.43221049e-06      0.998975298       2.00193196      0.999940289             0.05  0.000625026493  0.000624715599  146
     0.0677206752      0.912280871     0.0365764723  -5.74207218e-06      0.998975255       2.00193299      0.999940762             0.05  0.000625026493  0.000625151707  145
     0.0325531032      0.887430249     0.0355609591   5.89383677e-05      0.999071584       2.00175133      0.999946434             0.05  0.000625026493  0.000626111683  144
    0.00755308872      0.887430037     0.0355609472   5.92547324e-05      0.999071624       2.00175093      0.999946275             0.05  0.000625026493  0.00062653567  143
     0.0825529321      0.887429619     0.0355609579   5.91788194e-05      0.999071587       2.00175153      0.999946537             0.05  0.000625026493  0.00062482626  142
     0.0575530723      0.887429883     0.0355609429   5.88831801e-05      0.999071545       2.00175235      0.999946905             0.05  0.000625026493  0.000625427094  141
     0.0225922259       0.86237096     0.0345180227   4.61345749e-05      0.999134302       2.00159373      0.999930479             0.05  0.000625026493  0.000626286896  140
     0.0975922076      0.862370657     0.0345180196   4.63786957e-05      0.999134342       2.00159335      0.999930325             0.05  0.000625026493  0.000624656495  139
     0.0725920467      0.862370309      0.034518011   4.61197835e-05      0.999134297        2.0015939      0.999930557             0.05  0.000625026493  0.00062502766  138
     0.0475921812      0.862370637     0.0345180163   4.59347024e-05      0.999134261       2.00159454      0.999930843             0.05  0.000625026493  0.000625686071  137
     0.0128746908      0.837318707     0.0334558642   5.53900939e-05      0.999157112       2.00143383      0.999873423             0.05  0.000625026493  0.00062637449  136
     0.0878746752       0.83731838     0.0334558642   5.53869648e-05       0.99915715       2.00143359      0.999873342             0.05  0.000625026493  0.000624739561  135
     0.0628745214      0.837318108     0.0334558456   5.51123614e-05      0.999157118       2.00143402      0.999873525             0.05  0.000625026493  0.000625234178  134
     0.0378746382      0.837318445     0.0334558685    5.5106869e-05       0.99915708       2.00143451      0.999873731             0.05  0.000625026493  0.000625883199  133
     0.0034438713      0.812359161     0.0323880777   7.66569151e-05      0.999234293       2.00135307      0.999910312             0.05  0.000625026493  0.000626361395  132
     0.0784438525      0.812358877     0.0323881111   7.64700205e-05      0.999234335         2.001353      0.999910315             0.05  0.000625026493  0.00062483138  131
     0.0534437083      0.812358678     0.0323881013   7.62604928e-05      0.999234319       2.00135332      0.999910462             0.05  0.000625026493  0.000625395517  130
     0.0284438074      0.812358976      0.032388116   7.64005184e-05      0.999234275       2.00135366      0.999910588             0.05  0.000625026493  0.000626011342  129
     0.0942253883      0.787286868     0.0312917221   6.60290497e-05      0.999264565       2.00124487      0.999886541             0.05  0.000625026493  0.000624661511  128
     0.0692253756      0.787286693     0.0312917288   6.57597942e-05      0.999264617       2.00124485      0.999886582             0.05  0.000625026493  0.000625002585  127
     0.0442252419      0.787286555     0.0312917212   6.56283726e-05      0.999264596       2.00124506      0.999886667             0.05  0.000625026493  0.000625597958  126
     0.0192253193      0.787286767     0.0312917383   6.58486128e-05      0.999264542       2.00124527      0.999886719             0.05  0.000625026493  0.000626143599  125
     0.0852783165      0.762309386     0.0301929899   8.77870162e-05      0.999333145       2.00118945      0.999927473             0.05  0.000625026493  0.00062470728  124
     0.0602783104      0.762309297      0.030192966   8.74992578e-05      0.999333196        2.0011894      0.999927501             0.05  0.000625026493  0.00062515468  123
     0.0352781835      0.762309177     0.0301929634   8.74953906e-05      0.999333161        2.0011895      0.999927513             0.05  0.000625026493  0.000625740212  122
     0.0102782472      0.762309304     0.0301929826   8.77723436e-05       0.99933311       2.00118962      0.999927522             0.05  0.000625026493  0.00062618507  121
     0.0765569784      0.737274329     0.0290754553    8.1507145e-05      0.999389811       2.00113442      0.999956673             0.05  0.000625026493  0.000624802803  120
     0.0515569841      0.737274332     0.0290754398   8.13099979e-05       0.99938985       2.00113433      0.999956669             0.05  0.000625026493  0.000625309078  119
     0.0265568623      0.737274188     0.0290754438   8.14645284e-05      0.999389803       2.00113431      0.999956613             0.05  0.000625026493  0.000625861599  118
    0.00155691591      0.737274204      0.029075433   8.17261844e-05      0.999389765       2.00113438      0.999956609             0.05  0.000625026493  0.000626176727  117
     0.0680760269      0.712267274     0.0279527895   9.09761693e-05      0.999453316       2.00109634       1.00000119             0.05  0.000625026493  0.00062493587  116
     0.0430760392      0.712267337     0.0279527794   9.08240923e-05      0.999453327       2.00109618       1.00000112             0.05  0.000625026493  0.000625467004  115
     0.0180759219       0.71226715     0.0279527836   9.10162637e-05      0.999453269       2.00109608       1.00000101             0.05  0.000625026493  0.000625954151  114
     0.0930759697       0.71226709      0.027952778   9.12293813e-05      0.999453259       2.00109625       1.00000108             0.05  0.000625026493  0.000624631543  113
     0.0598240744      0.687257004     0.0268235269   9.23146392e-05      0.999525993       2.00107632        1.0000639             0.05  0.000625026493  0.000625065869  112
     0.0348240893      0.687257092     0.0268235309   9.23026669e-05      0.999525963       2.00107608       1.00006375             0.05  0.000625026493  0.000625585743  111
    0.00982397538      0.687256841     0.0268235428   9.25525398e-05      0.999525909       2.00107592       1.00006361             0.05  0.000625026493  0.00062598185  110
     0.0848240152      0.687256751     0.0268235487   9.25667147e-05      0.999525938       2.00107623        1.0000638             0.05  0.000625026493  0.000624667893  109
     0.0517914534      0.662242026     0.0256910148   9.31222589e-05      0.999594679       2.00106028        1.0001246             0.05  0.000625026493  0.000625191619  108
     0.0267914666      0.662242096     0.0256910319   9.32472011e-05      0.999594616       2.00105995       1.00012438             0.05  0.000625026493  0.000625679418  107
    0.00179136055      0.662241783     0.0256910167   9.34720496e-05      0.999594581       2.00105977       1.00012425             0.05  0.000625026493  0.000625958607  106
     0.0767913903      0.662241723     0.0256910332   9.32978761e-05      0.999594643       2.00106022       1.00012454             0.05  0.000625026493  0.000624744914  105
     0.0439751501       0.63723773     0.0245605101   9.60609824e-05      0.999672087       2.00106012       1.00020197             0.05  0.000625026493  0.000625317305  104
     0.0189751608      0.637237763     0.0245605306   9.62261861e-05      0.999672004       2.00105974        1.0002017             0.05  0.000625026493  0.00062574486  103
     0.0939750665      0.637237403     0.0245605056   9.64010585e-05      0.999672001       2.00105966       1.00020166             0.05  0.000625026493  0.000624584563  102
     0.0689750859      0.637237393     0.0245605193   9.61870699e-05      0.999672083       2.00106012       1.00020197             0.05  0.000625026493  0.00062485131  101
     0.0363622753      0.612227688     0.0234327019   9.44869693e-05      0.999747654        2.0010648       1.00027992             0.05  0.000625026493  0.000625413044  100
     0.0113622817      0.612227666     0.0234327291   9.47027113e-05      0.999747569       2.00106439       1.00027963             0.05  0.000625026493  0.000625759625  99
     0.0863621952      0.612227294     0.0234327129   9.47048056e-05      0.999747607       2.00106447       1.00027971             0.05  0.000625026493  0.00062461154  98
     0.0613622137      0.612227344     0.0234326924   9.44921197e-05      0.999747691       2.00106488          1.00028             0.05  0.000625026493  0.000624959248  97
     0.0289462195      0.587223723     0.0223128029   9.51371508e-05      0.999825314        2.0010778       1.00036412             0.05  0.000625026493  0.000625481318  96
    0.00394622397      0.587223646     0.0223128083   9.53310437e-05      0.999825243       2.00107737       1.00036383             0.05  0.000625026493  0.000625724342  95
     0.0789461427       0.58722331     0.0223128018   9.51790911e-05      0.999825318        2.0010776       1.00036402             0.05  0.000625026493  0.000624670897  94
     0.0539461645      0.587223406     0.0223127786   9.50280182e-05       0.99982539       2.00107795       1.00036427             0.05  0.000625026493  0.000625058069  93
     0.0217160726      0.562219797     0.0212023877    9.3362982e-05      0.999903193       2.00109684       1.00045156             0.05  0.000625026493  0.00062552552  92
     0.0967160806       0.56221967     0.0212023735   9.35210933e-05      0.999903145       2.00109648       1.00045133             0.05  0.000625026493  0.000624528343  91
     0.0717159998      0.562219397     0.0212023803   9.33355091e-05      0.999903241       2.00109677       1.00045157             0.05  0.000625026493  0.000624755304  90
     0.0467160252      0.562219527     0.0212023684   9.32200529e-05       0.99990329       2.00109704       1.00045176             0.05  0.000625026493  0.000625157536  89
     0.0146619558      0.537217644     0.0201043182     9.162676e-05      0.999979481       2.00111977       1.00053935             0.05  0.000625026493  0.000625517491  88
      0.089661968      0.537217491     0.0201043162   9.16799542e-05      0.999979468       2.00111956       1.00053924             0.05  0.000625026493  0.000624535428  87
     0.0646618896      0.537217285      0.020104301   9.14870443e-05       0.99997957       2.00111982       1.00053947             0.05  0.000625026493  0.000624818605  86
      0.039661916      0.537217433     0.0201043023   9.14433323e-05      0.999979583          2.00112       1.00053957             0.05  0.000625026493  0.000625206763  85
    0.00777376336      0.512217849     0.0190209887   8.94244161e-05        1.0000553       2.00114737       1.00062901             0.05  0.000625026493  0.000625472471  84
     0.0827737785      0.512217703     0.0190209819   8.93832904e-05       1.00005533       2.00114732       1.00062902             0.05  0.000625026493  0.000624544488  83
     0.0577737081      0.512217562     0.0190209615   8.92104438e-05       1.00005542       2.00114753       1.00062921             0.05  0.000625026493  0.000624841672  82
     0.0327737316      0.512217701     0.0190209668   8.92452098e-05       1.00005538       2.00114762       1.00062922             0.05  0.000625026493  0.000625208587  81
     0.0010407061      0.487219047     0.0179539509    8.6228563e-05       1.00012901        2.0011777       1.00071793             0.05  0.000625026493  0.000625419374  80
     0.0760407215      0.487218945     0.0179539529   8.61054939e-05       1.00012907       2.00117778       1.00071804             0.05  0.000625026493  0.000624575481  79
      0.051040662      0.487218853     0.0179539241   8.59810739e-05       1.00012914       2.00117792       1.00071817             0.05  0.000625026493  0.000624885412  78
     0.0260406784      0.487218957     0.0179539395   8.60759564e-05       1.00012907       2.00117793       1.00071811             0.05  0.000625026493  0.000625226285  77
     0.0944526426      0.462222438     0.0169041025   8.28198601e-05       1.00020112       2.00121098       1.00080674             0.05  0.000625026493  0.000624456009  76
     0.0694526525      0.462222391     0.0169041174   8.26851601e-05        1.0002012       2.00121108       1.00080686             0.05  0.000625026493  0.000624636206  75
     0.0444526027      0.462222336     0.0169040913    8.2583345e-05       1.00020123       2.00121115       1.00080693             0.05  0.000625026493  0.000624956078  74
     0.0194526119      0.462222397     0.0169041075   8.26905019e-05       1.00020116       2.00121111       1.00080683             0.05  0.000625026493  0.000625248943  73
     0.0879992344      0.437227203     0.0158716543   7.85083135e-05       1.00027105       2.00124624       1.00089434             0.05  0.000625026493  0.000624458733  72
     0.0629992434      0.437227213     0.0158716507   7.83719004e-05       1.00027113       2.00124632       1.00089445             0.05  0.000625026493  0.000624682671  71
      0.037999199      0.437227176     0.0158716381   7.83228471e-05       1.00027112       2.00124631       1.00089444             0.05  0.000625026493  0.000624989096  70
     0.0129992027      0.437227183     0.0158716495   7.84561544e-05       1.00027105       2.00124624       1.00089434             0.05  0.000625026493  0.000625234839  69
     0.0816705717      0.412233753     0.0148566805    7.3911108e-05       1.00033815       2.00128249       1.00097961             0.05  0.000625026493  0.000624465154  68
     0.0566705823      0.412233816     0.0148566732   7.37924742e-05        1.0003382       2.00128252       1.00097968             0.05  0.000625026493  0.000624697768  67
     0.0316705405      0.412233774     0.0148566664   7.38033263e-05       1.00033815       2.00128244       1.00097959             0.05  0.000625026493  0.00062498444  66
    0.00667053783      0.412233726     0.0148566806   7.39302573e-05        1.0003381       2.00128236        1.0009795             0.05  0.000625026493  0.000625191048  65
     0.0754569603        0.3872418     0.0138588711    6.8854013e-05       1.00040241        2.0013194       1.00106237             0.05  0.000625026493  0.000624489065  64
      0.050456976        0.3872419      0.013858858   6.87730056e-05       1.00040244       2.00131938       1.00106239             0.05  0.000625026493  0.000624727696  63
      0.025456932      0.387241832     0.0138588605      6.88272e-05       1.00040236       2.00131924       1.00106225             0.05  0.000625026493  0.000624990451  62
   0.000456926629      0.387241738     0.0138588648   6.89308111e-05       1.00040233       2.00131916       1.00106218             0.05  0.000625026493  0.000625140101  61
     0.0693491333      0.362251273     0.0128776049    6.3312573e-05       1.00046288       2.00135571       1.00114105             0.05  0.000625026493  0.000624535596  60
      0.044349154      0.362251402     0.0128775942   6.32507686e-05       1.00046288       2.00135563       1.00114101             0.05  0.000625026493  0.000624778688  59
      0.019349107      0.362251302     0.0128775975   6.33129151e-05       1.00046279       2.00135545       1.00114083             0.05  0.000625026493  0.000625001464  58
     0.0943491043      0.362251169     0.0128775897   6.33961263e-05       1.00046279       2.00135547       1.00114084             0.05  0.000625026493  0.000624399108  57
     0.0633382263      0.337262541     0.0119123454   5.79899542e-05       1.00051974       2.00139132       1.00121576             0.05  0.000625026493  0.000624570976  56
     0.0383382477      0.337262681     0.0119123454   5.79671118e-05       1.00051971       2.00139118       1.00121566             0.05  0.000625026493  0.000624800924  55
     0.0133382005      0.337262537     0.0119123439   5.80461642e-05       1.00051963       2.00139099       1.00121548             0.05  0.000625026493  0.000624985436  54
     0.0883381978      0.337262391     0.0119123431   5.80738211e-05       1.00051966        2.0013911       1.00121557             0.05  0.000625026493  0.000624402757  53
     0.0574154565      0.312274203     0.0109621583   5.15523649e-05       1.00057267       2.00142565        1.0012859             0.05  0.000625026493  0.000624582226  52
     0.0324154767      0.312274336     0.0109621628   5.15722347e-05       1.00057261       2.00142545       1.00128574             0.05  0.000625026493  0.000624793799  51
    0.00741542914      0.312274148     0.0109621615   5.16453752e-05       1.00057254       2.00142526       1.00128557             0.05  0.000625026493  0.000624946376  50
      0.082415428       0.31227401     0.0109621565   5.16221076e-05        1.0005726       2.00142546       1.00128574             0.05  0.000625026493  0.000624410303  49
     0.0515729363      0.287288655       0.01002657   4.62041582e-05       1.00062022       2.00145701       1.00134917             0.05  0.000625026493  0.000624604079  48
      0.026572952      0.287288762     0.0100265809    4.6253073e-05       1.00062013       2.00145676       1.00134897             0.05  0.000625026493  0.000624794021  47
    0.00157290542      0.287288538     0.0100265717   4.63081154e-05       1.00062008       2.00145658       1.00134882             0.05  0.000625026493  0.000624902868  46
     0.0765729048       0.28728843     0.0100265714    4.6246658e-05       1.00062017       2.00145686       1.00134905             0.05  0.000625026493  0.000624431882  45
     0.0458022537      0.262302407    0.00910382824   4.01564846e-05       1.00066524         2.001488       1.00140974             0.05  0.000625026493  0.000624639448  44
     0.0208022635      0.262302481    0.00910383891    4.0209494e-05       1.00066515       2.00148772        1.0014095             0.05  0.000625026493  0.000624796824  43
     0.0958022201      0.262302224    0.00910382345   4.02494267e-05       1.00066512       2.00148759       1.00140941             0.05  0.000625026493  0.000624372318  42
     0.0708022179      0.262302158    0.00910382816   4.01846014e-05       1.00066521        2.0014879       1.00140965             0.05  0.000625026493  0.000624468029  41
     0.0400964436       0.23731791    0.00819274159    3.3263846e-05       1.00070286       2.00151353       1.00146015             0.05  0.000625026493  0.000624655878  40
     0.0150964504      0.237317943    0.00819274718   3.33266225e-05       1.00070276       2.00151323       1.00145991             0.05  0.000625026493  0.000624782636  39
     0.0900964088      0.237317671    0.00819273768   3.33279487e-05       1.00070275       2.00151319       1.00145988             0.05  0.000625026493  0.000624381971  38
     0.0650964068       0.23731765    0.00819273454   3.32643627e-05       1.00070285       2.00151348       1.00146012             0.05  0.000625026493  0.000624497795  37
     0.0344483295      0.212337025    0.00729261881   3.06426669e-05        1.0007384       2.00153875       1.00150834             0.05  0.000625026493  0.000624648786  36
    0.00944833453      0.212337013    0.00729262274   3.06996187e-05       1.00073831       2.00153844        1.0015081             0.05  0.000625026493  0.000624750198  35
     0.0844482945      0.212336747    0.00729261176   3.06724824e-05       1.00073833       2.00153848       1.00150814             0.05  0.000625026493  0.0006243934  34
     0.0594482939       0.21233677    0.00729260962   3.06188562e-05       1.00073842       2.00153875       1.00150836             0.05  0.000625026493  0.000624508035  33
     0.0288495032      0.187347593     0.0063996322    1.9255174e-05       1.00077036       2.00156197       1.00155195             0.05  0.000625026493  0.000624643405  32
     0.0038495063      0.187347537    0.00639963098   1.92988088e-05       1.00077029       2.00156166       1.00155172             0.05  0.000625026493  0.000624713589  31
     0.0788494683      0.187347291    0.00639962317   1.92455479e-05       1.00077033       2.00156178       1.00155182             0.05  0.000625026493  0.000624412572  30
     0.0538494704      0.187347356    0.00639961971   1.92120879e-05       1.00077041       2.00156202       1.00155202             0.05  0.000625026493  0.000624522147  29
     0.0232973801      0.162376906    0.00551730253   2.08109429e-05       1.00079044       2.00157477       1.00157845             0.05  0.000625026493  0.000624644543  28
     0.0982973841      0.162376818    0.00551730072   2.08448898e-05       1.00079038       2.00157449       1.00157825             0.05  0.000625026493  0.000624388466  27
     0.0732973463       0.16237661    0.00551729414   2.07940306e-05       1.00079044       2.00157466       1.00157839             0.05  0.000625026493  0.000624445611  26
     0.0482973532      0.162376702    0.00551729043     2.076912e-05        1.0007905       2.00157486       1.00157855             0.05  0.000625026493  0.000624549126  25
     0.0177783956      0.137382121    0.00463761923   9.97299533e-06       1.00082417       2.00160253        1.0016261             0.05  0.000625026493  0.000624622056  24
     0.0927783971      0.137381999       0.00463762   9.98242447e-06       1.00082413       2.00160233       1.00162596             0.05  0.000625026493  0.000624395534  23
     0.0677783615      0.137381833    0.00463760949   9.93361653e-06        1.0008242        2.0016025       1.00162611             0.05  0.000625026493  0.000624461191  22
     0.0427783728      0.137381951    0.00463761046   9.92591478e-06       1.00082424       2.00160266       1.00162623             0.05  0.000625026493  0.000624550655  21
     0.0122951921      0.112408172    0.00376517207   1.30999343e-06       1.00082692       2.00160043        1.0016278             0.05  0.000625026493  0.000624604517  20
     0.0872951928      0.112408042    0.00376517205   1.30435259e-06        1.0008269       2.00160031       1.00162772             0.05  0.000625026493  0.000624419725  19
     0.0622951597      0.112407921    0.00376516309   1.26280527e-06       1.00082697       2.00160047       1.00162786             0.05  0.000625026493  0.000624477888  18
     0.0372951709      0.112408045    0.00376516531    1.2674562e-06       1.00082699       2.00160058       1.00162794             0.05  0.000625026493  0.000624550701  17
    0.00683879466     0.0874421818    0.00290007674   1.69184304e-05       1.00085389        2.0016221       1.00166563             0.05  0.000625026493  0.00062456772  16
     0.0818387917     0.0874420588    0.00290007585   1.69125092e-05       1.00085389       2.00162207       1.00166561             0.05  0.000625026493  0.00062442592  15
     0.0568387618     0.0874419777    0.00290006768   1.68794735e-05       1.00085395        2.0016222       1.00166574             0.05  0.000625026493  0.00062447205  14
     0.0318387724     0.0874420942    0.00290006922   1.68856326e-05       1.00085395       2.00162226       1.00166577             0.05  0.000625026493  0.000624528209  13
     0.0013702913     0.0624050293    0.00202350203  -3.58208719e-05       1.00088614       2.00166213       1.00171794             0.05  0.000625026493  0.00062452696  12
     0.0763702856     0.0624049141    0.00202350068  -3.58427806e-05       1.00088616       2.00166218       1.00171799             0.05  0.000625026493  0.000624429613  11
     0.0513702631     0.0624048705    0.00202349207   -3.5862322e-05       1.00088621       2.00166228       1.00171809             0.05  0.000625026493  0.000624464294  10
     0.0263702695     0.0624049814    0.00202349391  -3.58462246e-05       1.00088619        2.0016623       1.00171808             0.05  0.000625026493  0.000624503313  9
     0.0960617219     0.0375418191    0.00118356646   3.93792745e-05       1.00079763       2.00162328       1.00160992             0.05  0.000625026493  0.000624495798  8
     0.0710617102     0.0375417548    0.00118356824   3.93713382e-05       1.00079767       2.00162341       1.00161002             0.05  0.000625026493  0.000624507278  7
     0.0460616926      0.037541734     0.0011835634   3.93565119e-05        1.0007977       2.00162351        1.0016101             0.05  0.000625026493  0.000624530303  6
     0.0210616867     0.0375417922    0.00118356245   3.93600641e-05       1.00079767       2.00162342       1.00161003             0.05  0.000625026493  0.000624552284  5
      0.090532086     0.0123858748   0.000388626353  -6.55411506e-05       1.00098694       2.00171944       1.00184751             0.05  0.000625026493  0.000624395381  4
      0.065532078     0.0123858326   0.000388628757  -6.55456692e-05       1.00098699       2.00171973        1.0018477             0.05  0.000625026493  0.000624403992  3
     0.0405320519     0.0123858372   0.000388623255  -6.55471928e-05       1.00098701       2.00171979       1.00184775             0.05  0.000625026493  0.000624415427  2
     0.0155320488     0.0123858861   0.000388619579  -6.55405424e-05       1.00098697       2.00171952       1.00184758             0.05  0.000625026493  0.000624424489  1
