title='particle position' 
variables=x, y, Ux, Uy, rho, e, p, h=supportlength/2, m, V, ID 
     0.0239361792     0.0109581091   0.000402869596  -7.17923476e-05       1.00030872       2.00410024       1.00235947             0.05  0.000625026514  0.000624850953  160
     0.0489360803     0.0109580579   0.000402865983  -7.17801875e-05        1.0003088       2.00410035       1.00235961             0.05  0.000625026648  0.00062483986  159
     0.0739361772     0.0109576646   0.000402873799   -7.1816317e-05       1.00030884       2.00410019       1.00235956             0.05  0.000625026679  0.000624826491  158
     0.0989361163     0.0109576957   0.000402865051  -7.18295535e-05       1.00030875       2.00410005       1.00235941             0.05  0.000625026543  0.000624816167  157
     0.0473362851      0.038892081    0.00149899582   7.49781109e-05       1.00021718       2.00406559       1.00225042             0.05  0.000625026635  0.000624905751  156
     0.0723363883     0.0388923234    0.00149900441   7.50182967e-05       1.00021721       2.00406555       1.00225043             0.05  0.000625026693  0.000624874615  155
     0.0973363837     0.0388924739    0.00149900382   7.50340943e-05       1.00021718       2.00406537        1.0022503             0.05  0.00062502658  0.000624850814  154
     0.0223363869     0.0388922005    0.00149899621   7.49919185e-05       1.00021715       2.00406546       1.00225032             0.05  0.000625026524  0.000624930729  153
     0.0710472657     0.0612777705    0.00251719451  -6.96557791e-05       1.00040042       2.00422873       1.00251563             0.05  0.000625027265  0.00062475074  152
     0.0960472466     0.0612777325    0.00251719939  -6.96256562e-05       1.00040038       2.00422861       1.00251553             0.05  0.000625027248  0.000624713685  151
     0.0210472486     0.0612781049    0.00251720329  -6.95920021e-05       1.00040035        2.0042286        1.0025155             0.05  0.000625027149  0.000624838261  150
     0.0460472669     0.0612781366     0.0025172029  -6.96261445e-05       1.00040039       2.00422866       1.00251557             0.05  0.000625027177  0.000624799266  149
     0.0938375652     0.0883699647    0.00362416342   7.42293787e-05       1.00022304       2.00403731       1.00224215             0.05  0.000625027574  0.000624795495  148
     0.0188375836     0.0883699556    0.00362416348   7.41733658e-05       1.00022305       2.00403739       1.00224219             0.05  0.000625027484  0.000624977577  147
     0.0438375388     0.0883697103    0.00362415346   7.41387245e-05       1.00022308       2.00403724       1.00224215             0.05  0.000625027405  0.000624921533  146
     0.0688375748     0.0883697342    0.00362416484   7.41789501e-05       1.00022306       2.00403727       1.00224215             0.05  0.000625027502  0.000624850565  145
     0.0175887335      0.111857716    0.00467831269  -4.49828845e-05        1.0004072       2.00422061       1.00251836             0.05  0.000625025113  0.00062488647  144
     0.0425886931      0.111857714    0.00467831411  -4.50042165e-05        1.0004072       2.00422052       1.00251832             0.05  0.000625025082  0.000624814592  143
     0.0675887672      0.111857524    0.00467830223  -4.50425544e-05       1.00040721       2.00422056       1.00251835             0.05  0.000625025162  0.000624723947  142
     0.0925886974      0.111857511    0.00467830654  -4.50225283e-05        1.0004072       2.00422053       1.00251832             0.05  0.00062502519  0.000624653974  141
     0.0407914355      0.137768925    0.00577911065   5.76196009e-05       1.00021797       2.00402908       1.00223295             0.05  0.000625023006  0.000624943843  140
     0.0657914076      0.137768834    0.00577911637   5.76233716e-05       1.00021793       2.00402905        1.0022329             0.05  0.000625023097  0.00062483144  139
     0.0907914241      0.137769049    0.00577911454   5.77125396e-05       1.00021796       2.00402879       1.00223279             0.05  0.000625022953  0.000624743888  138
     0.0157914199      0.137769144    0.00577911691    5.7678933e-05       1.00021798       2.00402883       1.00223283             0.05  0.000625022843  0.00062503245  137
     0.0643581196      0.162373721    0.00685645673   -4.0080238e-06       1.00029644        2.0041207        1.0023574             0.05  0.000625025462  0.000624772334  136
     0.0893580252      0.162373695    0.00685644982  -3.95691098e-06       1.00029645       2.00412006       1.00235709             0.05  0.000625025108  0.000624668729  135
     0.0143581247       0.16237373    0.00685644321  -3.97059127e-06       1.00029647       2.00411998       1.00235707             0.05  0.000625024923  0.000625010545  134
     0.0393580477      0.162373884    0.00685645245  -4.00557472e-06       1.00029643       2.00412056       1.00235732             0.05  0.000625025275  0.00062490558  133
     0.0878948047       0.18735772    0.00794657644   3.13319838e-05       1.00022855        2.0040576       1.00225781             0.05  0.000625027624  0.000624685139  132
     0.0128947833      0.187357855    0.00794656744   3.13250677e-05       1.00022858       2.00405739       1.00225774             0.05  0.000625027369  0.000625081186  131
     0.0378948209      0.187357759    0.00794657054   3.12527869e-05       1.00022857       2.00405797       1.00225802             0.05  0.000625027628  0.000624959593  130
     0.0628947322      0.187357478     0.0079465762   3.12306084e-05       1.00022851       2.00405817       1.00225806             0.05  0.000625027918  0.000624805343  129
     0.0114067018      0.212625178    0.00903537151   3.68957878e-05       1.00019196       2.00403412       1.00220941             0.05  0.000625027551  0.00062513217  128
     0.0364067405      0.212625694    0.00903539626   3.67686362e-05       1.00019194        2.0040342       1.00220943             0.05  0.000625027455  0.000624994068  127
     0.0614067541      0.212625504    0.00903538073   3.68141355e-05       1.00019191       2.00403409       1.00220934             0.05  0.00062502749  0.000624818364  126
     0.0864067141      0.212625609    0.00903539191   3.68897237e-05       1.00019195       2.00403406       1.00220937             0.05  0.00062502759  0.000624681256  125
     0.0351398134        0.2372217     0.0101154738   1.33976929e-05        1.0002171       2.00406782       1.00225146             0.05  0.000625026371  0.000624988234  124
     0.0601397549      0.237221283     0.0101154686   1.33664021e-05       1.00021709       2.00406737       1.00225122             0.05  0.00062502612  0.000624791798  123
     0.0851398039      0.237221371      0.010115455   1.34672696e-05       1.00021706        2.0040675       1.00225125             0.05  0.000625026381  0.000624638706  122
     0.0101398243      0.237221638     0.0101154573    1.3498341e-05       1.00021711       2.00406794       1.00225152             0.05  0.000625026617  0.000625142917  121
     0.0587626949      0.262632812     0.0112071361   5.90657809e-05        1.0001356       2.00400236       1.00213705             0.05  0.000625026415  0.000624832759  120
     0.0837626524      0.262632832     0.0112071374   5.91882351e-05       1.00013563       2.00400239        1.0021371             0.05  0.000625026577  0.000624662458  119
    0.00876263755      0.262632605     0.0112071318   5.91338397e-05       1.00013562       2.00400248       1.00213713             0.05  0.000625026677  0.000625221828  118
     0.0337626155      0.262632617     0.0112071343   5.90257205e-05       1.00013566       2.00400253       1.00213719             0.05  0.000625026516  0.000625050633  117
     0.0826163126      0.287270064     0.0122819595   1.52118222e-05       1.00017643       2.00406588       1.00220973             0.05  0.000625027686  0.000624610669  116
    0.00761638554      0.287270457     0.0122819675    1.5266794e-05       1.00017647        2.0040657       1.00220967             0.05  0.000625027629  0.000625223246  115
      0.032616376       0.28727059     0.0122819689   1.51418746e-05       1.00017645       2.00406567       1.00220964             0.05  0.000625027468  0.000625035622  114
     0.0576163694      0.287270351      0.012281965    1.5109074e-05       1.00017646       2.00406589       1.00220976             0.05  0.000625027506  0.000624796985  113
    0.00644211944      0.312532021     0.0133685407   6.13969493e-05       1.00011234        2.0040231       1.00212412             0.05  0.000625028733  0.000625290918  112
     0.0314420181       0.31253154     0.0133685158   6.13042038e-05       1.00011232       2.00402339       1.00212425             0.05  0.000625028802  0.000625086857  111
     0.0564421306      0.312531977     0.0133685298   6.12988344e-05        1.0001123       2.00402333       1.00212419             0.05  0.000625028655  0.000624827032  110
     0.0814420767      0.312531873     0.0133685192   6.14640224e-05       1.00011233       2.00402305       1.00212408             0.05  0.000625028584  0.000624623739  109
     0.0304206802      0.337365701     0.0144402268   3.06711421e-05       1.00012169       2.00405048       1.00214717             0.05  0.00062502776  0.000625090542  108
     0.0554206987      0.337365633      0.014440229   3.06574421e-05       1.00012168       2.00405031       1.00214708             0.05  0.000625027545  0.000624809904  107
     0.0804206227      0.337365252     0.0144402247    3.0766296e-05       1.00012174       2.00404952       1.00214675             0.05  0.000625027076  0.000624590311  106
    0.00542071283      0.337365506     0.0144402226   3.08164702e-05       1.00012172       2.00404967        1.0021468             0.05  0.00062502732  0.000625310919  105
     0.0544698995        0.3624393      0.015515635   5.45353932e-05       1.00009326       2.00403918       1.00211304             0.05  0.000625024718  0.000624816015  104
     0.0794699958      0.362439272     0.0155156499   5.46963789e-05       1.00009328       2.00403854       1.00211274             0.05  0.000625024308  0.000624579918  103
    0.00446991524      0.362439334     0.0155156461   5.46805825e-05       1.00009331       2.00403838       1.00211269             0.05  0.000625024337  0.000625354275  102
      0.029469989       0.36243925     0.0155156444   5.45010286e-05       1.00009325       2.00403909       1.00211298             0.05  0.000625024749  0.000625117524  101
     0.0786207776      0.387425815     0.0165818721   4.75458712e-05       1.00007106       2.00403966       1.00209103             0.05  0.000625023219  0.000624566651  100
    0.00362082151       0.38742589     0.0165818825    4.7565924e-05       1.00007105       2.00403935       1.00209086             0.05  0.000625023187  0.000625394357  99
     0.0286207983      0.387426085     0.0165818722   4.74040892e-05       1.00007101       2.00403962       1.00209096             0.05  0.000625023315  0.000625141374  98
     0.0536208357      0.387426073      0.016581865   4.74023078e-05         1.000071       2.00403977       1.00209103             0.05  0.000625023339  0.000624819115  97
    0.00289179063       0.41239383     0.0176428232   4.88018775e-05       1.00006208       2.00405825       1.00209133             0.05  0.000625024062  0.000625427501  96
     0.0278918005      0.412393961     0.0176428127   4.86043556e-05       1.00006206       2.00405835       1.00209136             0.05  0.00062502406  0.000625158279  95
     0.0528918096      0.412393981     0.0176428056   4.86070689e-05       1.00006207       2.00405842        1.0020914             0.05  0.000625024039  0.000624815445  94
     0.0778918026      0.412393823     0.0176428155   4.87914448e-05       1.00006207       2.00405848       1.00209144             0.05  0.000625024047  0.000624546817  93
     0.0272616327      0.437447016      0.018698652   5.85200973e-05       1.00003142       2.00405996       1.00206146             0.05  0.000625028835  0.000625189613  92
     0.0522615062      0.437447019     0.0186986325   5.85229471e-05       1.00003143       2.00406004       1.00206151             0.05  0.000625028814  0.000624826219  91
     0.0772616374      0.437446889     0.0186986573   5.87073961e-05       1.00003143       2.00406006       1.00206153             0.05  0.000625028803  0.000624541353  90
    0.00226148555        0.4374469     0.0186986546   5.87005159e-05       1.00003141       2.00405985        1.0020614             0.05  0.000625028826  0.0006254749  89
     0.0517635792       0.46237927     0.0197427853   4.64457269e-05       1.00002037       2.00408143       1.00206112             0.05  0.000625030392  0.000624823648  88
     0.0767636182      0.462379175     0.0197428054   4.66276393e-05       1.00002034       2.00408134       1.00206105             0.05  0.000625030331  0.000624522833  87
    0.00176355072      0.462379123     0.0197427974   4.66519745e-05       1.00002032        2.0040812       1.00206096             0.05  0.000625030362  0.000625508541  86
     0.0267635783      0.462379255     0.0197428015    4.6451908e-05       1.00002034       2.00408137       1.00206106             0.05  0.000625030424  0.000625207317  85
     0.0763799934       0.48745523     0.0207830185   6.35711089e-05       1.00000143       2.00409517       1.00204902             0.05  0.00062502465  0.00062450799  84
    0.00137999312      0.487455273     0.0207830332   6.35524013e-05        1.0000014       2.00409502       1.00204891             0.05  0.000625024643  0.000625545716  83
     0.0263799687      0.487455285     0.0207830124   6.33607085e-05       1.00000142       2.00409528       1.00204906             0.05  0.000625024783  0.000625228691  82
     0.0513800113      0.487455315     0.0207830183   6.33579177e-05       1.00000145       2.00409538       1.00204914             0.05  0.000625024795  0.00062482479  81
    0.00113634013      0.512371602     0.0218075122   4.77016164e-05      0.999977355       2.00410595       1.00203028             0.05  0.000625026962  0.000625585614  80
     0.0261362877      0.512371651     0.0218075199    4.7488259e-05      0.999977377       2.00410619       1.00203042             0.05  0.00062502711  0.00062525295  79
     0.0511363396      0.512371604     0.0218075067   4.74830203e-05      0.999977417       2.00410637       1.00203056             0.05  0.000625027191  0.00062482915  78
     0.0761363441      0.512371609     0.0218075239   4.76752736e-05      0.999977396       2.00410614       1.00203042             0.05  0.00062502705  0.000624496697  77
     0.0260145599      0.537460979      0.022827655   6.20771773e-05      0.999973934       2.00414677       1.00204726             0.05  0.000625023939  0.000625265263  76
     0.0510144827      0.537460948     0.0228276555   6.20817298e-05      0.999973966       2.00414694       1.00204738             0.05  0.00062502404  0.000624821648  75
     0.0760145879       0.53746094     0.0228276612   6.23008228e-05      0.999973944        2.0041468       1.00204729             0.05  0.000625023972  0.000624473519  74
    0.00101448251      0.537461007     0.0228276532    6.2282018e-05      0.999973913        2.0041466       1.00204716             0.05  0.000625023874  0.000625613377  73
     0.0510493263      0.562377023     0.0238299294   5.21189489e-05       0.99994397       2.00416154       1.00202463             0.05  0.000625028418  0.000624830983  72
     0.0760492603      0.562377072     0.0238299313   5.23304383e-05      0.999943965       2.00416147       1.00202458             0.05  0.000625028401  0.000624467624  71
    0.00104935651      0.562377167     0.0238299208   5.23399148e-05      0.999943936       2.00416135        1.0020245             0.05  0.000625028354  0.000625657528  70
     0.0260492193      0.562377158     0.0238299335   5.21181699e-05      0.999943942       2.00416149       1.00202457             0.05  0.000625028367  0.00062529409  69
     0.0762061001      0.587442031     0.0248253622   5.38314127e-05      0.999942366       2.00420233       1.00204341             0.05  0.000625025799  0.000624444031  68
    0.00120615293      0.587442181     0.0248253615   5.38280021e-05      0.999942358        2.0042022       1.00204334             0.05  0.000625025737  0.00062568358  67
     0.0262060871      0.587442132     0.0248253584   5.36153768e-05      0.999942375       2.00420243       1.00204347             0.05  0.000625025762  0.000625305122  66
      0.051206135      0.587442035     0.0248253792   5.35999136e-05      0.999942383       2.00420244       1.00204348             0.05  0.000625025819  0.000624822723  65
    0.00153230169      0.612428322      0.025805224   6.11839011e-05      0.999928281       2.00423633        1.0020463             0.05  0.000625026866  0.000625716264  64
     0.0265323067      0.612428306     0.0258052592   6.09433787e-05       0.99992829       2.00423656       1.00204642             0.05  0.000625026855  0.000625322869  63
     0.0515322831      0.612428116     0.0258052485   6.09699934e-05      0.999928279       2.00423662       1.00204644             0.05  0.000625026983  0.00062482139  62
     0.0765323254      0.612428215     0.0258052554   6.12155382e-05      0.999928274       2.00423655        1.0020464             0.05  0.000625026994  0.000624427907  61
     0.0269932712      0.637365737     0.0267700125   3.88765891e-05      0.999902919       2.00427105       1.00203824             0.05  0.000625023653  0.000625347744  60
     0.0519931935      0.637365477     0.0267700265   3.88395278e-05      0.999902876       2.00427122       1.00203828             0.05  0.000625023897  0.000624827631  59
     0.0769932561      0.637365448     0.0267700084   3.90640402e-05      0.999902858       2.00427117       1.00203823             0.05  0.000625023957  0.000624419343  58
    0.00199322742      0.637365666     0.0267699942   3.90966611e-05      0.999902897       2.00427081        1.0020381             0.05  0.000625023716  0.000625755776  57
     0.0526112337      0.662544569     0.0277308778   7.05334961e-05      0.999926179       2.00435861       1.00210532             0.05  0.000625025052  0.000624803941  56
     0.0776111116      0.662544827     0.0277308764   7.08290179e-05      0.999926154       2.00435865       1.00210532             0.05  0.000625025198  0.000624381097  55
    0.00261122716      0.662544769     0.0277308525   7.07549472e-05      0.999926205       2.00435811        1.0021051             0.05  0.000625024832  0.000625765194  54
     0.0276110823      0.662544696     0.0277308794   7.05122973e-05        0.9999262       2.00435823       1.00210515             0.05  0.000625024718  0.000625342837  53
     0.0784053714      0.687238182     0.0286591384   2.44812323e-05      0.999863861       2.00435846        1.0020428             0.05  0.000625026378  0.000624397257  52
     0.0034053768      0.687238393     0.0286591335   2.45391908e-05      0.999863898       2.00435803       1.00204262             0.05  0.000625026116  0.0006258277  51
     0.0284054268      0.687238666     0.0286591423   2.43122486e-05      0.999863922       2.00435807       1.00204266             0.05  0.00062502594  0.000625390907  50
     0.0534053732      0.687238265     0.0286591566   2.42493549e-05      0.999863857       2.00435846       1.00204279             0.05  0.000625026248  0.00062483407  49
    0.00431338999      0.712681177     0.0296050868   7.19665581e-05       0.99992205       2.00449084        1.0021673             0.05  0.000625024995  0.000625816122  48
     0.0293133849      0.712681217     0.0296051461   7.17092643e-05      0.999922033       2.00449118       1.00216745             0.05  0.000625025061  0.000625365848  47
     0.0543133595      0.712680932      0.029605119   7.17631425e-05      0.999922005       2.00449122       1.00216744             0.05  0.000625025067  0.000624790548  46
     0.0793134368      0.712681554     0.0296051334   7.20062982e-05      0.999922016       2.00449093        1.0021673             0.05  0.000625025007  0.000624339032  45
      0.030458346      0.737147792     0.0304966178   1.99015214e-05      0.999849521       2.00450237       1.00210037             0.05  0.000625029766  0.000625419168  44
     0.0554581934      0.737147413     0.0304966314   1.98271466e-05      0.999849519       2.00450226       1.00210031             0.05  0.000625029617  0.000624826454  43
     0.0804582818      0.737147269     0.0304966116   2.00735479e-05      0.999849549        2.0045016       1.00210001             0.05  0.000625029312  0.000624362117  42
     0.0054582218      0.737147452     0.0304965978   2.01371759e-05      0.999849574       2.00450168       1.00210008             0.05  0.000625029425  0.000625883758  41
     0.0566717933      0.762710158     0.0314254892   5.53325351e-05      0.999900425       2.00464218       1.00222128             0.05  0.000625026809  0.000624787689  40
     0.0816717925      0.762710362     0.0314254994    5.5620982e-05      0.999900473       2.00464154       1.00222101             0.05  0.000625026512  0.000624308492  39
    0.00667185315      0.762710348     0.0314254555   5.55505759e-05      0.999900457       2.00464146       1.00222095             0.05  0.000625026549  0.000625875642  38
     0.0316717944      0.762710345     0.0314255025   5.52969273e-05      0.999900446       2.00464205       1.00222124             0.05  0.000625026824  0.000625398261  37
     0.0831577399      0.787241229     0.0322926504   3.22749387e-05      0.999881023       2.00472696       1.00224422             0.05  0.000625026953  0.000624297584  36
    0.00815772871      0.787241432     0.0322926607    3.2289898e-05      0.999881031       2.00472678       1.00224414             0.05  0.000625026921  0.000625907865  35
     0.0331577873      0.787241653     0.0322926598   3.20534241e-05      0.999880982       2.00472701        1.0022442             0.05  0.000625026995  0.000625416518  34
     0.0581577201      0.787241408      0.032292673   3.20092632e-05      0.999880983       2.00472727       1.00224434             0.05  0.000625027027  0.000624788752  33
    0.00972484091      0.812487108     0.0331907056   1.99924205e-05      0.999861833       2.00482588       1.00227444             0.05  0.000625024653  0.000625941967  32
     0.0347246992      0.812487264     0.0331907256    1.9692118e-05      0.999861813       2.00482596       1.00227446             0.05  0.00062502462  0.000625437872  31
     0.0597248392      0.812487105     0.0331907229   1.96811224e-05      0.999861786       2.00482615       1.00227453             0.05  0.000625024625  0.000624793149  30
     0.0847246626       0.81248701     0.0331907243   1.99534989e-05      0.999861809       2.00482603       1.00227449             0.05  0.000625024661  0.000624287719  29
     0.0365143043      0.837636249     0.0340635142   5.84227287e-05      0.999947446       2.00505208       1.00247335             0.05  0.000625025586  0.00062539308  28
     0.0615142904       0.83763606     0.0340635258   5.84427417e-05      0.999947412       2.00505223        1.0024734             0.05  0.00062502557  0.000624730778  27
     0.0865142708      0.837635931     0.0340635151   5.87474103e-05      0.999947447       2.00505217        1.0024734             0.05  0.000625025612  0.00062421278  26
     0.0115142862      0.837636138     0.0340635286   5.86480532e-05      0.999947486       2.00505206       1.00247338             0.05  0.000625025629  0.000625909818  25
     0.0635060425      0.861969923     0.0349113906  -2.76065021e-05      0.999814484       2.00508827       1.00235815             0.05  0.000625025429  0.000624804351  24
     0.0885060238      0.861969759     0.0349114009  -2.73873783e-05       0.99981453       2.00507831       1.00235321             0.05  0.000625025511  0.000624274304  23
     0.0135060035      0.861969806     0.0349113957  -2.71949391e-05      0.999814574       2.00507827       1.00235324             0.05  0.000625025566  0.000626013511  22
     0.0385060335      0.861969982     0.0349114099  -2.75310901e-05      0.999814535       2.00507821       1.00235317             0.05  0.000625025483  0.000625482573  21
     0.0905466068       0.88829157      0.035838355   8.90756093e-05      0.999957821       2.00542745       1.00267143             0.05  0.000625027452  0.00062416605  20
      0.015546564      0.888291729     0.0358383514   8.88138666e-05      0.999957865       2.00542747       1.00267149             0.05  0.000625027546  0.000625949446  19
     0.0405466387      0.888291818     0.0358383416     8.861238e-05      0.999957791       2.00542733       1.00267134             0.05  0.000625027446  0.000625408428  18
     0.0655465934      0.888291655     0.0358383579   8.87147403e-05      0.999957775       2.00542734       1.00267133             0.05  0.000625027359  0.000624711591  17
     0.0179961762      0.911296222     0.0366132573  -7.55072359e-05      0.999709853       2.00543419       1.00242616             0.05  0.000625027122  0.00062611675  16
     0.0429961279      0.911296299     0.0366132434  -7.58990533e-05      0.999709822       2.00543405       1.00242606             0.05  0.000625027025  0.000625559171  15
     0.0679962071      0.911296291     0.0366132128  -7.60200467e-05       0.99970977       2.00543396       1.00242596             0.05  0.000625026923  0.000624845854  14
     0.0929961377      0.911296156     0.0366132139  -7.58467845e-05      0.999709839       2.00543416       1.00242613             0.05  0.000625027025  0.000624294582  13
     0.0453089364      0.938972676     0.0376613836   0.000115608914      0.999741177       2.00589228       1.00268655             0.05  0.00062502858  0.000625496559  12
     0.0703089559      0.938972567     0.0376614774   0.000115817317      0.999741164       2.00589218       1.00268649             0.05  0.0006250291  0.000624780931  11
     0.0953089872      0.938972543      0.037661514   0.000116168924      0.999741178       2.00588231       1.00268157             0.05  0.000625029213  0.000624257183  10
     0.0203089305      0.938972592      0.037661412   0.000115708377      0.999741216       2.00588239       1.00268165             0.05  0.000625028692  0.000626075795  9
     0.0727559356      0.960749737     0.0383048369  -0.000115183868      0.999362708       2.00620394        1.0024627             0.05  0.000625029648  0.000624935759  8
     0.0977555946      0.960749699     0.0383047623  -0.000115101909      0.999362749       2.00620397       1.00246276             0.05  0.000625029821  0.000624534231  7
      0.022755933      0.960749787     0.0383050624  -0.000114872766      0.999362834       2.00619418       1.00245795             0.05  0.000625029994  0.000626174066  6
     0.0477556634       0.96074977     0.0383048874  -0.000115146374      0.999362779       2.00619411       1.00245786             0.05  0.0006250298  0.000625596022  5
    0.00179894952      0.989367342     0.0395990711   0.000133760543      0.999377832       2.00706187       1.00290657             0.05  0.000625029051  0.000626056597  4
     0.0267985611      0.989367299     0.0395991028   0.000133638826      0.999377966         2.007062       1.00290677             0.05  0.000625029304  0.00062581611  3
     0.0517989443      0.989367354     0.0395991251   0.000133658645      0.999377816       2.00706201       1.00290662             0.05  0.000625028426  0.000625353316  2
     0.0767985897      0.989367285     0.0395990659   0.000133875059      0.999377694       2.00706179       1.00290639             0.05  0.00062502817  0.000624934772  1
