title='particle position' 
variables=x, y, Ux, Uy, rho, e, p, h=supportlength/2, m, V, ID 
     0.0245551808      0.010857737   0.000467220544  -7.21942595e-05       1.00018202       2.00423912       1.00230197             0.05  0.000625026514  0.000624932771  160
     0.0495550739     0.0108577037   0.000467212421  -7.21807598e-05       1.00018212       2.00423929       1.00230216             0.05  0.000625026648  0.000624920825  159
     0.0745551832     0.0108572551    0.00046722194  -7.22236032e-05       1.00018216        2.0042391        1.0023021             0.05  0.000625026679  0.000624905855  158
     0.0995551127     0.0108572676   0.000467217284  -7.22369037e-05       1.00018206        2.0042389       1.00230189             0.05  0.000625026543  0.000624893709  157
     0.0496301418     0.0389959782    0.00171888756   7.32090432e-05        1.0000898       2.00420972       1.00219485             0.05  0.000625026635  0.000624988496  156
     0.0746302547      0.038996278    0.00171889225    7.3249782e-05       1.00008982       2.00420966       1.00219484             0.05  0.000625026693  0.000624954123  155
     0.0996302517     0.0389964501    0.00171889538   7.32637206e-05       1.00008977       2.00420943       1.00219467             0.05  0.00062502658  0.00062492703  154
     0.0246302413      0.038996117    0.00171888393   7.32218266e-05       1.00008974       2.00420957       1.00219471             0.05  0.000625026524  0.000625015335  153
     0.0747729009     0.0611858164    0.00269887073  -6.33557621e-05       1.00022935       2.00433788       1.00239878             0.05  0.000625027265  0.000624857145  152
     0.0997728925     0.0611858195    0.00269888051  -6.33290016e-05       1.00022929       2.00433772       1.00239865             0.05  0.000625027248  0.000624816173  151
        0.0247729      0.061186249    0.00269888469  -6.32815879e-05       1.00022925       2.00433775       1.00239863             0.05  0.000625027149  0.000624951022  150
     0.0497729128      0.061186232    0.00269887702  -6.33151928e-05       1.00022931       2.00433783       1.00239872             0.05  0.000625027177  0.000624909564  149
      0.099205943     0.0884690037    0.00388417147   6.61503379e-05       1.00001737       2.00411726       1.00207604             0.05  0.000625027574  0.000624918621  148
     0.0242059589     0.0884689154    0.00388416807   6.60954365e-05       1.00001738       2.00411742       1.00207613             0.05  0.000625027484  0.000625113157  147
     0.0492059002     0.0884686198    0.00388415887   6.60600144e-05       1.00001743       2.00411726        1.0020761             0.05  0.000625027405  0.000625054071  146
     0.0742059524        0.0884687    0.00388416952   6.60986151e-05       1.00001742       2.00411727       1.00207609             0.05  0.000625027502  0.000624978341  145
     0.0244641872      0.111798502    0.00493308541  -4.22132529e-05       1.00020107       2.00429982       1.00235141             0.05  0.000625025113  0.000625022606  144
     0.0494641459      0.111798468    0.00493308188  -4.22366746e-05       1.00020108       2.00429972       1.00235137             0.05  0.000625025082  0.00062494733  143
     0.0744642042      0.111798221    0.00493307187  -4.22790588e-05       1.00020111       2.00429972        1.0023514             0.05  0.000625025162  0.000624851667  142
     0.0994641444       0.11179824    0.00493308148  -4.22565102e-05       1.00020108       2.00429964       1.00235133             0.05  0.00062502519  0.000624776844  141
     0.0492661854      0.137845406    0.00606511621   4.88879467e-05       1.00000684       2.00410363       1.00205867             0.05  0.000625023006  0.000625080078  140
     0.0742661681      0.137845321     0.0060651242   4.88924407e-05       1.00000682       2.00410356       1.00205861             0.05  0.000625023097  0.000624962222  139
     0.0992661854      0.137845668    0.00606512752   4.89863151e-05       1.00000682       2.00410323       1.00205845             0.05  0.000625022953  0.000624869412  138
     0.0242661834      0.137845714    0.00606512837   4.89521643e-05       1.00000683        2.0041034       1.00205855             0.05  0.000625022843  0.000625172399  137
     0.0743774193      0.162365711    0.00714465413  -1.04538556e-05       1.00010708       2.00421494       1.00221478             0.05  0.000625025462  0.000624889406  136
     0.0993773282       0.16236576    0.00714466432  -1.04028646e-05       1.00010707       2.00421425       1.00221442             0.05  0.000625025108  0.000624780468  135
     0.0243774138      0.162365779    0.00714465276  -1.04115432e-05       1.00010707       2.00421431       1.00221445             0.05  0.000625024923  0.000625137003  134
     0.0493773478      0.162365877    0.00714465827  -1.04514925e-05       1.00010705       2.00421486       1.00221471             0.05  0.000625025275  0.000625028214  133
      0.099475007      0.187399197    0.00823501692   2.37456305e-05       1.00002934       2.00414065       1.00209973             0.05  0.000625027624  0.00062480286  132
     0.0244749748      0.187399325    0.00823501124   2.37405596e-05       1.00002936       2.00414061       1.00209972             0.05  0.000625027369  0.000625213925  131
     0.0494750124      0.187399122    0.00823500902    2.3667654e-05       1.00002936       2.00414115           1.0021             0.05  0.000625027628  0.000625088384  130
       0.07447493      0.187398806    0.00823501107   2.36442906e-05       1.00002933       2.00414129       1.00210003             0.05  0.000625027918  0.000624928487  129
     0.0245489946      0.212669949    0.00932922269   2.30815252e-05       1.00001771       2.00414036       1.00208792             0.05  0.000625027551  0.000625246904  128
     0.0495490614      0.212670282    0.00932923399   2.29670373e-05       1.00001769       2.00414039       1.00208792             0.05  0.000625027455  0.000625105397  127
     0.0745490511       0.21267016    0.00932921835   2.30254377e-05       1.00001769       2.00414021       1.00208783             0.05  0.00062502749  0.000624923576  126
       0.09954904      0.212670374    0.00932924813   2.30910816e-05       1.00001771       2.00414011        1.0020878             0.05  0.00062502759  0.000624783362  125
     0.0498147767      0.237236217     0.0103916831   2.72736045e-06       1.00004599       2.00417488       1.00213353             0.05  0.000625026371  0.00062507731  124
     0.0748147137      0.237235754     0.0103916887   2.72471568e-06       1.00004598       2.00417434       1.00213325             0.05  0.00062502612  0.000624879013  123
     0.0998147525      0.237235988      0.010391693   2.79881778e-06       1.00004596        2.0041744       1.00213325             0.05  0.000625026381  0.000624738516  122
     0.0248147723      0.237236297     0.0103916869   2.79608845e-06       1.00004599       2.00417506       1.00213361             0.05  0.000625026617  0.000625239813  121
     0.0749971043      0.262707949     0.0114815986   4.30996012e-05      0.999978836       2.00412156       1.00203957             0.05  0.000625026415  0.000624862091  120
     0.0999970693      0.262708141     0.0114816022   4.31561213e-05      0.999978868       2.00412152       1.00203959             0.05  0.000625026577  0.000624752504  119
     0.0249970438      0.262707843      0.011481605   4.30534074e-05       0.99997886       2.00412186       1.00203975             0.05  0.000625026677  0.000625261675  118
     0.0499970238      0.262707698      0.011481584   4.30021902e-05       0.99997888       2.00412182       1.00203974             0.05  0.000625026516  0.000625069682  117
   0.000367606331      0.287282725     0.0125292522  -2.01742714e-06       1.00003831        2.0042005       1.00213864             0.05  0.000625027686  0.000625318139  116
     0.0253676856      0.287283189     0.0125292737  -2.07622526e-06       1.00003835       2.00420058       1.00213872             0.05  0.000625027629  0.000625184198  115
     0.0503676738      0.287283145      0.012529249  -2.13286771e-06       1.00003833       2.00420047       1.00213865             0.05  0.000625027468  0.000624954308  114
     0.0753676703      0.287282862     0.0125292707  -2.09024227e-06       1.00003833       2.00420056       1.00213869             0.05  0.000625027506  0.000624747995  113
     0.0257332337       0.31261033      0.013599143   4.44354237e-05      0.999981216       2.00416205        1.0020622             0.05  0.000625028733  0.000625189253  112
     0.0507331028      0.312609718     0.0135991168   4.44459711e-05      0.999981188       2.00416225       1.00206227             0.05  0.000625028802  0.000624928264  111
     0.0757332433      0.312610168     0.0135991387   4.45627121e-05      0.999981147       2.00416204       1.00206213             0.05  0.000625028655  0.00062471668  110
   0.000733167684      0.312610288     0.0135991181   4.45809794e-05       0.99998118       2.00416169       1.00206199             0.05  0.000625028584  0.000625380283  109
     0.0512178605      0.337396541     0.0146374083   7.85503835e-06       1.00001543       2.00421035       1.00212063             0.05  0.00062502776  0.000624877571  108
     0.0762178916       0.33739646     0.0146374128   7.96992676e-06       1.00001539       2.00421002       1.00212043             0.05  0.000625027545  0.000624654635  107
    0.00121780497      0.337396229     0.0146373962   7.98071255e-06       1.00001544       2.00420917       1.00212006             0.05  0.000625027076  0.000625383246  106
     0.0262178852      0.337396543     0.0146374061   7.87313175e-06       1.00001546       2.00420965       1.00212032             0.05  0.00062502732  0.000625162407  105
     0.0767779349      0.362505935     0.0156805162   3.46328391e-05      0.999997584       2.00420566       1.00210041             0.05  0.000625024718  0.000624636314  104
    0.00177803593      0.362506117     0.0156805021   3.46264581e-05      0.999997611       2.00420497       1.00210009             0.05  0.000625024308  0.000625418894  103
     0.0267779439      0.362506133     0.0156805162   3.44732376e-05       0.99999767       2.00420514       1.00210023             0.05  0.000625024337  0.000625180141  102
     0.0517780227      0.362505813     0.0156805232   3.44444829e-05      0.999997621       2.00420575       1.00210049             0.05  0.000625024749  0.000624875576  101
    0.00242052864      0.387478983      0.016707222   2.22768678e-05      0.999997991       2.00422436       1.00211017             0.05  0.000625023219  0.000625443742  100
     0.0274205722      0.387479064      0.016707238   2.21367456e-05      0.999998024        2.0042244       1.00211022             0.05  0.000625023187  0.000625189469  99
      0.052420547      0.387479056     0.0167072407   2.21361588e-05      0.999997988       2.00422457       1.00211027             0.05  0.000625023315  0.000624864891  98
      0.077420591      0.387479061      0.016707239    2.2286246e-05      0.999997955       2.00422454       1.00211022             0.05  0.000625023339  0.000624609967  97
     0.0281709654       0.41244875     0.0177235543   2.33532354e-05       1.00000614       2.00425583       1.00213407             0.05  0.000625024062  0.000625195245  96
     0.0531709743      0.412448634     0.0177235573   2.33244734e-05       1.00000614       2.00425582       1.00213407             0.05  0.00062502406  0.000624850916  95
     0.0781709879      0.412448688     0.0177235539   2.34932875e-05        1.0000061        2.0042557       1.00213396             0.05  0.000625024039  0.000624580561  94
    0.00317097652      0.412448763     0.0177235364   2.35191848e-05        1.0000061       2.00425571       1.00213396             0.05  0.000625024047  0.000625465011  93
     0.0540108716      0.437515014     0.0187335328   3.21775437e-05      0.999995721       2.00427286       1.00213214             0.05  0.000625028835  0.000624849466  92
     0.0790107321      0.437515061     0.0187335202   3.23545759e-05      0.999995696       2.00427275       1.00213206             0.05  0.000625028814  0.000624563706  91
    0.00401088121      0.437515143     0.0187335196    3.2338274e-05       0.99999569       2.00427272       1.00213204             0.05  0.000625028803  0.000625498448  90
     0.0290107138      0.437515112     0.0187335214   3.21770878e-05       0.99999571       2.00427286       1.00213213             0.05  0.000625028826  0.000625213454  89
     0.0799603183      0.462427646     0.0197248239   1.65871937e-05       1.00000484       2.00430926       1.00215948             0.05  0.000625030392  0.000624533907  88
    0.00496036968      0.462427765     0.0197248209    1.6607442e-05       1.00000481       2.00430913       1.00215938             0.05  0.000625030331  0.000625518036  87
     0.0299602872      0.462427703     0.0197248228   1.64374886e-05       1.00000483       2.00430934       1.00215951             0.05  0.000625030362  0.000625217978  86
     0.0549603308      0.462427599     0.0197248358   1.64174246e-05       1.00000486        2.0043094       1.00215957             0.05  0.000625030424  0.000624834731  85
    0.00601878211      0.487529031     0.0207142977   3.53762625e-05       1.00000672       2.00433851       1.00217599             0.05  0.00062502465  0.000625540728  84
     0.0310188005      0.487528994     0.0207143197   3.51890819e-05       1.00000672       2.00433871       1.00217609             0.05  0.000625024643  0.000625225772  83
     0.0560187528      0.487528801     0.0207143048   3.52015952e-05       1.00000675       2.00433884       1.00217619             0.05  0.000625024783  0.000624823315  82
     0.0810188126       0.48752888     0.0207143186   3.53811503e-05       1.00000675       2.00433876       1.00217614             0.05  0.000625024795  0.000624507467  81
     0.0321893148      0.512419738     0.0216815158   1.48097639e-05       1.00000323        2.0043648       1.00218564             0.05  0.000625026962  0.000625236604  80
      0.057189273      0.512419558     0.0216815224    1.4796507e-05       1.00000326       2.00436493       1.00218573             0.05  0.00062502711  0.000624815333  79
     0.0821893091      0.512419564     0.0216815152   1.49812251e-05       1.00000327       2.00436492       1.00218574             0.05  0.000625027191  0.000624484819  78
    0.00718932933      0.512419774     0.0216815164   1.49945835e-05       1.00000324       2.00436468       1.00218559             0.05  0.00062502705  0.000625566224  77
      0.058477471       0.53753031     0.0226490273   3.06881107e-05       1.00002149       2.00442159       1.00223233             0.05  0.000625023939  0.000624794756  76
     0.0834773934       0.53753036     0.0226490324   3.08875077e-05        1.0000215       2.00442159       1.00223234             0.05  0.00062502404  0.000624449576  75
    0.00847750532      0.537530572      0.022649029   3.08766059e-05       1.00002147       2.00442144       1.00223224             0.05  0.000625023972  0.000625578903  74
     0.0334773977      0.537530547     0.0226490307   3.06849909e-05       1.00002145       2.00442155       1.00223227             0.05  0.000625023874  0.000625234789  73
      0.084892569      0.562431066      0.023593925   1.91354928e-05       1.00001327       2.00445248       1.00223954             0.05  0.000625028418  0.000624431594  72
    0.00989250753      0.562431325      0.023593921    1.9143739e-05       1.00001325       2.00445243       1.00223949             0.05  0.000625028401  0.000625607882  71
     0.0348926077       0.56243134     0.0235939247   1.89358596e-05       1.00001323       2.00445259       1.00223955             0.05  0.000625028354  0.000625249437  70
     0.0598924706      0.562431113     0.0235939204   1.89306214e-05       1.00001325        2.0044526       1.00223958             0.05  0.000625028367  0.000624790996  69
     0.0114228837      0.587496726     0.0245377496   1.83612466e-05       1.00003121       2.00450738       1.00228498             0.05  0.000625025799  0.00062562019  68
     0.0364229583      0.587496771     0.0245377622   1.81446221e-05        1.0000312       2.00450751       1.00228503             0.05  0.000625025737  0.000625247681  67
     0.0614228637      0.587496531      0.024537739   1.81551235e-05       1.00003124       2.00450761       1.00228512             0.05  0.000625025762  0.000624770965  66
     0.0864229328      0.587496504     0.0245377644   1.83404601e-05       1.00003125       2.00450746       1.00228505             0.05  0.000625025819  0.000624397235  65
     0.0380998062      0.612495345     0.0254664054   2.86861756e-05       1.00004198       2.00456115       1.00232265             0.05  0.000625026866  0.00062524939  64
     0.0630998296      0.612495107      0.025466413   2.86733875e-05       1.00004201       2.00456126       1.00232273             0.05  0.000625026855  0.000624754546  63
     0.0880997794      0.612495069     0.0254664081   2.89135832e-05       1.00004201       2.00456117       1.00232269             0.05  0.000625026983  0.000624367003  62
     0.0130998472      0.612495384     0.0254664215   2.89039429e-05       1.00004198       2.00456113       1.00232265             0.05  0.000625026994  0.000625635892  61
     0.0648911055      0.637396446     0.0263825069  -5.23741283e-07       1.00003179       2.00460604       1.00233489             0.05  0.000625023653  0.000624751716  60
     0.0898910332      0.637396258     0.0263825229  -3.40050006e-07       1.00003177       2.00460606       1.00233488             0.05  0.000625023897  0.000624350294  59
     0.0148910945      0.637396447     0.0263825251  -2.91044913e-07       1.00003173       2.00460608       1.00233484             0.05  0.000625023957  0.000625664549  58
     0.0398910741      0.637396559       0.02638252    -5.251728e-07       1.00003175       2.00460593       1.00233479             0.05  0.000625023716  0.000625264297  57
     0.0918407107      0.662625639     0.0273064707   3.98266977e-05       1.00008157         2.004715       1.00243926             0.05  0.000625025052  0.000624296708  56
     0.0168406057      0.662626123     0.0273064758   3.97945631e-05       1.00008153       2.00471514       1.00243929             0.05  0.000625025198  0.0006256562  55
     0.0418407189      0.662625855     0.0273064702   3.95664315e-05       1.00008155       2.00471478       1.00243913             0.05  0.000625024832  0.000625242392  54
     0.0668405769      0.662625593     0.0273064701   3.95873746e-05       1.00008157       2.00471477       1.00243915             0.05  0.000625024718  0.000624711844  53
      0.018915513      0.687246583     0.0281912916  -1.76279986e-05       1.00003316       2.00472498       1.00239573             0.05  0.000625026378  0.000625704076  52
     0.0439155371      0.687246657     0.0281912797  -1.78822658e-05       1.00003319       2.00472473       1.00239563             0.05  0.000625026116  0.000625277222  51
     0.0689155572      0.687246759     0.0281912597  -1.78606975e-05       1.00003321       2.00472461       1.00239559             0.05  0.00062502594  0.000624728472  50
     0.0939155108      0.687246429     0.0281912794  -1.76961558e-05       1.00003317       2.00472486       1.00239568             0.05  0.000625026248  0.00062430304  49
     0.0461472131       0.71276395     0.0291221669   4.11422987e-05       1.00011613       2.00487805       1.00255543             0.05  0.000625024995  0.000625185711  48
     0.0711472566      0.712763816       0.02912221   4.12318559e-05        1.0001161       2.00487822        1.0025555             0.05  0.000625025061  0.000624625673  47
     0.0961471838      0.712763785     0.0291222009   4.14838879e-05       1.00011609       2.00487811       1.00255543             0.05  0.000625025067  0.000624219875  46
      0.021147293      0.712764509     0.0291222085   4.13035989e-05       1.00011611       2.00487798       1.00255538             0.05  0.000625025007  0.000625641684  45
     0.0735266552      0.737149243     0.0299810341  -2.23159877e-05         1.000062       2.00490475       1.00251453             0.05  0.000625029766  0.00062453054  44
     0.0985265086      0.737148954     0.0299810244  -2.21972846e-05       1.00006201       2.00490449       1.00251441             0.05  0.000625029617  0.000624218909  43
     0.0235266066      0.737149035     0.0299810672  -2.22697775e-05       1.00006206       2.00490405       1.00251424             0.05  0.000625029312  0.00062559314  42
     0.0485265425      0.737149045     0.0299810113  -2.24575271e-05       1.00006207       2.00490426       1.00251435             0.05  0.000625029425  0.000625086195  41
    0.00105440998      0.762767821     0.0309185954   2.22402503e-05       1.00013417       2.00506263       1.00266582             0.05  0.000625026809  0.000625738694  40
     0.0260544245      0.762768146     0.0309186428   2.20828862e-05       1.00013426       2.00506224       1.00266572             0.05  0.000625026512  0.000625409462  39
     0.0510544522      0.762767874     0.0309185986   2.19345181e-05       1.00013424       2.00506227       1.00266572             0.05  0.000625026549  0.000624834168  38
     0.0760544368      0.762767752     0.0309186531   2.21089071e-05       1.00013418       2.00506264       1.00266584             0.05  0.000625026824  0.000624314285  37
     0.0287546751      0.787263184     0.0317765102  -5.72928025e-06       1.00014151       2.00517251       1.00272813             0.05  0.000625026953  0.00062529719  36
     0.0537546757      0.787263174     0.0317764996  -5.82200886e-06       1.00014151        2.0051724       1.00272807             0.05  0.000625026921  0.000624684558  35
     0.0787547074      0.787263327     0.0317764833  -5.57653083e-06       1.00014141       2.00517241       1.00272798             0.05  0.000625026995  0.000624187942  34
    0.00375465726      0.787263244     0.0317765213  -5.50235581e-06       1.00014142       2.00517257       1.00272807             0.05  0.000625027027  0.000625742754  33
     0.0566036892      0.812488993     0.0326998038   -2.0110644e-05       1.00013091       2.00527977       1.00277114             0.05  0.000625024653  0.000624635002  32
     0.0816035602      0.812489021     0.0326997935   -1.9892711e-05       1.00013081       2.00527958       1.00277095             0.05  0.00062502462  0.000624140015  31
    0.00660369574      0.812489097     0.0326997823  -1.97744944e-05       1.00013077       2.00527969       1.00277095             0.05  0.000625024625  0.000625761301  30
     0.0316035128      0.812489128     0.0326997896  -2.00239677e-05       1.00013086       2.00527984       1.00277113             0.05  0.000625024661  0.000625270758  29
     0.0846481647      0.837701486     0.0336177781   2.94970089e-05       1.00021942       2.00550897       1.00297451             0.05  0.000625025586  0.000624058521  28
    0.00964816725      0.837701507     0.0336177684   2.93827018e-05       1.00021933       2.00550904       1.00297445             0.05  0.00062502557  0.000625725664  27
     0.0346481407      0.837701342      0.033617779   2.91438903e-05       1.00021943       2.00550924       1.00297465             0.05  0.000625025612  0.000625220003  26
      0.059648167      0.837701317     0.0336177986   2.91702971e-05       1.00021952        2.0055092       1.00297472             0.05  0.000625025629  0.000624566819  25
     0.0128460399      0.861899379     0.0344710131  -7.17135037e-05       1.00005559       2.00551757       1.00281453             0.05  0.000625025429  0.000625849218  24
     0.0378460389       0.86189931     0.0344709869  -7.20442144e-05       1.00005573       2.00550789       1.00280983             0.05  0.000625025511  0.000625329349  23
     0.0628459931      0.861899138     0.0344709672  -7.21464334e-05       1.00005585       2.00550791       1.00280996             0.05  0.000625025566  0.00062465941  22
     0.0878460314       0.86189919     0.0344709574  -7.19586153e-05       1.00005572       2.00550758       1.00280966             0.05  0.000625025483  0.000624138685  21
     0.0412777683      0.888411113     0.0355294395   7.71087168e-05       1.00014059       2.00580212       1.00304206             0.05  0.000625027452  0.000625282893  20
     0.0662777597      0.888411082     0.0355295043   7.72761275e-05       1.00014071       2.00580217        1.0030422             0.05  0.000625027546  0.000624593362  19
     0.0912778452      0.888411401     0.0355295393   7.76702512e-05       1.00014054       2.00580173       1.00304181             0.05  0.000625027446  0.000624060527  18
     0.0162777733        0.8884114     0.0355294012   7.73195258e-05       1.00014046       2.00580174       1.00304174             0.05  0.000625027359  0.000625815858  17
     0.0697849051      0.911155722     0.0362300708  -0.000118115987      0.999812077       2.00573641       1.00267974             0.05  0.000625027122  0.000624732256  16
     0.0947848228      0.911155658     0.0362300283  -0.000117972898      0.999811933       2.00573595       1.00267937             0.05  0.000625027025  0.000624225634  15
     0.0197849696      0.911156013     0.0362302524  -0.000117646199      0.999811845       2.00573595       1.00267928             0.05  0.000625026923  0.000626003162  14
     0.0447849295      0.911155929     0.0362301354  -0.000118044393      0.999812043       2.00573647       1.00267974             0.05  0.000625027025  0.000625432284  13
     0.0987286395       0.93914905     0.0375180776   0.000131672951       0.99977487       2.00614036       1.00284436             0.05  0.00062502858  0.000624217363  12
     0.0237285851      0.939148882     0.0375178894   0.000131028957      0.999774769       2.00614038       1.00284427             0.05  0.0006250291  0.000625910884  11
     0.0487285277      0.939148568     0.0375179117   0.000131038437      0.999774907       2.00613083       1.00283963             0.05  0.000625029213  0.000625277732  10
     0.0737285719      0.939148575     0.0375180564   0.000131358042      0.999775036       2.00613084       1.00283977             0.05  0.000625028692  0.000624594342  9
     0.0270538053      0.960555252     0.0381121336  -0.000157678089      0.999315703       2.00641131       1.00251916             0.05  0.000625029648  0.000626014828  8
     0.0520535527      0.960555254     0.0381118581  -0.000157981992       0.99931573       2.00641153        1.0025193             0.05  0.000625029821  0.000625371613  7
     0.0770537336      0.960555049     0.0381117945  -0.000158007894      0.999315867        2.0064015       1.00251443             0.05  0.000625029994  0.000624772353  6
    0.00205331484      0.960554953     0.0381122301  -0.000157423824      0.999315807       2.00640123       1.00251423             0.05  0.0006250298  0.000626357892  5
     0.0580976796      0.989586369     0.0396443963   0.000174159704      0.999398554       2.00733284       1.00306277             0.05  0.000625029051  0.00062516393  4
      0.083097239      0.989586452     0.0396443458   0.000174497278      0.999398739       2.00733253        1.0030628             0.05  0.000625029304  0.000624803338  3
    0.00809765784      0.989586817      0.039644306   0.000174085351      0.999398749       2.00733294       1.00306301             0.05  0.000625028426  0.000626010819  2
     0.0330972193      0.989586567     0.0396443446   0.000173937612      0.999398594       2.00733311       1.00306295             0.05  0.00062502817  0.000625642621  1
