title='particle position' 
variables=x, y, Ux, Uy, rho, e, p, h=supportlength/2, m, V, ID 
     0.0261935669       0.98749403      0.039060924   1.15140008e-05      0.999267472       2.00259838       1.00056571             0.05  0.000625026493  0.000625898246  160
    0.00119345935       0.98749383     0.0390608005   1.17578257e-05        0.9992674       2.00259736       1.00056513             0.05  0.000625026493  0.000626132589  159
      0.076193549      0.987493538     0.0390606918   1.15563941e-05      0.999267036       2.00259798       1.00056507             0.05  0.000625026493  0.000625002168  158
     0.0511936882      0.987493755     0.0390607824   1.13255236e-05      0.999267107       2.00260021       1.00056626             0.05  0.000625026493  0.000625431814  157
     0.0229419663       0.96246387      0.037318745  -1.08059868e-05      0.999415922       2.00187735       1.00035405             0.05  0.000625026493  0.000626090211  156
      0.097941921      0.962463621     0.0373185844  -1.05220398e-05      0.999415924       2.00187675       1.00035375             0.05  0.000625026493  0.000624530914  155
     0.0729419566      0.962463345     0.0373185808  -1.07697037e-05      0.999415777       2.00187814        1.0003543             0.05  0.000625026493  0.000624897167  154
     0.0479420701      0.962463594     0.0373185997  -1.10262104e-05      0.999415778       2.00187993        1.0003552             0.05  0.000625026493  0.000625525887  153
     0.0199456157       0.93745789     0.0356547988   3.31537037e-06      0.999691651       2.00147532       1.00042908             0.05  0.000625026493  0.000626057053  152
     0.0949456401      0.937457519     0.0356548049   3.43393321e-06       0.99969174       2.00147503       1.00042903             0.05  0.000625026493  0.000624330335  151
     0.0699455892       0.93745722     0.0356547276   3.01203976e-06      0.999691749       2.00147641       1.00042973             0.05  0.000625026493  0.000624824554  150
     0.0449456565      0.937457593     0.0356547142   2.90705855e-06      0.999691659       2.00147758       1.00043022             0.05  0.000625026493  0.000625504572  149
     0.0171408164      0.912454603     0.0339766676   1.05004208e-05      0.999850019       2.00125208       1.00047596             0.05  0.000625026493  0.000625963029  148
     0.0921408286      0.912454205     0.0339766494   1.05178051e-05      0.999850136        2.0012519       1.00047599             0.05  0.000625026493  0.000624276201  147
     0.0671407692       0.91245393     0.0339766046    1.0048716e-05      0.999850205       2.00125304       1.00047663             0.05  0.000625026493  0.000624789441  146
     0.0421408308      0.912454328     0.0339766082   1.00346341e-05      0.999850088       2.00125385       1.00047692             0.05  0.000625026493  0.00062545064  145
     0.0145377446      0.887448915     0.0323307338   1.15763326e-05      0.999910059       2.00106437        1.0004422             0.05  0.000625026493  0.000625890635  144
     0.0895377544      0.887448541     0.0323307196   1.15506051e-05      0.999910182       2.00106425       1.00044226             0.05  0.000625026493  0.000624282401  143
     0.0645377013      0.887448307     0.0323306923   1.10957949e-05      0.999910288       2.00106519       1.00044284             0.05  0.000625026493  0.000624774021  142
     0.0395377562      0.887448679     0.0323306945   1.11163369e-05      0.999910164       2.00106578       1.00044301             0.05  0.000625026493  0.000625402477  141
      0.012122929      0.862447651     0.0307095421   1.92114881e-05      0.999943405       2.00090878       1.00039777             0.05  0.000625026493  0.000625829577  140
     0.0871229387      0.862447309     0.0307095371   1.91745051e-05      0.999943545       2.00090873       1.00039789             0.05  0.000625026493  0.000624301081  139
      0.062122883      0.862447116     0.0307095064   1.87392022e-05      0.999943677       2.00090953       1.00039842             0.05  0.000625026493  0.000624768394  138
      0.037122931      0.862447457     0.0307094998   1.87750434e-05      0.999943538       2.00090995       1.00039849             0.05  0.000625026493  0.000625365365  137
    0.00988616948      0.837445374     0.0291150827   2.16725971e-05      0.999963655       2.00077844       1.00035286             0.05  0.000625026493  0.00062577732  136
     0.0848861794      0.837445063     0.0291150831   2.16297397e-05      0.999963771       2.00077844       1.00035297             0.05  0.000625026493  0.000624327405  135
     0.0598861289      0.837444909     0.0291150635   2.12193885e-05      0.999963917       2.00077911       1.00035346             0.05  0.000625026493  0.00062477076  134
      0.034886171      0.837445218     0.0291150502   2.12591235e-05      0.999963802       2.00077944       1.00035351             0.05  0.000625026493  0.000625336752  133
    0.00781758957      0.812443909     0.0275494352   2.51726731e-05      0.999975296       2.00066681       1.00030869             0.05  0.000625026493  0.000625731109  132
     0.0828175993      0.812443629     0.0275494384   2.51345471e-05      0.999975384       2.00066684       1.00030879             0.05  0.000625026493  0.000624358492  131
      0.057817555       0.81244351     0.0275494294   2.47501965e-05      0.999975534       2.00066741       1.00030923             0.05  0.000625026493  0.000624778266  130
      0.032817593      0.812443788     0.0275494125   2.47857822e-05      0.999975447       2.00066767       1.00030927             0.05  0.000625026493  0.000625313843  129
    0.00590770368      0.787442865     0.0260150095   2.80332274e-05      0.999984524       2.00057329       1.00027116             0.05  0.000625026493  0.000625687133  128
     0.0809077127      0.787442613     0.0260150126   2.79968032e-05      0.999984593       2.00057335       1.00027126             0.05  0.000625026493  0.000624390387  127
     0.0559076732      0.787442525     0.0260150105   2.76405979e-05       0.99998474       2.00057384       1.00027165             0.05  0.000625026493  0.000624787  126
     0.0309077082      0.787442776     0.0260149927   2.76749185e-05      0.999984671       2.00057405       1.00027169             0.05  0.000625026493  0.000625292775  125
    0.00414736917      0.762441946     0.0245144061   3.00132899e-05      0.999991565       2.00049364       1.00023838             0.05  0.000625026493  0.000625646356  124
     0.0791473777      0.762441718     0.0245144017   2.99666438e-05      0.999991626       2.00049374       1.00023849             0.05  0.000625026493  0.000624426362  123
     0.0541473424      0.762441658     0.0245143901   2.96453998e-05      0.999991762       2.00049415       1.00023884             0.05  0.000625026493  0.00062479974  122
     0.0291473749      0.762441885     0.0245143822   2.96895547e-05      0.999991701       2.00049431       1.00023885             0.05  0.000625026493  0.000625277167  121
     0.0025277904      0.737441338     0.0230504382    3.1810875e-05      0.999997579       2.00042592       1.00021054             0.05  0.000625026493  0.000625609911  120
     0.0775277991      0.737441132      0.023050417   3.17258263e-05      0.999997646       2.00042605       1.00021067             0.05  0.000625026493  0.000624481952  119
     0.0525277682      0.737441095     0.0230503862   3.14619809e-05      0.999997761       2.00042639       1.00021095             0.05  0.000625026493  0.000624842213  118
     0.0275277977        0.7374413     0.0230503968   3.15412815e-05      0.999997693       2.00042649       1.00021094             0.05  0.000625026493  0.000625286003  117
    0.00104047355       0.71244092     0.0216257705    3.3065022e-05       1.00000326       2.00036852       1.00018751             0.05  0.000625026493  0.00062557495  116
     0.0760404827      0.712440736     0.0216257642   3.29235283e-05       1.00000334       2.00036869       1.00018768             0.05  0.000625026493  0.000624583128  115
     0.0510404571      0.712440716      0.021625703   3.27378465e-05       1.00000342       2.00036896        1.0001879             0.05  0.000625026493  0.000624943501  114
     0.0260404825        0.7124409     0.0216257475   3.28667436e-05       1.00000334       2.00036901       1.00018784             0.05  0.000625026493  0.000625343603  113
     0.0996772261        0.6874407     0.0202428263   3.39438171e-05       1.00000873       2.00031986       1.00016867             0.05  0.000625026493  0.000624506971  112
     0.0746772345      0.687440538     0.0202428539   3.37998444e-05       1.00000883       2.00032006       1.00016886             0.05  0.000625026493  0.000624708573  111
     0.0496772147      0.687440529     0.0202427913   3.36494577e-05       1.00000888       2.00032026       1.00016901             0.05  0.000625026493  0.000625079411  110
      0.024677235      0.687440692     0.0202428416   3.37824476e-05       1.00000879       2.00032026       1.00016892             0.05  0.000625026493  0.000625420254  109
     0.0984301469      0.662440676     0.0189041751   3.44893619e-05       1.00001427       2.00027886       1.00015371             0.05  0.000625026493  0.000624542252  108
     0.0734301538      0.662440535     0.0189041708   3.43118389e-05       1.00001438       2.00027905       1.00015391             0.05  0.000625026493  0.000624802583  107
     0.0484301388      0.662440534     0.0189041317   3.42370027e-05        1.0000144       2.00027919         1.000154             0.05  0.000625026493  0.000625165329  106
     0.0234301548      0.662440676     0.0189041619   3.44123789e-05       1.00001429       2.00027916       1.00015388             0.05  0.000625026493  0.000625461542  105
     0.0972916088      0.637440838     0.0176121684   3.47225002e-05       1.00001995       2.00024449        1.0001422             0.05  0.000625026493  0.000624574598  104
     0.0722916154      0.637440717     0.0176121711   3.45322813e-05       1.00002007       2.00024467       1.00014241             0.05  0.000625026493  0.000624840599  103
     0.0472916036      0.637440719      0.017612142    3.4509293e-05       1.00002007       2.00024476       1.00014245             0.05  0.000625026493  0.000625184053  102
     0.0222916167      0.637440842     0.0176121623   3.47007282e-05       1.00001995       2.00024471       1.00014231             0.05  0.000625026493  0.000625451374  101
     0.0962542616      0.612441187     0.0163687916   3.47000583e-05       1.00002581       2.00021589       1.00013376             0.05  0.000625026493  0.000624602632  100
     0.0712542676      0.612441085      0.016368797   3.45185936e-05       1.00002593       2.00021606       1.00013396             0.05  0.000625026493  0.000624852783  99
     0.0462542581      0.612441088     0.0163687748   3.45162649e-05       1.00002591       2.00021612       1.00013398             0.05  0.000625026493  0.000625171228  98
     0.0212542691      0.612441191     0.0163687883   3.46990665e-05        1.0000258       2.00021605       1.00013383             0.05  0.000625026493  0.000625420418  97
     0.0953110392      0.587441722     0.0151756064   3.44469766e-05       1.00003187       2.00019234       1.00012804             0.05  0.000625026493  0.000624628417  96
     0.0703110445      0.587441636     0.0151756098   3.42817779e-05       1.00003197       2.00019248       1.00012822             0.05  0.000625026493  0.000624860382  95
     0.0453110369      0.587441639     0.0151755889   3.42857437e-05       1.00003196       2.00019252       1.00012822             0.05  0.000625026493  0.000625155653  94
     0.0203110462      0.587441725     0.0151756032   3.44521408e-05       1.00003185       2.00019246       1.00012808             0.05  0.000625026493  0.000625386781  93
     0.0944551653      0.562442441     0.0140338529   3.39912891e-05        1.0000381       2.00017317       1.00012469             0.05  0.000625026493  0.000624652837  92
       0.06945517      0.562442369      0.014033856   3.38437296e-05        1.0000382        2.0001733       1.00012485             0.05  0.000625026493  0.000624867391  91
     0.0444551639      0.562442372     0.0140338373   3.38489508e-05       1.00003819       2.00017333       1.00012486             0.05  0.000625026493  0.000625140483  90
     0.0194551717      0.562442444     0.0140338507   3.39975147e-05       1.00003809       2.00017326       1.00012473             0.05  0.000625026493  0.000625354308  89
     0.0936801539      0.537443345      0.012944425    3.3359299e-05        1.0000445       2.00015783       1.00012342             0.05  0.000625026493  0.000624675881  88
     0.0686801581      0.537443286     0.0129444284   3.32288416e-05       1.00004459       2.00015794       1.00012356             0.05  0.000625026493  0.000624873815  87
     0.0436801532      0.537443287     0.0129444119   3.32336216e-05       1.00004458       2.00015796       1.00012356             0.05  0.000625026493  0.00062512574  86
     0.0186801597      0.537443347      0.012944424   3.33649074e-05       1.00004449       2.00015789       1.00012344             0.05  0.000625026493  0.000625323042  85
     0.0929798107      0.512444433     0.0119078355   3.25727574e-05       1.00005102       2.00014579       1.00012392             0.05  0.000625026493  0.000624697553  84
     0.0679798143      0.512444384     0.0119078391   3.24581928e-05        1.0000511       2.00014589       1.00012404             0.05  0.000625026493  0.000624879668  83
     0.0429798105      0.512444385     0.0119078249   3.24622021e-05       1.00005109        2.0001459       1.00012404             0.05  0.000625026493  0.00062511145  82
     0.0179798159      0.512444435     0.0119078354    3.2577443e-05       1.00005101       2.00014584       1.00012394             0.05  0.000625026493  0.000625293016  81
     0.0923482344      0.487445704     0.0109242143   3.16512727e-05       1.00005763       2.00013662       1.00012594             0.05  0.000625026493  0.000624717871  80
     0.0673482376      0.487445664      0.010924218   3.15512448e-05        1.0000577        2.0001367       1.00012605             0.05  0.000625026493  0.000624884971  79
     0.0423482346      0.487445665     0.0109242059   3.15545114e-05       1.00005769       2.00013671       1.00012605             0.05  0.000625026493  0.000625097637  78
     0.0173482391      0.487445706      0.010924215   3.16550865e-05       1.00005762       2.00013666       1.00012595             0.05  0.000625026493  0.000625264261  77
      0.091779817      0.462447158    0.00999331345   3.06114172e-05       1.00006428       2.00012989       1.00012923             0.05  0.000625026493  0.000624736866  76
     0.0667798198      0.462447125    0.00999331721   3.05245661e-05       1.00006434       2.00012996       1.00012932             0.05  0.000625026493  0.000624889751  75
     0.0417798175      0.462447126    0.00999330694   3.05271896e-05       1.00006433       2.00012997       1.00012932             0.05  0.000625026493  0.000625084323  74
     0.0167798212      0.462447159    0.00999331485   3.06144794e-05       1.00006427       2.00012992       1.00012924             0.05  0.000625026493  0.000625236796  73
     0.0912692421      0.437448791    0.00911451749   2.94671197e-05       1.00007093       2.00012525       1.00013357             0.05  0.000625026493  0.000624754576  72
     0.0662692445      0.437448764    0.00911452111   2.93921233e-05       1.00007099       2.00012531       1.00013365             0.05  0.000625026493  0.00062489404  71
     0.0412692428      0.437448765    0.00911451252     2.939421e-05       1.00007098       2.00012532       1.00013365             0.05  0.000625026493  0.000625071527  70
     0.0162692458      0.437448792    0.00911451933   2.94695552e-05       1.00007093       2.00012528       1.00013357             0.05  0.000625026493  0.000625210633  69
     0.0908114821      0.412450601    0.00828685793   2.82300632e-05       1.00007755       2.00012237       1.00013874             0.05  0.000625026493  0.000624771052  68
     0.0658114841      0.412450579    0.00828686131   2.81656573e-05       1.00007759       2.00012242       1.00013881             0.05  0.000625026493  0.000624897872  67
     0.0408114828       0.41245058    0.00828685421   2.81673035e-05       1.00007759       2.00012243       1.00013881             0.05  0.000625026493  0.000625059266  66
     0.0158114853      0.412450602    0.00828686004   2.82319843e-05       1.00007754       2.00012239       1.00013874             0.05  0.000625026493  0.000625185775  65
     0.0904017932      0.387452585    0.00750903183   2.69099825e-05       1.00008407       2.00012096       1.00014456             0.05  0.000625026493  0.000624786352  64
     0.0654017948      0.387452568    0.00750903492   2.68549737e-05       1.00008411         2.000121       1.00014462             0.05  0.000625026493  0.000624901287  63
     0.0404017939      0.387452568    0.00750902911   2.68562629e-05       1.00008411         2.000121       1.00014462             0.05  0.000625026493  0.000625047554  62
     0.0154017959      0.387452586    0.00750903407   2.69114866e-05       1.00008407       2.00012097       1.00014456             0.05  0.000625026493  0.000625162219  61
      0.090035709      0.362454739    0.00677942291   2.55149951e-05       1.00009047       2.00012074       1.00015085             0.05  0.000625026493  0.000624800541  60
     0.0650357103      0.362454725    0.00677942567   2.54682689e-05        1.0000905       2.00012077       1.00015089             0.05  0.000625026493  0.000624904326  59
     0.0400357097      0.362454725    0.00677942097   2.54692718e-05        1.0000905       2.00012077       1.00015089             0.05  0.000625026493  0.000625036401  58
     0.0150357113      0.362454739    0.00677942516   2.55161645e-05       1.00009047       2.00012075       1.00015085             0.05  0.000625026493  0.000625139949  57
     0.0897090322      0.337457056    0.00609612468   2.40518796e-05        1.0000967       2.00012148       1.00015744             0.05  0.000625026493  0.000624813693  56
     0.0647090334      0.337457045    0.00609612709   2.40124074e-05       1.00009672       2.00012151       1.00015748             0.05  0.000625026493  0.000624907034  55
     0.0397090329      0.337457045    0.00609612332   2.40131827e-05       1.00009672       2.00012151       1.00015748             0.05  0.000625026493  0.000625025816  54
     0.0147090341      0.337457057    0.00609612684   2.40527831e-05       1.00009669       2.00012148       1.00015744             0.05  0.000625026493  0.000625118948  53
      0.089417825      0.312459532    0.00545696471   2.25264985e-05        1.0001027       2.00012296       1.00016419             0.05  0.000625026493  0.000624825889  52
     0.0644178259      0.312459523    0.00545696678   2.24933407e-05       1.00010272       2.00012299       1.00016422             0.05  0.000625026493  0.000624909459  51
     0.0394178255      0.312459523     0.0054569638   2.24939371e-05       1.00010272       2.00012299       1.00016422             0.05  0.000625026493  0.000625015802  50
     0.0144178266      0.312459532    0.00545696671   2.25271928e-05        1.0001027       2.00012297       1.00016419             0.05  0.000625026493  0.000625099187  49
     0.0891583971      0.287462159    0.00485952957   2.09439892e-05       1.00010845         2.000125       1.00017096             0.05  0.000625026493  0.000624837214  48
     0.0641583978      0.287462152     0.0048595313   2.09162957e-05       1.00010847       2.00012502       1.00017098             0.05  0.000625026493  0.000624911648  47
     0.0391583975      0.287462152    0.00485952897   2.09167528e-05       1.00010846       2.00012503       1.00017098             0.05  0.000625026493  0.000625006363  46
     0.0141583983       0.28746216    0.00485953135   2.09445206e-05       1.00010845       2.00012501       1.00017096             0.05  0.000625026493  0.000625080632  45
     0.0889272932       0.26246493    0.00430118961   1.93089537e-05       1.00011389       2.00012743       1.00017761             0.05  0.000625026493  0.000624847758  44
     0.0639272938      0.262464924    0.00430119102   1.92859642e-05       1.00011391       2.00012745       1.00017764             0.05  0.000625026493  0.000624913654  43
     0.0389272936      0.262464924    0.00430118922   1.92863139e-05        1.0001139       2.00012745       1.00017764             0.05  0.000625026493  0.000624997498  42
     0.0139272942       0.26246493    0.00430119115   1.93093595e-05       1.00011389       2.00012743       1.00017761             0.05  0.000625026493  0.000625063244  41
     0.0887212789      0.237467835    0.00377912341   1.76257402e-05       1.00011899       2.00013009       1.00018404             0.05  0.000625026493  0.000624857618  40
     0.0637212793      0.237467831    0.00377912452   1.76067816e-05         1.000119        2.0001301       1.00018406             0.05  0.000625026493  0.000624915527  39
     0.0387212792      0.237467831    0.00377912316   1.76070492e-05         1.000119        2.0001301       1.00018406             0.05  0.000625026493  0.000624989205  38
     0.0137212797      0.237467836    0.00377912468     1.762605e-05       1.00011899       2.00013009       1.00018404             0.05  0.000625026493  0.000625046977  37
     0.0885373249      0.212470866    0.00329034124   1.58985543e-05       1.00012371       2.00013284       1.00019014             0.05  0.000625026493  0.000624866889  36
     0.0635373252      0.212470863    0.00329034209   1.58830375e-05       1.00012372       2.00013285       1.00019015             0.05  0.000625026493  0.000624917321  35
     0.0385373251      0.212470863    0.00329034107   1.58832429e-05       1.00012372       2.00013285       1.00019015             0.05  0.000625026493  0.000624981478  34
     0.0135373255      0.212470866    0.00329034224   1.58987917e-05       1.00012371       2.00013284       1.00019014             0.05  0.000625026493  0.000625031782  33
     0.0883725907      0.187474012    0.00283170749   1.41317026e-05       1.00012801       2.00013558       1.00019581             0.05  0.000625026493  0.000624875675  32
     0.0633725909      0.187474009     0.0028317081   1.41191175e-05       1.00012802       2.00013559       1.00019582             0.05  0.000625026493  0.000624919088  31
     0.0383725909      0.187474009    0.00283170735   1.41192763e-05       1.00012802       2.00013559       1.00019582             0.05  0.000625026493  0.000624974309  30
     0.0133725911      0.187474012    0.00283170822   1.41318856e-05       1.00012801       2.00013558       1.00019581             0.05  0.000625026493  0.000625017603  29
     0.0882244072       0.16247726    0.00239996159   1.23291914e-05       1.00013185       2.00013819       1.00020096             0.05  0.000625026493  0.000624884076  28
     0.0632244073      0.162477258    0.00239996201   1.23191022e-05       1.00013186        2.0001382       1.00020097             0.05  0.000625026493  0.000624920881  27
     0.0382244073      0.162477258    0.00239996147   1.23192264e-05       1.00013186        2.0001382       1.00020097             0.05  0.000625026493  0.000624967688  26
     0.0132244075       0.16247726    0.00239996208   1.23293341e-05       1.00013185       2.00013819       1.00020096             0.05  0.000625026493  0.00062500438  25
     0.0880902582      0.137480601     0.0019917374   1.04957088e-05       1.00013521       2.00014059       1.00020551             0.05  0.000625026493  0.000624892197  24
     0.0630902583      0.137480599    0.00199173764   1.04877469e-05       1.00013522       2.00014059       1.00020552             0.05  0.000625026493  0.000624922752  23
     0.0380902583      0.137480599    0.00199173727   1.04878456e-05       1.00013522       2.00014059       1.00020552             0.05  0.000625026493  0.000624961601  22
     0.0130902584      0.137480601    0.00199173767   1.04958219e-05       1.00013521       2.00014059       1.00020551             0.05  0.000625026493  0.000624992049  21
     0.0879677627       0.11248402    0.00160358517   8.63665012e-06       1.00013806        2.0001427       1.00020941             0.05  0.000625026493  0.00062490014  20
     0.0629677627      0.112484019    0.00160358528   8.63050177e-06       1.00013806        2.0001427       1.00020942             0.05  0.000625026493  0.000624924752  19
     0.0379677627      0.112484019    0.00160358504   8.63058162e-06       1.00013806        2.0001427       1.00020942             0.05  0.000625026493  0.000624956033  18
     0.0129677628       0.11248402    0.00160358527   8.63674122e-06       1.00013806        2.0001427       1.00020941             0.05  0.000625026493  0.00062498054  17
     0.0878546495     0.0874875036    0.00123196188   6.75081906e-06       1.00014036       2.00014445       1.00021259             0.05  0.000625026493  0.000624908012  16
     0.0628546495     0.0874875028    0.00123196188   6.74620152e-06       1.00014036       2.00014446        1.0002126             0.05  0.000625026493  0.000624926933  15
     0.0378546495     0.0874875027    0.00123196175   6.74626716e-06       1.00014036       2.00014446        1.0002126             0.05  0.000625026493  0.000624950967  14
     0.0128546495     0.0874875036    0.00123196185   6.75089404e-06       1.00014036       2.00014445       1.00021259             0.05  0.000625026493  0.000624969786  13
     0.0877487555       0.06249104    0.00087333565   4.85825868e-06       1.00014206       2.00014578       1.00021496             0.05  0.000625026493  0.000624915899  12
     0.0627487555     0.0624910394   0.000873335573   4.85494992e-06       1.00014206       2.00014579       1.00021496             0.05  0.000625026493  0.000624929352  11
     0.0377487555     0.0624910394   0.000873335497   4.85500335e-06       1.00014206       2.00014579       1.00021496             0.05  0.000625026493  0.00062494641  10
     0.0127487555       0.06249104   0.000873335486   4.85831928e-06       1.00014206       2.00014578       1.00021496             0.05  0.000625026493  0.000624959765  9
     0.0876480375     0.0374946115   0.000524376113   2.93931872e-06       1.00014313       2.00014665       1.00021647             0.05  0.000625026493  0.000624923564  8
     0.0626480375     0.0374946111   0.000524375985   2.93713423e-06       1.00014313       2.00014665       1.00021647             0.05  0.000625026493  0.000624931922  7
     0.0376480375     0.0374946111   0.000524375771    2.9371743e-06       1.00014313       2.00014665       1.00021647             0.05  0.000625026493  0.000624942465  6
     0.0126480375     0.0374946115   0.000524375688   2.93936418e-06       1.00014313       2.00014665       1.00021647             0.05  0.000625026493  0.000624950734  5
     0.0875495925     0.0124982008    0.00017709036    9.7442004e-07        1.0001437       2.00014708       1.00021725             0.05  0.000625026493  0.000624930044  4
     0.0625495925     0.0124982006   0.000177090276    9.7298668e-07        1.0001437       2.00014709       1.00021725             0.05  0.000625026493  0.000624934211  3
     0.0375495925     0.0124982006   0.000177089749   9.73008626e-07        1.0001437       2.00014709       1.00021725             0.05  0.000625026493  0.00062493939  2
     0.0125495924     0.0124982008   0.000177089708   9.74446625e-07        1.0001437       2.00014708       1.00021725             0.05  0.000625026493  0.000624943491  1
