title='particle position' 
variables=x, y, Ux, Uy, rho, e, p, h=supportlength/2, m, V, ID 
     0.0231971448       0.98849354     0.0394778718   8.88693689e-05      0.999551029       2.00502997       1.00206489             0.05  0.000625026493  0.000625851977  160
     0.0981971988      0.988493484     0.0394777646   8.92044743e-05      0.999551089       2.00502962       1.00206477             0.05  0.000625026493  0.000624649346  159
     0.0731970931      0.988493266     0.0394777539   8.90100407e-05      0.999551019       2.00503083       1.00206531             0.05  0.000625026493  0.000624939654  158
     0.0481971935      0.988493225     0.0394778267   8.87808584e-05      0.999550971        2.0050325       1.00206609             0.05  0.000625026493  0.000625425432  157
    0.00680542036      0.961639217     0.0384969953  -6.60791186e-05      0.998989513       2.00382098       1.00089807             0.05  0.000625026493  0.000626577193  156
     0.0818055635      0.961639336     0.0384969353  -6.64767382e-05       0.99898957        2.0038211       1.00089819             0.05  0.000625026493  0.000624935148  155
     0.0568054114      0.961639377     0.0384969642  -6.64894115e-05      0.998989554       2.00382241       1.00089883             0.05  0.000625026493  0.000625539361  154
     0.0318055327      0.961639237     0.0384969769  -6.63005603e-05      0.998989488       2.00382373       1.00089942             0.05  0.000625026493  0.000626204251  153
     0.0907344581      0.938094829     0.0376473758   8.24172883e-05      0.999194722       2.00335815       1.00087245             0.05  0.000625026493  0.00062461868  152
     0.0657345662      0.938094603     0.0376474271   8.20774287e-05       0.99919478       2.00335817       1.00087251             0.05  0.000625026493  0.000625162525  151
     0.0407344559      0.938094587     0.0376474676   8.20182528e-05      0.999194775       2.00335917       1.00087301             0.05  0.000625026493  0.000625886618  150
     0.0157345475       0.93809471      0.037647509   8.21814858e-05      0.999194719       2.00336016       1.00087345             0.05  0.000625026493  0.00062643952  149
     0.0746002086        0.9120269     0.0368651679  -3.29495834e-05      0.999063586        2.0028545        1.0004895             0.05  0.000625026493  0.000625034983  148
     0.0496002653      0.912026929     0.0368651641  -3.30340238e-05       0.99906366       2.00285437       1.00048951             0.05  0.000625026493  0.000625736075  147
     0.0246000857      0.912026816     0.0368650795  -3.27419238e-05      0.999063665       2.00285505       1.00048985             0.05  0.000625026493  0.000626378193  146
      0.099600261      0.912026668     0.0368651901  -3.27183188e-05      0.999063594        2.0028558       1.00049016             0.05  0.000625026493  0.000624640254  145
      0.058803884      0.887631315     0.0359738934   4.70621115e-05      0.999238188       2.00277602       1.00062514             0.05  0.000625026493  0.000625325033  144
     0.0338039419       0.88763131     0.0359739176   4.71015196e-05      0.999238304       2.00277583       1.00062516             0.05  0.000625026493  0.000626015543  143
    0.00880376329      0.887631252     0.0359739142   4.74033779e-05      0.999238313       2.00277629        1.0006254             0.05  0.000625026493  0.000626440908  142
     0.0838038916      0.887631184     0.0359738608   4.73472982e-05      0.999238205       2.00277698       1.00062564             0.05  0.000625026493  0.000624716986  141
      0.043097789      0.862332009     0.0351197962   2.41307339e-06      0.999258569        2.0025989       1.00055706             0.05  0.000625026493  0.000625672894  140
     0.0180978263      0.862331928     0.0351197716    2.6409003e-06      0.999258659       2.00259862       1.00055701             0.05  0.000625026493  0.000626264942  139
     0.0930976802      0.862331692     0.0351198042   2.76949522e-06      0.999258624       2.00259895       1.00055714             0.05  0.000625026493  0.000624580099  138
     0.0680978094      0.862331737     0.0351197964   2.48985246e-06      0.999258534        2.0025996       1.00055737             0.05  0.000625026493  0.000624999019  137
     0.0275809753      0.837352946     0.0342328136    1.7288983e-05      0.999323043       2.00250271       1.00057355             0.05  0.000625026493  0.000625991007  136
    0.00258100613       0.83735278     0.0342328182   1.75271147e-05      0.999323089       2.00250235       1.00057342             0.05  0.000625026493  0.000626356076  135
     0.0775808657      0.837352589     0.0342328335   1.73622783e-05      0.999323021       2.00250271       1.00057353             0.05  0.000625026493  0.00062474294  134
     0.0525809844       0.83735272      0.034232843   1.71530046e-05      0.999322973       2.00250326       1.00057375             0.05  0.000625026493  0.000625337947  133
      0.012290307      0.812447618      0.033331459   2.13787142e-05       0.99940207       2.00244573       1.00062421             0.05  0.000625026493  0.000626215409  132
     0.0872903276      0.812447382     0.0333314671   2.14060433e-05      0.999402075       2.00244547       1.00062408             0.05  0.000625026493  0.000624586892  131
     0.0622902015      0.812447279     0.0333314814     2.118193e-05      0.999402018       2.00244578       1.00062418             0.05  0.000625026493  0.000625075996  130
     0.0372903068       0.81244747     0.0333314819   2.11476542e-05      0.999402016       2.00244622        1.0006244             0.05  0.000625026493  0.000625722731  129
     0.0971070249      0.787263766     0.0324241254   1.63525125e-06      0.999428578       2.00235603       1.00060592             0.05  0.000625026493  0.000624528082  128
     0.0721070363      0.787263621     0.0324241175   1.42120928e-06      0.999428556       2.00235589       1.00060583             0.05  0.000625026493  0.000624875661  127
     0.0471069087      0.787263626     0.0324241342   1.32313089e-06      0.999428527       2.00235611       1.00060591             0.05  0.000625026493  0.000625493417  126
      0.022107008      0.787263758     0.0324241111   1.48096258e-06      0.999428552       2.00235645        1.0006061             0.05  0.000625026493  0.000626058414  125
     0.0821719629      0.762428232     0.0314959543   2.22601556e-05      0.999524292       2.00234888       1.00069817             0.05  0.000625026493  0.000624634006  124
     0.0571719791      0.762428181     0.0314959796   2.20437533e-05      0.999524286       2.00234873       1.00069809             0.05  0.000625026493  0.000625167386  123
     0.0321718589      0.762428194     0.0314959839   2.21425462e-05      0.999524298       2.00234888       1.00069818             0.05  0.000625026493  0.000625773319  122
    0.00717195246      0.762428242     0.0314959764   2.23696616e-05      0.999524303       2.00234909       1.00069829             0.05  0.000625026493  0.000626146897  121
     0.0673540263      0.737275131     0.0305601226  -4.81286918e-06       0.99955572       2.00228989       1.00070016             0.05  0.000625026493  0.000624875198  120
     0.0423540329      0.737275177     0.0305601395  -4.86375838e-06      0.999555745       2.00228974       1.00070011             0.05  0.000625026493  0.000625463191  119
     0.0173539211      0.737275109     0.0305601275  -4.61594553e-06       0.99955576       2.00228979       1.00070014             0.05  0.000625026493  0.000625979769  118
      0.092354009      0.737275034      0.030560141    -4.548907e-06      0.999555735       2.00228999       1.00070022             0.05  0.000625026493  0.000624510066  117
     0.0527439553      0.712365968     0.0296113644   1.11672416e-05      0.999640095        2.0022926       1.00078598             0.05  0.000625026493  0.000625153534  116
     0.0277439648      0.712366006     0.0296113666   1.13050236e-05       0.99964014       2.00229241       1.00078593             0.05  0.000625026493  0.000625718264  115
    0.00274386154      0.712365844     0.0296113758   1.15445378e-05      0.999640135       2.00229236        1.0007859             0.05  0.000625026493  0.000626034554  114
     0.0777439349      0.712365785     0.0296113696   1.13577444e-05      0.999640093       2.00229267       1.00078602             0.05  0.000625026493  0.000624639356  113
     0.0382848276      0.687306909     0.0286515082  -8.02945347e-06      0.999692255       2.00227142       1.00082762             0.05  0.000625026493  0.000625495442  112
     0.0132848422      0.687306862     0.0286515101  -7.79091493e-06       0.99969229       2.00227118       1.00082753             0.05  0.000625026493  0.000625916588  111
     0.0882847394      0.687306615     0.0286515236  -7.77819408e-06      0.999692267       2.00227121       1.00082752             0.05  0.000625026493  0.000624522022  110
     0.0632848077      0.687306671     0.0286515194  -8.01978367e-06      0.999692232        2.0022715       1.00082763             0.05  0.000625026493  0.000624940064  109
     0.0239929526      0.662320311     0.0276836506  -4.67967539e-06      0.999760158       2.00227275       1.00089626             0.05  0.000625026493  0.000625750927  108
     0.0989929699      0.662320173     0.0276836715    -4.484613e-06      0.999760178       2.00227247       1.00089614             0.05  0.000625026493  0.000624446773  107
     0.0739928695      0.662319983     0.0276836627  -4.66273774e-06      0.999760156       2.00227263        1.0008962             0.05  0.000625026493  0.000624742051  106
      0.048992927      0.662320116     0.0276836624  -4.81303449e-06      0.999760134       2.00227286       1.00089629             0.05  0.000625026493  0.000625268891  105
    0.00986666224      0.637323206     0.0267068422  -1.35738445e-05       0.99982813       2.00228009       1.00096798             0.05  0.000625026493  0.000625832423  104
     0.0848666781      0.637323033     0.0267068429  -1.36841916e-05      0.999828147       2.00227998       1.00096794             0.05  0.000625026493  0.000624548024  103
     0.0598665825      0.637322957     0.0267068503   -1.3845486e-05      0.999828132       2.00228009       1.00096798             0.05  0.000625026493  0.00062500073  102
     0.0348666305       0.63732311     0.0267068468  -1.37857466e-05      0.999828116       2.00228024       1.00096804             0.05  0.000625026493  0.000625515417  101
     0.0958875014      0.612305916     0.0257237502  -2.09511005e-05      0.999887156       2.00228407       1.00102906             0.05  0.000625026493  0.000624425254  100
     0.0708875212       0.61230584     0.0257237506  -2.11695293e-05      0.999887174       2.00228408       1.00102908             0.05  0.000625026493  0.000624730715  99
     0.0458874244      0.612305839     0.0257237631  -2.12229594e-05      0.999887163       2.00228411       1.00102909             0.05  0.000625026493  0.000625227027  98
     0.0208874675      0.612305921     0.0257237536  -2.10519044e-05      0.999887146       2.00228418       1.00102911             0.05  0.000625026493  0.000625662341  97
     0.0820666973      0.587325023     0.0247359543  -2.46792832e-05      0.999955145       2.00230183       1.00110601             0.05  0.000625026493  0.000624515916  96
     0.0570667189      0.587325064     0.0247359649  -2.48493569e-05      0.999955162       2.00230179         1.001106             0.05  0.000625026493  0.000624935022  95
     0.0320666219      0.587325063     0.0247359651  -2.47393102e-05      0.999955156       2.00230174       1.00110598             0.05  0.000625026493  0.000625412642  94
    0.00706666157      0.587325034     0.0247359651   -2.4536052e-05      0.999955138       2.00230175       1.00110596             0.05  0.000625026493  0.000625703862  93
     0.0683855031      0.562312753     0.0237428148  -3.46893772e-05       1.00000728       2.00230824        1.0011614             0.05  0.000625026493  0.000624683513  92
     0.0433855224       0.56231287     0.0237428228  -3.47533086e-05        1.0000073       2.00230813       1.00116137             0.05  0.000625026493  0.000625141689  91
     0.0183854281      0.562312788     0.0237428204  -3.45572074e-05        1.0000073       2.00230801       1.00116131             0.05  0.000625026493  0.000625543659  90
     0.0933854617      0.562312659     0.0237428254  -3.44621337e-05       1.00000728       2.00230808       1.00116132             0.05  0.000625026493  0.000624401495  89
     0.0548468881      0.537325735     0.0227458778  -3.68660082e-05       1.00006051       2.00231957       1.00122037             0.05  0.000625026493  0.000624878512  88
     0.0298469072      0.537325843     0.0227458757  -3.67827051e-05       1.00006054       2.00231939        1.0012203             0.05  0.000625026493  0.000625317728  87
    0.00484681526       0.53732565     0.0227458759  -3.65654621e-05       1.00006054       2.00231922       1.00122022             0.05  0.000625026493  0.000625585795  86
     0.0798468449      0.537325533     0.0227458782  -3.66911562e-05       1.00006051       2.00231946       1.00122031             0.05  0.000625026493  0.000624493054  85
     0.0414417151      0.512327166     0.0217425722  -4.34195628e-05        1.0001023       2.00232299       1.00126391             0.05  0.000625026493  0.000625071919  84
     0.0164417376      0.512327194      0.021742566  -4.32608672e-05       1.00010232       2.00232275       1.00126382             0.05  0.000625026493  0.000625440116  83
     0.0914416439      0.512326913     0.0217425724  -4.31447202e-05       1.00010232       2.00232268       1.00126377             0.05  0.000625026493  0.000624394072  82
      0.066441674        0.5123269     0.0217425742  -4.33433307e-05       1.00010229       2.00232295       1.00126388             0.05  0.000625026493  0.000624652303  81
     0.0281646383      0.487333225      0.020733191   -4.5723123e-05       1.00013905       2.00232455       1.00130148             0.05  0.000625026493  0.000625239249  80
    0.00316466314      0.487333144      0.020733186  -4.55440958e-05       1.00013907       2.00232425       1.00130135             0.05  0.000625026493  0.000625483823  79
     0.0781645693      0.487332895     0.0207331929  -4.56369528e-05       1.00013906       2.00232436        1.0013014             0.05  0.000625026493  0.000624487511  78
     0.0531645971      0.487332982     0.0207332015  -4.57844887e-05       1.00013904       2.00232458       1.00130149             0.05  0.000625026493  0.000624838878  77
     0.0150120104      0.462341665     0.0197167993  -4.90005951e-05       1.00016989       2.00232308       1.00133163             0.05  0.000625026493  0.000625353165  76
     0.0900120327      0.462341511     0.0197168027  -4.89138595e-05       1.00016991       2.00232291       1.00133156             0.05  0.000625026493  0.000624404571  75
     0.0650119432      0.462341371     0.0197168074  -4.90730603e-05       1.00016991       2.00232305       1.00133163             0.05  0.000625026493  0.000624638635  74
     0.0400119655      0.462341508     0.0197168126  -4.91302772e-05       1.00016989       2.00232319       1.00133169             0.05  0.000625026493  0.000625019181  73
     0.0019759542      0.437348325     0.0186933024  -5.00570668e-05       1.00019411       2.00231768       1.00135317             0.05  0.000625026493  0.000625395781  72
     0.0769759738      0.437348221     0.0186933083  -5.01620675e-05       1.00019413        2.0023177        1.0013532             0.05  0.000625026493  0.000624497294  71
     0.0519758867      0.437348178     0.0186933165  -5.02749966e-05       1.00019413       2.00231779       1.00135325             0.05  0.000625026493  0.000624814049  70
     0.0269759044       0.43734828     0.0186933144  -5.02061128e-05       1.00019411       2.00231785       1.00135326             0.05  0.000625026493  0.000625175046  69
     0.0890525748      0.412354856     0.0176625539  -5.25542626e-05        1.0002158        2.0023124       1.00137225             0.05  0.000625026493  0.000624429442  68
     0.0640525952      0.412354871     0.0176625565  -5.27186226e-05       1.00021583       2.00231242       1.00137229             0.05  0.000625026493  0.000624638982  67
     0.0390525081      0.412354872     0.0176625612  -5.27496056e-05       1.00021584       2.00231244       1.00137231             0.05  0.000625026493  0.000624979868  66
      0.014052524      0.412354878     0.0176625569  -5.26185553e-05       1.00021581       2.00231242       1.00137227             0.05  0.000625026493  0.000625279135  65
     0.0762360965      0.387368382     0.0166250693  -5.10105106e-05       1.00022923       2.00230122       1.00138011             0.05  0.000625026493  0.00062452022  64
     0.0512361153      0.387368494     0.0166250734  -5.11320635e-05       1.00022927        2.0023012       1.00138013             0.05  0.000625026493  0.00062480187  63
     0.0262360287      0.387368451     0.0166250732   -5.1051552e-05       1.00022927       2.00230114        1.0013801             0.05  0.000625026493  0.000625122912  62
    0.00123604475      0.387368343     0.0166250694  -5.09039731e-05       1.00022923       2.00230106       1.00138002             0.05  0.000625026493  0.000625319428  61
     0.0635182947      0.362369602     0.0155802257  -5.28620777e-05       1.00024514       2.00229461       1.00139273             0.05  0.000625026493  0.000624650164  60
     0.0385183084      0.362369757     0.0155802277  -5.29081139e-05       1.00024517       2.00229451       1.00139271             0.05  0.000625026493  0.000624950846  59
     0.0135182241      0.362369612     0.0155802268  -5.27733324e-05       1.00024517       2.00229438       1.00139264             0.05  0.000625026493  0.000625214871  58
     0.0885182383      0.362369439     0.0155802291  -5.27021958e-05       1.00024514       2.00229446       1.00139265             0.05  0.000625026493  0.000624465443  57
     0.0508987199      0.337387143     0.0145296447  -5.09489623e-05       1.00024953       2.00227858       1.00138911             0.05  0.000625026493  0.000624799159  56
     0.0258987284      0.337387248     0.0145296461  -5.08949057e-05       1.00024955        2.0022784       1.00138904             0.05  0.000625026493  0.000625079724  55
   0.000898648668      0.337386984     0.0145296447  -5.07475965e-05       1.00024955       2.00227824       1.00138895             0.05  0.000625026493  0.000625251621  54
     0.0758986604      0.337386881     0.0145296474  -5.08297161e-05       1.00024952        2.0022785       1.00138906             0.05  0.000625026493  0.000624553041  53
     0.0383633723      0.312393015     0.0134725537  -4.72782052e-05       1.00025956       2.00226997       1.00139484             0.05  0.000625026493  0.00062493108  52
      0.013363377      0.312393016     0.0134725557  -4.71783411e-05       1.00025958       2.00226973       1.00139474             0.05  0.000625026493  0.00062515942  51
     0.0883633013      0.312392687     0.0134725566   -4.7096598e-05       1.00025958       2.00226974       1.00139475             0.05  0.000625026493  0.000624511447  50
     0.0633633156      0.312392711     0.0134725553  -4.72244273e-05       1.00025956       2.00226997       1.00139484             0.05  0.000625026493  0.000624671056  49
     0.0259139185      0.287394293     0.0124096238  -5.17934694e-05        1.0002626        2.0022562       1.00139099             0.05  0.000625026493  0.000625040776  48
   0.000913922193      0.287394158     0.0124096237  -5.16828563e-05       1.00026262       2.00225593       1.00139088             0.05  0.000625026493  0.000625187708  47
     0.0759138482      0.287393903     0.0124096227  -5.17441486e-05       1.00026263       2.00225615         1.001391             0.05  0.000625026493  0.000624590957  46
     0.0509138658      0.287394042     0.0124096217  -5.18306193e-05        1.0002626       2.00225629       1.00139104             0.05  0.000625026493  0.000624801133  45
     0.0135424624      0.262432552     0.0113435986  -3.61400826e-05       1.00025893       2.00223756         1.001378             0.05  0.000625026493  0.000625112913  44
      0.088542467      0.262432352     0.0113435972  -3.60802969e-05       1.00025896       2.00223748       1.00137799             0.05  0.000625026493  0.000624567459  43
     0.0635423973      0.262432212     0.0113435923  -3.61769632e-05       1.00025897       2.00223767        1.0013781             0.05  0.000625026493  0.000624701652  42
     0.0385424138      0.262432396     0.0113435951  -3.62124876e-05       1.00025894        2.0022377       1.00137808             0.05  0.000625026493  0.000624920592  41
    0.00122859191      0.237386504     0.0102687858     -5.10509e-05       1.00027377       2.00223866        1.0013934             0.05  0.000625026493  0.000625124459  40
     0.0762285987      0.237386372      0.010268782  -5.11238275e-05        1.0002738       2.00223878        1.0013935             0.05  0.000625026493  0.00062463061  39
     0.0512285341      0.237386372     0.0102687786  -5.11778293e-05        1.0002738        2.0022389       1.00139356             0.05  0.000625026493  0.00062480446  38
     0.0262285493      0.237386509     0.0102687865  -5.11313976e-05       1.00027377       2.00223883       1.00139349             0.05  0.000625026493  0.000625002763  37
     0.0890071323      0.212478453    0.00919712863  -2.61696436e-05       1.00024914       2.00220282       1.00135083             0.05  0.000625026493  0.000624629721  36
     0.0640071417      0.212478409    0.00919712141  -2.62629177e-05       1.00024917       2.00220293       1.00135091             0.05  0.000625026493  0.000624738257  35
     0.0390070776      0.212478456    0.00919712311  -2.62782369e-05       1.00024916       2.00220295       1.00135091             0.05  0.000625026493  0.000624915717  34
     0.0140070943      0.212478517    0.00919713198  -2.62094969e-05       1.00024913       2.00220281       1.00135081             0.05  0.000625026493  0.000625071721  33
     0.0767947119      0.187391048     0.0081128488  -4.03348708e-05       1.00027816       2.00222094       1.00138894             0.05  0.000625026493  0.000624674895  32
     0.0517947287      0.187391152    0.00811284483  -4.03938326e-05       1.00027819         2.002221       1.00138899             0.05  0.000625026493  0.000624812143  31
     0.0267946623       0.18739117    0.00811285006   -4.0341616e-05       1.00027817       2.00222091       1.00138893             0.05  0.000625026493  0.000624968769  30
    0.00179467491      0.187391065    0.00811285381  -4.02664432e-05       1.00027815       2.00222073       1.00138882             0.05  0.000625026493  0.000625065049  29
     0.0646937704      0.162482538    0.00703499374  -2.74617466e-05       1.00024836       2.00218297       1.00134012             0.05  0.000625026493  0.000624769555  28
     0.0396937865      0.162482697    0.00703499466  -2.74789055e-05       1.00024838       2.00218296       1.00134013             0.05  0.000625026493  0.000624905229  27
     0.0146937277      0.162482645    0.00703500097  -2.74113511e-05       1.00024837       2.00218277       1.00134002             0.05  0.000625026493  0.000625024609  26
     0.0896937327      0.162482465    0.00703500092  -2.73815462e-05       1.00024835       2.00218277       1.00134001             0.05  0.000625026493  0.000624686779  25
     0.0525834477       0.13747449     0.0059494618   -1.2396829e-05       1.00026165       2.00218861       1.00135624             0.05  0.000625026493  0.000624832839  24
     0.0275834534      0.137474629    0.00594946266  -1.23746825e-05       1.00026166       2.00218852        1.0013562             0.05  0.000625026493  0.000624947655  23
    0.00258339465      0.137474461    0.00594946457   -1.2307795e-05       1.00026165       2.00218826       1.00135606             0.05  0.000625026493  0.000625018496  22
     0.0775833975      0.137474318    0.00594946548  -1.23373124e-05       1.00026163       2.00218846       1.00135615             0.05  0.000625026493  0.00062473233  21
     0.0405148997      0.112370648    0.00485813787  -4.31188106e-05       1.00027064       2.00219226       1.00136707             0.05  0.000625026493  0.000624880537  20
     0.0155149048      0.112370712     0.0048581412  -4.30749818e-05       1.00027064       2.00219207       1.00136698             0.05  0.000625026493  0.000624963008  19
     0.0905148497      0.112370386    0.00485814145  -4.30583983e-05       1.00027064       2.00219196       1.00136692             0.05  0.000625026493  0.000624729829  18
     0.0655148399      0.112370356     0.0048581394  -4.31073887e-05       1.00027064       2.00219219       1.00136703             0.05  0.000625026493  0.000624786859  17
     0.0285758115     0.0876966029    0.00378162259   2.91812386e-05       1.00021041        2.0021308       1.00127603             0.05  0.000625026493  0.000624948236  16
    0.00357581858     0.0876966157    0.00378162186   2.92125104e-05       1.00021042       2.00213052        1.0012759             0.05  0.000625026493  0.000624993681  15
      0.078575759     0.0876963707    0.00378162225   2.92144283e-05       1.00021042       2.00213062       1.00127596             0.05  0.000625026493  0.00062481139  14
     0.0535757688     0.0876963807    0.00378162364   2.91796366e-05       1.00021042        2.0021308       1.00127604             0.05  0.000625026493  0.000624875166  13
     0.0164163486     0.0621186514    0.00268315289  -6.66304274e-05       1.00020077       2.00209456       1.00124826             0.05  0.000625026493  0.000624959166  12
     0.0914163516     0.0621184129    0.00268315178  -6.66422824e-05       1.00020078       2.00209439       1.00124819             0.05  0.000625026493  0.000624830674  11
     0.0664162934     0.0621182521    0.00268315282  -6.66616473e-05       1.00020079       2.00209455       1.00124828             0.05  0.000625026493  0.000624862046  10
     0.0414162917     0.0621184484    0.00268315214  -6.66496539e-05       1.00020079       2.00209466       1.00124832             0.05  0.000625026493  0.000624913687  9
    0.00454830404     0.0380148146    0.00160776309    7.4919634e-05      0.999938647       2.00183146       1.00085432             0.05  0.000625026493  0.000625109089  8
     0.0795482945     0.0380147325    0.00160776229   7.49239747e-05      0.999938682       2.00183159       1.00085442             0.05  0.000625026493  0.000625027854  7
     0.0545482414     0.0380146202    0.00160775786   7.49136658e-05      0.999938701       2.00183177       1.00085453             0.05  0.000625026493  0.000625056213  6
     0.0295482351     0.0380146924    0.00160775797   7.49128806e-05      0.999938667       2.00183167       1.00085445             0.05  0.000625026493  0.000625088697  5
     0.0930954089     0.0118540997   0.000497805478  -8.35337766e-05       1.00034372       2.00187555       1.00128182             0.05  0.000625026493  0.000624790859  4
     0.0680953976     0.0118540245    0.00049780121  -8.35423364e-05       1.00034378       2.00187612       1.00128216             0.05  0.000625026493  0.000624799959  3
     0.0430953397     0.0118540924   0.000497798231   -8.3522182e-05       1.00034376       2.00187623        1.0012822             0.05  0.000625026493  0.000624815267  2
     0.0180953385      0.011854185   0.000497803283  -8.35115882e-05       1.00034371       2.00187572       1.00128189             0.05  0.000625026493  0.000624828924  1
