title='particle position' 
variables=x, y, Ux, Uy, rho, e, p, h=supportlength/2, m, V, ID 
     0.0229186739     0.0111577443   0.000408433477  -7.30975396e-05       1.00040059       2.00380627       1.00230449             0.05  0.000625026514  0.000624790654  160
     0.0479185836     0.0111576637   0.000408430799  -7.30877821e-05       1.00040064       2.00380631       1.00230456             0.05  0.000625026648  0.000624780388  159
     0.0729186649     0.0111573643   0.000408434309  -7.31246314e-05       1.00040069       2.00380625       1.00230457             0.05  0.000625026679  0.000624768472  158
     0.0979186295     0.0111574316   0.000408424613  -7.31381146e-05       1.00040064       2.00380619        1.0023045             0.05  0.000625026543  0.000624760223  157
     0.0438040066     0.0386791416    0.00124115188   8.09084817e-05       1.00016195       2.00361877       1.00197163             0.05  0.000625026635  0.000624935651  156
      0.068804089     0.0386792888    0.00124115545   8.09376902e-05       1.00016198       2.00361879       1.00197167             0.05  0.000625026693  0.000624908855  155
     0.0938040888     0.0386794056    0.00124115408   8.09463836e-05         1.000162       2.00361868       1.00197163             0.05  0.00062502658  0.000624889884  154
     0.0188041049      0.038679237    0.00124115315   8.09109593e-05       1.00016195       2.00361868       1.00197159             0.05  0.000625026524  0.000624958  153
     0.0648679845     0.0615000832    0.00224706541   -9.2940377e-05       1.00043406        2.0038389       1.00235434             0.05  0.000625027265  0.000624730652  152
     0.0898679648     0.0614999681     0.0022470627  -9.29114439e-05       1.00043406       2.00383885       1.00235432             0.05  0.000625027248  0.000624700278  151
     0.0148679582      0.061500276    0.00224706204  -9.28979448e-05       1.00043405       2.00383879       1.00235427             0.05  0.000625027149  0.000624806954  150
     0.0398679687     0.0615003901    0.00224706575  -9.29263662e-05       1.00043404        2.0038388       1.00235427             0.05  0.000625027177  0.00062477265  149
     0.0851257439     0.0881691261    0.00306279191    6.6679694e-05       1.00030285       2.00368639        1.0021466             0.05  0.000625027574  0.000624758557  148
     0.0101257508      0.088169247    0.00306280105    6.6640596e-05       1.00030285       2.00368634       1.00214658             0.05  0.000625027484  0.000624912932  147
     0.0351257357     0.0881690795    0.00306278821    6.6615629e-05       1.00030285        2.0036862       1.00214651             0.05  0.000625027405  0.000624864512  146
     0.0601257527     0.0881690132    0.00306278999   6.66392189e-05       1.00030284       2.00368629       1.00214654             0.05  0.000625027502  0.000624803819  145
    0.00623267107      0.112031486    0.00404336575  -8.58201883e-05       1.00049172       2.00387178       1.00242856             0.05  0.000625025113  0.000624818657  144
     0.0312326372      0.112031514    0.00404335967   -8.5820521e-05       1.00049169        2.0038717       1.00242849             0.05  0.000625025082  0.000624762213  143
     0.0562327401       0.11203143    0.00404335053  -8.58650027e-05        1.0004917        2.0038718       1.00242855             0.05  0.000625025162  0.000624685047  142
     0.0812326558      0.112031395    0.00404335855  -8.58691927e-05       1.00049173       2.00387184        1.0024286             0.05  0.00062502519  0.000624623293  141
      0.026826727       0.13764877     0.0049256464   1.81306369e-05       1.00039965       2.00377333       1.00228706             0.05  0.000625023006  0.000624854633  140
     0.0518267042      0.137648708    0.00492564235   1.81028958e-05       1.00039963        2.0037734       1.00228708             0.05  0.000625023097  0.000624762682  139
     0.0768267104      0.137648738    0.00492564705    1.8146079e-05       1.00039968       2.00377321       1.00228704             0.05  0.000625022953  0.000624677275  138
    0.00182669392      0.137648863    0.00492565461   1.81713902e-05       1.00039969       2.00377306       1.00228698             0.05  0.000625022843  0.000624903816  137
     0.0477499837      0.162431873    0.00586740836  -5.16253778e-05       1.00045414       2.00383801       1.00237402             0.05  0.000625025462  0.000624764722  136
     0.0727499354      0.162431764    0.00586737363  -5.16167847e-05       1.00045416       2.00383747       1.00237377             0.05  0.000625025108  0.000624654148  135
     0.0977500291      0.162431792    0.00586738062  -5.16106345e-05        1.0004542       2.00383721       1.00237368             0.05  0.000625024923  0.000624588852  134
     0.0227499637      0.162431972     0.0058673674  -5.15860276e-05       1.00045415        2.0038378       1.00237392             0.05  0.000625025275  0.000624864171  133
     0.0686240109      0.187339532    0.00680118494  -3.63056785e-05       1.00045547       2.00384091        1.0023768             0.05  0.000625027624  0.000624664085  132
     0.0936240161      0.187339601    0.00680116355  -3.62622861e-05       1.00045551       2.00384055       1.00237666             0.05  0.000625027369  0.000624569156  131
     0.0186240723      0.187339624    0.00680115931  -3.62772531e-05       1.00045549       2.00384109        1.0023769             0.05  0.000625027628  0.000624902054  130
     0.0436239664      0.187339469    0.00680116514  -3.63393986e-05       1.00045541       2.00384137       1.00237697             0.05  0.000625027918  0.000624795278  129
      0.089483764      0.212579428    0.00772641239   -2.6299348e-05       1.00041647       2.00381096       1.00232275             0.05  0.000625027551  0.000624573239  128
     0.0144837547      0.212580197    0.00772643056  -2.63714238e-05       1.00041645       2.00381096       1.00232272             0.05  0.000625027455  0.000624954969  127
     0.0394837881      0.212580021    0.00772642952  -2.64098437e-05        1.0004164       2.00381093       1.00232266             0.05  0.00062502749  0.000624837142  126
      0.064483745      0.212580032    0.00772641444  -2.64116545e-05       1.00041643       2.00381101       1.00232273             0.05  0.00062502759  0.000624687087  125
      0.010531704      0.237260797    0.00868223771  -6.77573452e-05       1.00046611       2.00386556       1.00239979             0.05  0.000625026371  0.000624948911  124
     0.0355316667      0.237260602    0.00868221953  -6.78597014e-05       1.00046609       2.00386523       1.00239961             0.05  0.00062502612  0.000624817584  123
     0.0605317483      0.237260576    0.00868220846  -6.78576875e-05       1.00046604       2.00386546       1.00239967             0.05  0.000625026381  0.00062464949  122
     0.0855317326      0.237260651    0.00868222672  -6.77844436e-05        1.0004661       2.00386581       1.00239991             0.05  0.000625026617  0.00062452128  121
     0.0314739999      0.262544398     0.0096157384  -2.57386105e-05       1.00041423       2.00382517       1.00232761             0.05  0.000625026415  0.00062487699  120
     0.0564739544      0.262544292    0.00961573733  -2.57548478e-05       1.00041423       2.00382531       1.00232768             0.05  0.000625026577  0.000624691579  119
     0.0814739651      0.262544018    0.00961572157  -2.57483006e-05       1.00041424       2.00382535       1.00232771             0.05  0.000625026677  0.000624541595  118
    0.00647394891      0.262544169    0.00961572492  -2.57372699e-05       1.00041431       2.00382522       1.00232771             0.05  0.000625026516  0.000625011342  117
     0.0526267748      0.287302443     0.0105793341  -7.35156229e-05       1.00045444       2.00388443       1.00239754             0.05  0.000625027686  0.000624712206  116
     0.0776268068      0.287302559     0.0105793447  -7.34365811e-05        1.0004545       2.00388424        1.0023975             0.05  0.000625027629  0.000624531433  115
    0.00262682544      0.287302703     0.0105793364  -7.33490781e-05       1.00045451       2.00388397       1.00239738             0.05  0.000625027468  0.000625018151  114
     0.0276268286      0.287302723     0.0105793212  -7.34264922e-05        1.0004545       2.00388431       1.00239754             0.05  0.000625027506  0.000624909277  113
     0.0737381252      0.312449577     0.0115328671  -4.03948769e-05       1.00042643       2.00387314       1.00236382             0.05  0.000625028733  0.000624587543  112
     0.0987380918       0.31244906     0.0115328477  -4.02552006e-05       1.00042644       2.00387315       1.00236384             0.05  0.000625028802  0.000624461495  111
     0.0237381586      0.312449786     0.0115328531  -4.03860803e-05       1.00042641       2.00387319       1.00236383             0.05  0.000625028655  0.000625000031  110
     0.0487381164      0.312449564     0.0115328702  -4.04304446e-05       1.00042641       2.00387306       1.00236377             0.05  0.000625028584  0.000624804172  109
     0.0949946287      0.337355739     0.0125037211  -6.69136931e-05        1.0004344       2.00389483       1.00238266             0.05  0.00062502776  0.000624438219  108
     0.0199946095      0.337355912     0.0125037435  -6.69261321e-05       1.00043439       2.00389473       1.00238261             0.05  0.000625027545  0.000625051122  107
     0.0449945697       0.33735563     0.0125037295  -6.70531601e-05       1.00043442       2.00389412       1.00238233             0.05  0.000625027076  0.00062485485  106
     0.0699946807      0.337355584     0.0125037195  -6.70089626e-05       1.00043439       2.00389431       1.00238239             0.05  0.00062502732  0.000624613548  105
     0.0163018849      0.362375846     0.0134781232  -5.50127385e-05       1.00042734       2.00390073       1.00237854             0.05  0.000625024718  0.000625088631  104
     0.0413019432      0.362375834     0.0134781427  -5.51102601e-05        1.0004273       2.00390025       1.00237826             0.05  0.000625024308  0.000624884175  103
     0.0663019224      0.362375654     0.0134781098  -5.51031109e-05       1.00042733       2.00390018       1.00237825             0.05  0.000625024337  0.000624622621  102
     0.0913019706      0.362375622      0.013478124  -5.50249854e-05       1.00042733       2.00390061       1.00237847             0.05  0.000625024749  0.000624422355  101
     0.0377047275      0.387373394     0.0144615932  -5.98728787e-05       1.00040906       2.00390142       1.00236057             0.05  0.000625023219  0.000624906315  100
     0.0627047596      0.387373187        0.0144616  -5.98751989e-05       1.00040907       2.00390125        1.0023605             0.05  0.000625023187  0.000624625745  99
      0.087704743      0.387373289     0.0144616023  -5.97476113e-05       1.00040909       2.00390126       1.00236052             0.05  0.000625023315  0.000624409985  98
     0.0127047663      0.387373519     0.0144616092   -5.9733722e-05       1.00040907       2.00390135       1.00236054             0.05  0.000625023339  0.000625125401  97
     0.0592135903      0.412338563     0.0154550854  -6.22835878e-05       1.00040372       2.00392027       1.00236465             0.05  0.000625024062  0.000624623396  96
     0.0842136004      0.412338615     0.0154550936  -6.21683459e-05       1.00040376       2.00392011       1.00236461             0.05  0.00062502406  0.000624392298  95
     0.0092135922       0.41233887     0.0154550976  -6.21356914e-05       1.00040374       2.00392007       1.00236457             0.05  0.000625024039  0.000625156468  94
     0.0342135954      0.412338816     0.0154550862  -6.22623646e-05       1.00040369       2.00392031       1.00236464             0.05  0.000625024047  0.000624923548  93
     0.0808111918      0.437363711     0.0164568766  -5.39210893e-05       1.00037229       2.00391777        1.0023319             0.05  0.000625028835  0.000624407791  92
    0.00581107455      0.437363969     0.0164568765  -5.38652066e-05       1.00037226       2.00391766       1.00233182             0.05  0.000625028814  0.000625211015  91
     0.0308111834      0.437363986     0.0164568796  -5.39891852e-05        1.0003722       2.00391786       1.00233186             0.05  0.000625028803  0.000624981741  90
     0.0558110678      0.437363747     0.0164568675  -5.40450692e-05       1.00037221       2.00391788       1.00233188             0.05  0.000625028826  0.000624664846  89
    0.00253657005      0.462319983     0.0174701884  -6.16450949e-05       1.00035118       2.00392666        1.0023152             0.05  0.000625030392  0.000625260338  88
      0.027536593      0.462320101     0.0174701743  -6.17604926e-05       1.00035109       2.00392676       1.00231516             0.05  0.000625030331  0.000625080829  87
     0.0525365652      0.462319827     0.0174701756   -6.1876397e-05        1.0003511       2.00392687       1.00231523             0.05  0.000625030362  0.000624756209  86
     0.0775365728      0.462319751     0.0174701653  -6.17795239e-05       1.00035118       2.00392683       1.00231528             0.05  0.000625030424  0.000624458912  85
      0.024364969      0.487352591     0.0184946566   -4.6688611e-05       1.00031475       2.00392154       1.00227614             0.05  0.00062502465  0.000625211085  84
       0.04936495      0.487352397     0.0184946757   -4.6796685e-05       1.00031474       2.00392167       1.00227619             0.05  0.000625024643  0.000624898299  83
     0.0743649643      0.487352214     0.0184946507  -4.67114229e-05        1.0003148       2.00392171       1.00227628             0.05  0.000625024783  0.000624552835  82
     0.0993649591      0.487352475     0.0184946714  -4.65652973e-05       1.00031481       2.00392154       1.00227619             0.05  0.000625024795  0.000624353037  81
     0.0463380393      0.512300682     0.0195319984  -5.49620613e-05       1.00026731       2.00390865       1.00222215             0.05  0.000625026962  0.000625016364  80
     0.0713379804      0.512300484     0.0195319974  -5.49113872e-05       1.00026734       2.00390867       1.00222219             0.05  0.00062502711  0.000624639733  79
     0.0963380389      0.512300616     0.0195319808  -5.47507687e-05       1.00026737       2.00390859       1.00222219             0.05  0.000625027191  0.000624365133  78
      0.021338025      0.512300875     0.0195319905  -5.47922849e-05       1.00026733       2.00390856       1.00222214             0.05  0.00062502705  0.000625322544  77
     0.0684255495      0.537348893     0.0205824433  -3.69760843e-05       1.00022754       2.00391368       1.00218482             0.05  0.000625023939  0.000624679532  76
     0.0934254577      0.537349034     0.0205824326  -3.67781849e-05       1.00022758       2.00391361       1.00218483             0.05  0.00062502404  0.00062437091  75
      0.018425557      0.537349271      0.020582447  -3.68153139e-05       1.00022759       2.00391366       1.00218486             0.05  0.000625023972  0.00062539188  74
     0.0434254581      0.537349172     0.0205824488   -3.7005383e-05       1.00022755       2.00391374       1.00218486             0.05  0.000625023874  0.000625079525  73
     0.0906818369       0.56228644     0.0216457961  -4.10252174e-05       1.00015834       2.00389095       1.00210412             0.05  0.000625028418  0.000624389689  72
     0.0156817595      0.562286748     0.0216458055  -4.10150083e-05       1.00015837       2.00389103        1.0021042             0.05  0.000625028401  0.000625464843  71
     0.0406818441      0.562286701     0.0216458143  -4.12174906e-05       1.00015832       2.00389118       1.00210421             0.05  0.000625028354  0.000625136214  70
     0.0656817219      0.562286438     0.0216458043  -4.12181587e-05       1.00015828        2.0038911       1.00210414             0.05  0.000625028367  0.000624715953  69
     0.0130627035       0.58733825     0.0227197442  -2.97109406e-05       1.00011353       2.00389217       1.00205983             0.05  0.000625025799  0.000625520168  68
     0.0380627202      0.587338295     0.0227197543  -2.99218328e-05       1.00011349        2.0038923       1.00205986             0.05  0.000625025737  0.000625175086  67
     0.0630627103      0.587337984     0.0227197355  -2.99292378e-05       1.00011344       2.00389232       1.00205982             0.05  0.000625025762  0.000624733895  66
     0.0880627124      0.587338012     0.0227197427  -2.97065145e-05       1.00011348       2.00389214       1.00205977             0.05  0.000625025819  0.000624390883  65
     0.0356277252      0.612307104     0.0238042447  -2.14633753e-05       1.00004366       2.00387551        1.0019815             0.05  0.000625026866  0.000625228844  64
     0.0606277016      0.612306868     0.0238042489  -2.14613661e-05       1.00004362       2.00387556       1.00198148             0.05  0.000625026855  0.000624766562  63
     0.0856277255      0.612306736     0.0238042359  -2.12309525e-05       1.00004366       2.00387547       1.00198148             0.05  0.000625026983  0.000624406852  62
     0.0106277275       0.61230705     0.0238042533  -2.12191595e-05        1.0000437       2.00387546       1.00198151             0.05  0.000625026994  0.000625590623  61
     0.0583499002      0.637287704     0.0248932913  -3.00970631e-05      0.999978421       2.00387629       1.00191652             0.05  0.000625023653  0.000624796453  60
     0.0833498124      0.637287543     0.0248933066  -2.98823524e-05      0.999978432       2.00387632       1.00191655             0.05  0.000625023897  0.000624419795  59
     0.0083498876      0.637287752     0.0248933132  -2.98481811e-05      0.999978452        2.0038763       1.00191656             0.05  0.000625023957  0.000625658497  58
     0.0333498411      0.637287936     0.0248932968  -3.00874247e-05      0.999978422       2.00387618       1.00191647             0.05  0.000625023716  0.000625279932  57
      0.081233504      0.662388494     0.0259907407    1.9228677e-06      0.999932979       2.00390274       1.00188422             0.05  0.000625025052  0.000624420746  56
    0.00623334424      0.662388863     0.0259907684   1.94861198e-06      0.999932931        2.0039027       1.00188415             0.05  0.000625025198  0.000625714828  55
     0.0312334626      0.662388812     0.0259907452   1.65991019e-06      0.999932924        2.0039024       1.00188399             0.05  0.000625024832  0.00062531948  54
     0.0562333458      0.662388579      0.025990705   1.64504729e-06      0.999932914       2.00390244         1.001884             0.05  0.000625024718  0.000624814562  53
    0.00435065555      0.687189349     0.0270835389  -3.22676332e-05      0.999829874       2.00386991        1.0017645             0.05  0.000625026378  0.000625808775  52
     0.0293505946      0.687189622     0.0270835491  -3.25437733e-05      0.999829821       2.00386969       1.00176434             0.05  0.000625026116  0.000625400207  51
     0.0543507088      0.687189572     0.0270835217  -3.25716022e-05       0.99982989        2.0038697       1.00176441             0.05  0.00062502594  0.000624872939  50
     0.0793506573      0.687189244     0.0270835301   -3.2365494e-05      0.999829888          2.00387       1.00176456             0.05  0.000625026248  0.000624463322  49
     0.0275596117      0.712511161     0.0281842342   1.83129179e-05      0.999820524       2.00394548       1.00179291             0.05  0.000625024995  0.000625460366  48
     0.0525595385      0.712511084     0.0281842531   1.82416501e-05      0.999820523       2.00394579       1.00179306             0.05  0.000625025061  0.000624919398  47
     0.0775595924      0.712510766     0.0281842294   1.84982768e-05      0.999820573       2.00394577        1.0017931             0.05  0.000625025067  0.000624478566  46
    0.00255957355      0.712511712     0.0281842795   1.84645142e-05      0.999820566       2.00394535       1.00179289             0.05  0.000625025007  0.000625849623  45
     0.0511065318      0.737103165     0.0292682948  -2.59743385e-05      0.999691315       2.00391032       1.00164587             0.05  0.000625029766  0.000625129548  44
     0.0761063439      0.737102853     0.0292682787  -2.58653112e-05      0.999691401       2.00391018       1.00164589             0.05  0.000625029617  0.000624639616  43
    0.00110647836      0.737102842     0.0292682604  -2.56318584e-05      0.999691422       2.00390939       1.00164551             0.05  0.000625029312  0.000625964411  42
     0.0261064048      0.737103111     0.0292682413   -2.5830344e-05      0.999691377       2.00390967       1.00164561             0.05  0.000625029425  0.000625667215  41
      0.074673726       0.76257265     0.0303608582   1.64150027e-05      0.999689347        2.0040092       1.00169332             0.05  0.000625026809  0.000624775282  40
     0.0996736668       0.76257295     0.0303608914   1.66605132e-05      0.999689421       2.00400846       1.00169303             0.05  0.000625026512  0.000624452562  39
     0.0246737944      0.762573025      0.030360853   1.64108738e-05      0.999689367       2.00400858       1.00169303             0.05  0.000625026549  0.000625840666  38
     0.0496736918      0.762572897     0.0303609061   1.62340645e-05      0.999689347       2.00400914        1.0016933             0.05  0.000625026824  0.00062533543  37
     0.0986345762       0.78716053     0.0314282768  -2.69124076e-06      0.999593686       2.00402899       1.00160736             0.05  0.000625026953  0.000624491869  36
     0.0236345099      0.787160776     0.0314282864  -2.75994269e-06      0.999593713       2.00402904       1.00160741             0.05  0.000625026921  0.000626025972  35
     0.0486345978      0.787160792       0.03142831  -2.99177612e-06      0.999593625       2.00402922       1.00160742             0.05  0.000625026995  0.000625534893  34
     0.0736344984      0.787160591     0.0314283044  -2.93701408e-06      0.999593622        2.0040294        1.0016075             0.05  0.000625027027  0.000624931262  33
     0.0226454368      0.812429783     0.0324961952  -4.34238901e-06      0.999532726       2.00409749       1.00158052             0.05  0.000625024653  0.000626126057  32
     0.0476452667      0.812429872     0.0324962278  -4.65737296e-06      0.999532654       2.00409752       1.00158046             0.05  0.00062502462  0.000625631773  31
     0.0726454476      0.812429652     0.0324961944  -4.64245832e-06      0.999532583        2.0040976       1.00158043             0.05  0.000625024625  0.000624999242  30
     0.0976452488      0.812429622     0.0324962001  -4.33627955e-06      0.999532668       2.00409743       1.00158043             0.05  0.000625024661  0.000624508021  29
     0.0469433993       0.83749084     0.0335465125   2.98879679e-05      0.999539771       2.00425622        1.0016669             0.05  0.000625025586  0.000625641572  28
     0.0719433417      0.837490675     0.0335465207   2.99251031e-05      0.999539675       2.00425625       1.00166682             0.05  0.00062502557  0.000624989455  27
     0.0969433759      0.837490625     0.0335465021   3.02654321e-05       0.99953977       2.00425615       1.00166687             0.05  0.000625025612  0.000624478309  26
     0.0219433402      0.837490839     0.0335465221   3.01811854e-05      0.999539875       2.00425625       1.00166702             0.05  0.000625025629  0.000626152854  25
     0.0715183589      0.862013548     0.0345677352  -3.17579986e-05      0.999361262       2.00425434       1.00148707             0.05  0.000625025429  0.000625090312  24
     0.0965183198      0.862013469     0.0345677576   -3.1478555e-05      0.999361368       2.00424437        1.0014822             0.05  0.000625025511  0.000624564097  23
     0.0215183371      0.862013539     0.0345677089  -3.13472409e-05      0.999361479       2.00424451       1.00148238             0.05  0.000625025566  0.00062628997  22
     0.0465182884       0.86201366     0.0345677614  -3.17006987e-05       0.99936138        2.0042444       1.00148222             0.05  0.000625025483  0.000625761667  21
     0.0960324489      0.888084947     0.0356079697   5.73468955e-05      0.999461659       2.00455909       1.00173998             0.05  0.000625027452  0.000624478038  20
     0.0210323689      0.888085107     0.0356080268   5.71745611e-05      0.999461771       2.00455926       1.00174017             0.05  0.000625027546  0.000626256397  19
     0.0460324998      0.888085139     0.0356080041   5.69028701e-05      0.999461624       2.00455905       1.00173992             0.05  0.000625027446  0.00062571511  18
     0.0710323998      0.888085016     0.0356079936   5.69708132e-05      0.999461519       2.00455894       1.00173976             0.05  0.000625027359  0.000625022468  17
     0.0212477738      0.911435518     0.0365634076  -5.21853034e-05      0.999177958       2.00453539       1.00144379             0.05  0.000625027122  0.000626454614  16
     0.0462476388      0.911435596     0.0365634733  -5.25745927e-05      0.999177797       2.00453514        1.0014435             0.05  0.000625027025  0.000625893385  15
     0.0712477943       0.91143555     0.0365634451  -5.26717836e-05      0.999177705         2.004535       1.00144334             0.05  0.000625026923  0.000625183169  14
     0.0962477079      0.911435503     0.0365634771  -5.24091888e-05      0.999177871       2.00453524       1.00144363             0.05  0.000625027025  0.000624628877  13
     0.0458854386      0.938726981     0.0376134921   7.03130531e-05      0.999228259       2.00501056       1.00173161             0.05  0.00062502858  0.000625882058  12
     0.0708853749      0.938726907     0.0376135019   7.03994947e-05      0.999228149       2.00501036        1.0017314             0.05  0.0006250291  0.00062515945  11
     0.0958854376      0.938726836     0.0376134776   7.07598425e-05      0.999228318       2.00500062        1.0017267             0.05  0.000625029213  0.000624592212  10
     0.0208853391       0.93872694     0.0376135188   7.05314255e-05      0.999228438        2.0050008       1.00172691             0.05  0.000625028692  0.000626441857  9
      0.071448793      0.960968768     0.0384415905  -6.66793133e-05      0.998940415       2.00537345       1.00162429             0.05  0.000625029648  0.000625352633  8
       0.09644854      0.960968778     0.0384415585  -6.65141318e-05      0.998940607       2.00537365       1.00162458             0.05  0.000625029821  0.000624823323  7
     0.0214487873      0.960968796      0.038441668  -6.62863862e-05      0.998940752        2.0053639       1.00161986             0.05  0.000625029994  0.000626563001  6
     0.0464484913      0.960968796     0.0384416595  -6.65910969e-05      0.998940558       2.00536369       1.00161956             0.05  0.0006250298  0.000626032008  5
     0.0973708415      0.989105083     0.0395753577   7.39197723e-05      0.998900024       2.00617381       1.00198353             0.05  0.000625029051  0.000625088339  4
     0.0223705617      0.989105132     0.0395754321   7.36979583e-05      0.998900205       2.00617394       1.00198378             0.05  0.000625029304  0.000626337221  3
     0.0473708573      0.989105142     0.0395754575   7.35561128e-05      0.998899972       2.00617392       1.00198353             0.05  0.000625028426  0.000625951029  2
     0.0723705822      0.989105102      0.039575338   7.36539814e-05      0.998899794       2.00617371       1.00198325             0.05  0.00062502817  0.000625462249  1
