title='particle position' 
variables=x, y, Ux, Uy, rho, e, p, h=supportlength/2, m, V, ID 
     0.0221950024     0.0112700582   0.000494116141   -6.3885772e-05       1.00043154       2.00360499       1.00223481             0.05  0.000625026514  0.000624772169  160
     0.0471949131     0.0112699615   0.000494118414   -6.3876364e-05       1.00043158       2.00360504       1.00223487             0.05  0.000625026648  0.00062476078  159
     0.0721949912     0.0112697246   0.000494117059   -6.3917614e-05       1.00043162       2.00360503       1.00223491             0.05  0.000625026679  0.000624747734  158
     0.0971949729     0.0112698153   0.000494104724  -6.39330403e-05       1.00043158       2.00360498       1.00223485             0.05  0.000625026543  0.000624739265  157
     0.0417668647     0.0385473976    0.00132078765   7.87031991e-05      0.999904528       2.00315274       1.00148075             0.05  0.000625026635  0.000625096622  156
     0.0667669477     0.0385475056    0.00132078139   7.87197204e-05      0.999904576        2.0031528       1.00148083             0.05  0.000625026693  0.000625068481  155
     0.0917669452     0.0385476127    0.00132078644   7.87235868e-05      0.999904613       2.00315272       1.00148082             0.05  0.00062502658  0.000625049025  154
     0.0167669593     0.0385474963    0.00132079061   7.86972669e-05      0.999904561       2.00315267       1.00148075             0.05  0.000625026524  0.000625120427  153
     0.0611758419     0.0616465739    0.00236393898  -8.23902273e-05       1.00005547       2.00324012       1.00167562             0.05  0.000625027265  0.000624972332  152
      0.086175829     0.0616464097    0.00236393331  -8.23576542e-05       1.00005549       2.00324012       1.00167564             0.05  0.000625027248  0.000624938321  151
     0.0111758299     0.0616467076    0.00236392614  -8.23555631e-05       1.00005549       2.00324003       1.00167559             0.05  0.000625027149  0.000625048038  150
     0.0361758333     0.0616468699    0.00236393127  -8.23895666e-05       1.00005545       2.00324002       1.00167555             0.05  0.000625027177  0.00062501564  149
     0.0802207887     0.0880639439    0.00306856978   6.09541432e-05      0.999826934       2.00299482       1.00132408             0.05  0.000625027574  0.0006250715  148
    0.00522077721     0.0880641195    0.00306858269   6.09300511e-05      0.999826949       2.00299474       1.00132406             0.05  0.000625027484  0.000625217288  147
     0.0302207832     0.0880639929    0.00306856905   6.09007146e-05      0.999826966       2.00299462       1.00132402             0.05  0.000625027405  0.000625185659  146
     0.0552207995     0.0880639011    0.00306857333   6.09071203e-05      0.999826939       2.00299472       1.00132404             0.05  0.000625027502  0.000625126623  145
     0.0997423198      0.112168113    0.00404316173  -7.43930976e-05      0.999962281       2.00312602       1.00152523             0.05  0.000625025113  0.000624944008  144
     0.0247423052      0.112168138    0.00404313483  -7.43714275e-05      0.999962286         2.003126       1.00152523             0.05  0.000625025082  0.000625132164  143
     0.0497424168      0.112168123     0.0040431379  -7.44031375e-05      0.999962266       2.00312608       1.00152525             0.05  0.000625025162  0.000625063895  142
     0.0747423177      0.112168104     0.0040431462  -7.44139998e-05      0.999962258       2.00312612       1.00152526             0.05  0.00062502519  0.000624988218  141
     0.0189759584      0.137629725    0.00485255556   8.64662988e-06      0.999897031       2.00305416       1.00142395             0.05  0.000625023006  0.000625202689  140
     0.0439759436      0.137629701    0.00485255408   8.62131787e-06      0.999897001       2.00305425       1.00142397             0.05  0.000625023097  0.000625125874  139
     0.0689759358      0.137629681    0.00485256304   8.63053567e-06      0.999897001       2.00305404       1.00142387             0.05  0.000625022953  0.000625031702  138
     0.0939759304       0.13762973    0.00485254024   8.68779366e-06      0.999897046       2.00305392       1.00142385             0.05  0.000625022843  0.000624964858  137
     0.0384129311      0.162519756    0.00574234723  -4.66079152e-05       0.99992654        2.0030919       1.00147238             0.05  0.000625025462  0.000625122308  136
     0.0634129531      0.162519674    0.00574228811   -4.6663114e-05      0.999926594       2.00309143       1.00147219             0.05  0.000625025108  0.000625011265  135
      0.088413027      0.162519693    0.00574231559  -4.66543659e-05      0.999926649       2.00309121       1.00147214             0.05  0.000625024923  0.000624928331  134
      0.013412983      0.162519792    0.00574230467  -4.65701743e-05      0.999926585        2.0030917       1.00147232             0.05  0.000625025275  0.000625209886  133
     0.0578200839      0.187414799    0.00662114728  -4.57532585e-05      0.999958938       2.00312427       1.00152101             0.05  0.000625027624  0.000624997446  132
      0.082820119      0.187414819    0.00662114012  -4.57371126e-05      0.999959015       2.00312397       1.00152094             0.05  0.000625027369  0.000624895228  131
    0.00782017158      0.187414837    0.00662115332  -4.57146864e-05       0.99995895       2.00312435       1.00152106             0.05  0.000625027628  0.000625218465  130
     0.0328200809      0.187414773    0.00662111904  -4.57700929e-05      0.999958821       2.00312462       1.00152107             0.05  0.000625027918  0.000625125273  129
     0.0772343984      0.212638922    0.00747908623  -3.42626061e-05      0.999937238       2.00310867       1.00149147             0.05  0.000625027551  0.000624913886  128
    0.00223437648       0.21263981    0.00747907929  -3.43484396e-05      0.999937253       2.00310857       1.00149144             0.05  0.000625027455  0.000625262759  127
     0.0272344008      0.212639714    0.00747909103  -3.44181378e-05       0.99993722       2.00310859       1.00149142             0.05  0.00062502749  0.000625184593  126
     0.0522343918      0.212639741    0.00747907267  -3.44247545e-05      0.999937202       2.00310868       1.00149145             0.05  0.00062502759  0.000625043557  125
     0.0967701162      0.237391471    0.00838701909   -7.7502601e-05       1.00000354       2.00317712       1.00159211             0.05  0.000625026371  0.00062480469  124
     0.0217701169      0.237391424    0.00838698958  -7.75764302e-05       1.00000361       2.00317687       1.00159205             0.05  0.00062502612  0.000625198007  123
     0.0467701908      0.237391418    0.00838702298   -7.7589383e-05       1.00000349       2.00317709       1.00159204             0.05  0.000625026381  0.000625054358  122
     0.0717701613      0.237391419    0.00838701953  -7.75688379e-05       1.00000346        2.0031774       1.00159216             0.05  0.000625026617  0.000624895975  121
     0.0162527878      0.262616288    0.00925406907  -4.65679901e-05      0.999987872       2.00316954       1.00157262             0.05  0.000625026415  0.000625251939  120
     0.0412527393      0.262616245    0.00925406322  -4.66203529e-05      0.999987806       2.00316967       1.00157262             0.05  0.000625026577  0.000625106445  119
     0.0662527893      0.262616063    0.00925403276  -4.67560514e-05       0.99998782       2.00316978       1.00157269             0.05  0.000625026677  0.000624927277  118
      0.091252772      0.262616124    0.00925402845  -4.66791253e-05      0.999987917       2.00316964       1.00157272             0.05  0.000625026516  0.000624798842  117
     0.0358796058        0.2874502     0.0101692409  -9.02472967e-05       1.00004493       2.00324223       1.00166612             0.05  0.000625027686  0.000625093197  116
      0.060879609      0.287450215     0.0101692615  -9.02002406e-05       1.00004504       2.00324218        1.0016662             0.05  0.000625027629  0.000624896669  115
      0.085879636      0.287450252     0.0101692787  -9.01452306e-05       1.00004513         2.003242       1.00166621             0.05  0.000625027468  0.000624747875  114
     0.0108796544      0.287450308     0.0101692814  -9.01232303e-05       1.00004507       2.00324212        1.0016662             0.05  0.000625027506  0.00062524655  113
     0.0554921144      0.312556127     0.0110631173  -7.17867061e-05       1.00005758       2.00326787        1.0016916             0.05  0.000625028733  0.00062490162  112
     0.0804921062       0.31255533     0.0110631174  -7.15772662e-05       1.00005762       2.00326795       1.00169169             0.05  0.000625028802  0.000624729896  111
     0.0054921754      0.312556232     0.0110630975  -7.16902088e-05       1.00005762       2.00326783       1.00169162             0.05  0.000625028655  0.000625270822  110
     0.0304921041      0.312556124      0.011063122  -7.17837075e-05       1.00005759       2.00326773       1.00169155             0.05  0.000625028584  0.000625115397  109
     0.0752119483      0.337504932     0.0119846433  -9.73664124e-05       1.00009735       2.00331726       1.00175615             0.05  0.00062502776  0.000624721912  108
   0.000211896434      0.337505021     0.0119846554  -9.72516169e-05       1.00009742       2.00331701       1.00175608             0.05  0.000625027545  0.000625279843  107
     0.0252118945      0.337504938     0.0119846273   -9.7365457e-05       1.00009752       2.00331653       1.00175595             0.05  0.000625027076  0.000625153749  106
     0.0502119938      0.337504902     0.0119846706  -9.74127084e-05       1.00009741       2.00331673       1.00175594             0.05  0.00062502732  0.000624928308  105
     0.0949797679      0.362515478     0.0129075374  -9.66848287e-05       1.00013392       2.00336223       1.00181526             0.05  0.000625024718  0.000624603026  104
     0.0199797955      0.362515561      0.012907566  -9.66877693e-05       1.00013393       2.00336178       1.00181504             0.05  0.000625024308  0.000625208601  103
     0.0449798262      0.362515466     0.0129075388  -9.67850117e-05       1.00013392       2.00336177       1.00181503             0.05  0.000625024337  0.000624987113  102
     0.0699798458      0.362515378     0.0129075559  -9.68103523e-05       1.00013389       2.00336227       1.00181525             0.05  0.000625024749  0.000624743281  101
     0.0148254405       0.38752489     0.0138432971  -0.000106282886       1.00016266       2.00340512        1.0018655             0.05  0.000625023219  0.000625251336  100
     0.0398254558        0.3875248     0.0138432994  -0.000106402224       1.00016266       2.00340505       1.00186546             0.05  0.000625023187  0.000625034276  99
     0.0648254506      0.387524765     0.0138432921  -0.000106374267        1.0001627       2.00340519       1.00186557             0.05  0.000625023315  0.000624766838  98
     0.0898254563      0.387524854     0.0138433039   -0.00010624761        1.0001627       2.00340518       1.00186557             0.05  0.000625023339  0.000624573036  97
     0.0347594622      0.412500345     0.0147917984  -0.000115998649       1.00020711       2.00346894       1.00194194             0.05  0.000625024062  0.000625060628  96
     0.0597594684      0.412500309     0.0147918097  -0.000116017514       1.00020714       2.00346889       1.00194194             0.05  0.00062502406  0.000624775172  95
     0.0847594638      0.412500392     0.0147917959  -0.000115895717       1.00020714        2.0034688        1.0019419             0.05  0.000625024039  0.000624545308  94
    0.00975947699      0.412500445     0.0147917956   -0.00011586935        1.0002071        2.0034689       1.00194191             0.05  0.000625024047  0.000625268814  93
     0.0547700678      0.437519889     0.0157484196  -0.000116920552       1.00023367       2.00351929       1.00199372             0.05  0.000625028835  0.000624832153  92
      0.079769956      0.437519954     0.0157483974  -0.000116827303       1.00023365       2.00351919       1.00199366             0.05  0.000625028814  0.000624561316  91
    0.00477006089      0.437520037     0.0157484073  -0.000116730727       1.00023363       2.00351919       1.00199364             0.05  0.000625028803  0.000625293503  90
     0.0297699538       0.43751997     0.0157483912   -0.00011682919       1.00023364       2.00351931        1.0019937             0.05  0.000625028826  0.000625128147  89
     0.0748874317      0.462492866     0.0167206952  -0.000129647786       1.00027281       2.00358306       1.00206484             0.05  0.000625030392  0.000624601127  88
     0.0998874412      0.462492973     0.0167207067  -0.000129518404       1.00027277        2.0035829        1.0020647             0.05  0.000625030331  0.000624419947  87
     0.0248874358      0.462492925     0.0167206853  -0.000129623738       1.00027274       2.00358308       1.00206477             0.05  0.000625030362  0.000625202782  86
     0.0498874399      0.462492841     0.0167207046  -0.000129719375       1.00027278       2.00358314       1.00206484             0.05  0.000625030424  0.000624916373  85
     0.0950945019       0.48751099     0.0177012263  -0.000126067864       1.00030331       2.00363886       1.00212329             0.05  0.00062502465  0.000624388356  84
      0.020094493      0.487510996     0.0177012306  -0.000126112236       1.00030326       2.00363899       1.00212331             0.05  0.000625024643  0.000625255122  83
     0.0450945153      0.487510873     0.0177012237   -0.00012626449       1.00030329       2.00363915       1.00212342             0.05  0.000625024783  0.000624977587  82
     0.0700945023      0.487510896     0.0177012288  -0.000126196802       1.00030333       2.00363913       1.00212344             0.05  0.000625024795  0.000624635582  81
     0.0154243644      0.512476764     0.0186979246  -0.000138998028       1.00032899       2.00369309       1.00217614             0.05  0.000625026962  0.00062527665  80
     0.0404242878      0.512476657     0.0186979265  -0.000139143279       1.00032899       2.00369326       1.00217623             0.05  0.00062502711  0.000624994984  79
     0.0654243633      0.512476604     0.0186979185  -0.000139147069       1.00032903       2.00369333        1.0021763             0.05  0.000625027191  0.000624632752  78
     0.0904243435      0.512476728     0.0186979192  -0.000138976842       1.00032902       2.00369306       1.00217615             0.05  0.00062502705  0.000624356712  77
     0.0358541582       0.53750534     0.0197021419  -0.000132597225       1.00036179       2.00376452       1.00224473             0.05  0.000625023939  0.000624990759  76
     0.0608540671      0.537505278     0.0197021508  -0.000132599625       1.00036182       2.00376461       1.00224481             0.05  0.00062502404  0.000624608841  75
     0.0858541457      0.537505375     0.0197021597  -0.000132436988       1.00036182       2.00376444       1.00224472             0.05  0.000625023972  0.000624316205  74
     0.0108540612      0.537505473      0.019702163  -0.000132420232       1.00036178        2.0037644       1.00224466             0.05  0.000625023874  0.000625286133  73
     0.0564289161      0.562454704     0.0207232884  -0.000143323547       1.00037164       2.00381437       1.00227953             0.05  0.000625028418  0.000624629348  72
     0.0814288158      0.562454793     0.0207232999  -0.000143150186       1.00037164       2.00381426       1.00227948             0.05  0.000625028401  0.000624306424  71
    0.00642891273      0.562454906     0.0207232896  -0.000143079678       1.00037157        2.0038142       1.00227938             0.05  0.000625028354  0.000625318787  70
     0.0314288043      0.562454829      0.020723276  -0.000143238971       1.00037158       2.00381433       1.00227945             0.05  0.000625028367  0.00062502907  69
     0.0771133587      0.587491095     0.0217513703  -0.000137588271         1.000399       2.00388087       1.00234021             0.05  0.000625025799  0.000624337732  68
    0.00211336793      0.587491247     0.0217514003  -0.000137429686       1.00039896       2.00388073        1.0023401             0.05  0.000625025737  0.00062534435  67
     0.0271133817      0.587491171     0.0217513632  -0.000137596438       1.00039892       2.00388093       1.00234016             0.05  0.000625025762  0.00062511729  66
     0.0521133694      0.587491063     0.0217513913   -0.00013769735       1.00039896       2.00388096       1.00234022             0.05  0.000625025819  0.000624710138  65
     0.0979574205      0.612450636     0.0227953644  -0.000137312636       1.00039629       2.00392414       1.00235913             0.05  0.000625026866  0.000624185387  64
      0.022957388      0.612450631     0.0227953575  -0.000137448549       1.00039625       2.00392435        1.0023592             0.05  0.000625026855  0.000625248187  63
     0.0479574318      0.612450456     0.0227953723  -0.000137623574       1.00039628       2.00392446       1.00235929             0.05  0.000625026983  0.00062485951  62
     0.0729574217      0.612450493     0.0227953551  -0.000137478332       1.00039631        2.0039244       1.00235929             0.05  0.000625026994  0.000624431587  61
     0.0189433058      0.637441655     0.0238491814  -0.000144295126       1.00039879       2.00398599       1.00239258             0.05  0.000625023653  0.000625340717  60
     0.0439432122      0.637441514     0.0238491961  -0.000144496665       1.00039879       2.00398625       1.00239271             0.05  0.000625023897  0.000624966855  59
     0.0689432912      0.637441465     0.0238491938  -0.000144443694        1.0003988       2.00398623       1.00239271             0.05  0.000625023957  0.000624506546  58
     0.0939432602      0.637441616     0.0238491609  -0.000144223532       1.00039879       2.00398581       1.00239249             0.05  0.000625023716  0.000624172077  57
     0.0400682892      0.662491518     0.0249134857  -0.000119396624       1.00039484        2.0040476       1.00241943             0.05  0.000625025052  0.000625014473  56
     0.0650681325      0.662491508     0.0249134663  -0.000119292063       1.00039478       2.00404763        1.0024194             0.05  0.000625025198  0.000624531115  55
     0.0900682276      0.662491557     0.0249134855  -0.000119155146       1.00039485       2.00404708       1.00241919             0.05  0.000625024832  0.000624159618  54
     0.0150681613      0.662491623     0.0249134689   -0.00011922135       1.00039484       2.00404712        1.0024192             0.05  0.000625024718  0.000625390693  53
     0.0614129908      0.687342697     0.0259938738  -0.000150014429       1.00034651       2.00406363       1.00237903             0.05  0.000625026378  0.000624554936  52
     0.0864128905      0.687342826     0.0259939176  -0.000149781091       1.00034655       2.00406318       1.00237884             0.05  0.000625026116  0.000624166116  51
     0.0114130275      0.687342994     0.0259939112  -0.000149699626       1.00034662       2.00406313       1.00237889             0.05  0.00062502594  0.000625451305  50
     0.0364130049      0.687342839     0.0259938635  -0.000149979454       1.00034651       2.00406357         1.002379             0.05  0.000625026248  0.000625059057  49
     0.0828304208      0.712573604     0.0270788797  -9.51783386e-05       1.00035182       2.00414858       1.00242684             0.05  0.000625024995  0.000624140972  48
    0.00783032439      0.712573811     0.0270789065  -9.51786401e-05       1.00035176       2.00414869       1.00242684             0.05  0.000625025061  0.000625480441  47
     0.0328304163      0.712573616      0.027078867  -9.54507735e-05       1.00035176       2.00414888       1.00242694             0.05  0.000625025067  0.000625073781  46
     0.0578303396      0.712574377     0.0270788923  -9.55499393e-05       1.00035181       2.00414871       1.00242689             0.05  0.000625025007  0.000624547585  45
    0.00457916093      0.737236243     0.0281854849  -0.000140099001       1.00024155       2.00412808       1.00230609             0.05  0.000625029766  0.00062558994  44
     0.0295789523      0.737236207     0.0281854702  -0.000140380428       1.00024163       2.00412821       1.00230623             0.05  0.000625029617  0.000625196929  43
     0.0545791142       0.73723599      0.028185475  -0.000140520665       1.00024175       2.00412777       1.00230614             0.05  0.000625029312  0.000624654101  42
     0.0795790551      0.737236028     0.0281854843  -0.000140310674       1.00024172       2.00412777        1.0023061             0.05  0.000625029425  0.000624214129  41
     0.0263321747      0.762621294      0.029296914  -8.12942518e-05       1.00023819       2.00422369       1.00235053             0.05  0.000625026809  0.000625335775  40
     0.0513321154      0.762621222     0.0292969345   -8.1344155e-05       1.00023833       2.00422329       1.00235048             0.05  0.000625026512  0.000624791761  39
     0.0763322452      0.762621193     0.0292969109  -8.12146067e-05        1.0002383       2.00422316       1.00235038             0.05  0.000625026549  0.000624293362  38
    0.00133212498      0.762621357       0.02929696  -8.10960404e-05        1.0002382       2.00422336       1.00235039             0.05  0.000625026824  0.000625636213  37
     0.0484831281      0.787239429     0.0304320648  -0.000100719259       1.00011038       2.00421081       1.00221602             0.05  0.000625026953  0.000625065518  36
     0.0734830444      0.787239408     0.0304320468  -0.000100552073       1.00011041       2.00421063       1.00221596             0.05  0.000625026921  0.000624499182  35
     0.0984831455      0.787239585     0.0304320572  -0.000100326746       1.00011033       2.00421051       1.00221581             0.05  0.000625026995  0.000624174643  34
     0.0234830368      0.787239657     0.0304320207  -0.000100484281       1.00011031       2.00421092       1.00221601             0.05  0.000625027027  0.000625580528  33
      0.070679414      0.812497229      0.031573327  -8.45763048e-05       1.00003919       2.00427034       1.00217445             0.05  0.000625024653  0.000624648559  32
     0.0956792089      0.812497464     0.0315733092  -8.42630871e-05       1.00003912       2.00427007       1.00217424             0.05  0.00062502462  0.000624204354  31
     0.0206794309      0.812497532     0.0315733151  -8.43604411e-05       1.00003911       2.00427039       1.00217439             0.05  0.000625024625  0.000625751894  30
     0.0456792258      0.812497321     0.0315733403  -8.46378299e-05       1.00003918       2.00427052       1.00217453             0.05  0.000625024661  0.000625257113  29
     0.0931674314      0.837493248     0.0327315601  -3.73518076e-05      0.999979713       2.00436591       1.00216263             0.05  0.000625025586  0.000624223504  28
     0.0181673596      0.837493328     0.0327315731  -3.74605976e-05      0.999979679       2.00436614       1.00216271             0.05  0.00062502557  0.000625849179  27
     0.0431674331      0.837493096     0.0327315588  -3.77761215e-05       0.99997976       2.00436634       1.00216288             0.05  0.000625025612  0.000625352638  26
     0.0681673511       0.83749305      0.032731585  -3.76791268e-05      0.999979796       2.00436621       1.00216286             0.05  0.000625025629  0.000624715984  25
     0.0159664955       0.86211235     0.0338818066  -9.56065587e-05      0.999777152       2.00434497       1.00194915             0.05  0.000625025429  0.000626009626  24
     0.0409664147      0.862112231     0.0338818453  -9.59665257e-05      0.999777192       2.00433524       1.00194433             0.05  0.000625025511  0.000625493965  23
     0.0659664922       0.86211203     0.0338818197  -9.60546628e-05      0.999777222       2.00433517       1.00194432             0.05  0.000625025566  0.000624836121  22
     0.0909663996      0.862112176     0.0338818471   -9.5735982e-05      0.999777181       2.00433484       1.00194412             0.05  0.000625025483  0.000624323661  21
     0.0386776747      0.888022259      0.035050472   1.89201487e-05      0.999819997       2.00460087       1.00212002             0.05  0.000625027452  0.000625484039  20
     0.0636775542      0.888022186      0.035050452   1.90261996e-05      0.999820009       2.00460084       1.00212001             0.05  0.000625027546  0.000624802411  19
     0.0886776946      0.888022389     0.0350504156   1.94273418e-05      0.999819997       2.00460051       1.00211984             0.05  0.000625027446  0.00062426938  18
     0.0136775598       0.88802251     0.0350505047   1.92372585e-05      0.999819973       2.00460052       1.00211982             0.05  0.000625027359  0.000626015527  17
     0.0621995489      0.911549852     0.0361746109  -9.50955898e-05      0.999482261       2.00453217       1.00174717             0.05  0.000625027122  0.000624996799  16
     0.0871993738      0.911549908     0.0361746634  -9.48074949e-05      0.999482224       2.00453181       1.00174696             0.05  0.000625027025  0.000624450732  15
     0.0121995583      0.911550115     0.0361745639  -9.45747036e-05      0.999482208       2.00453175       1.00174691             0.05  0.000625026923  0.000626252392  14
     0.0371994074      0.911550113     0.0361746246   -9.4965271e-05      0.999482232       2.00453216       1.00174714             0.05  0.000625027025  0.000625699031  13
     0.0850319784       0.93862939     0.0373458359   5.19006853e-05      0.999474631       2.00496196       1.00195431             0.05  0.00062502858  0.00062444595  12
     0.0100318409      0.938629538     0.0373459621   5.16661405e-05      0.999474589       2.00496184       1.00195421             0.05  0.0006250291  0.000626281477  11
     0.0350319884      0.938629301     0.0373459204    5.1401929e-05      0.999474586       2.00495223        1.0019494             0.05  0.000625029213  0.000625726334  10
     0.0600318702      0.938629224     0.0373458792   5.15127078e-05       0.99947463       2.00495224       1.00194945             0.05  0.000625028692  0.000625008298  9
    0.00907883755      0.961082559     0.0383903736  -7.80964203e-05      0.999131918       2.00527828       1.00176877             0.05  0.000625029648  0.000626444394  8
     0.0340786086      0.961082632     0.0383904435  -7.84222576e-05      0.999131841       2.00527855       1.00176883             0.05  0.000625029821  0.00062591962  7
     0.0590788541      0.961082434     0.0383904298  -7.85077564e-05      0.999131843       2.00526843       1.00176377             0.05  0.000625029994  0.000625242879  6
     0.0840785243      0.961082421      0.038390427  -7.83127358e-05      0.999131936       2.00526826       1.00176378             0.05  0.0006250298  0.000624712622  5
     0.0331323711      0.988997008     0.0395691711   6.22044868e-05      0.999068342       2.00606303       1.00209703             0.05  0.000625029051  0.000625867949  4
      0.058132167      0.988996939      0.039569039   6.23075465e-05      0.999068264       2.00606245       1.00209667             0.05  0.000625029304  0.00062537853  3
     0.0831323579      0.988997041     0.0395690085   6.25983115e-05       0.99906844       2.00606249       1.00209686             0.05  0.000625028426  0.000624993338  2
    0.00813208653      0.988997165     0.0395690795   6.24204627e-05      0.999068524       2.00606296       1.00209718             0.05  0.00062502817  0.000626243186  1
