title='particle position' 
variables=x, y, Ux, Uy, rho, e, p, h=supportlength/2, m, V, ID 
     0.0899726053      0.987549636     0.0394106558   5.97888027e-05       0.99918685       2.00298232        1.0006768             0.05  0.000625026493  0.000624872603  160
     0.0649725839      0.987549472     0.0394106709   5.95029906e-05      0.999186643       2.00298201       1.00067643             0.05  0.000625026493  0.000625221955  159
     0.0399725849      0.987549387       0.03941077   5.93438064e-05      0.999186613       2.00298313       1.00067697             0.05  0.000625026493  0.000625724566  158
     0.0149726582      0.987549555     0.0394107608   5.95085942e-05      0.999186821       2.00298484       1.00067803             0.05  0.000625026493  0.000626142667  157
     0.0844955383      0.962420933     0.0382331796  -4.93109714e-05      0.999179471       2.00216643        1.0002618             0.05  0.000625026493  0.000624714202  156
     0.0594955253      0.962420916     0.0382331923  -4.95084148e-05       0.99917936       2.00216632       1.00026163             0.05  0.000625026493  0.000625244233  155
     0.0344954722       0.96242085     0.0382332227  -4.94297336e-05       0.99917934       2.00216754       1.00026222             0.05  0.000625026493  0.000625913187  154
    0.00949556694      0.962420885     0.0382332024  -4.91504826e-05      0.999179448         2.002169       1.00026306             0.05  0.000625026493  0.000626407263  153
     0.0793154139      0.937464616     0.0370175763   4.34148808e-06      0.999510293        2.0017911        1.0004054             0.05  0.000625026493  0.000624579895  152
     0.0543154199      0.937464457     0.0370175413   4.08716512e-06      0.999510261       2.00179099       1.00040532             0.05  0.000625026493  0.000625207698  151
      0.029315348      0.937464301     0.0370175768     4.217309e-06      0.999510189       2.00179188       1.00040569             0.05  0.000625026493  0.000625898893  150
    0.00431543428      0.937464489     0.0370175688    4.4844504e-06      0.999510222        2.0017929       1.00040623             0.05  0.000625026493  0.000626292187  149
     0.0743081017      0.912431406     0.0358080197   -4.6996073e-05      0.999734404       2.00161909       1.00054373             0.05  0.000625026493  0.000624638041  148
     0.0493081068      0.912431322     0.0358079783  -4.71745036e-05      0.999734405       2.00161891       1.00054365             0.05  0.000625026493  0.000625311083  147
     0.0243080136       0.91243114     0.0358080203  -4.69439531e-05      0.999734302       2.00161947       1.00054382             0.05  0.000625026493  0.000625926809  146
     0.0993080819      0.912431231     0.0358079832  -4.67232615e-05      0.999734302       2.00162021       1.00054419             0.05  0.000625026493  0.000624257474  145
     0.0695511074      0.887426597     0.0346354665  -4.63883695e-05      0.999891748       2.00151513       1.00064923             0.05  0.000625026493  0.000624705246  144
     0.0445511205      0.887426539     0.0346354537  -4.64946696e-05      0.999891736       2.00151487       1.00064909             0.05  0.000625026493  0.000625374522  143
      0.019551025      0.887426332     0.0346354617  -4.62032819e-05       0.99989163       2.00151521       1.00064915             0.05  0.000625026493  0.000625915742  142
     0.0945510832      0.887426393     0.0346354639  -4.60791697e-05       0.99989164       2.00151588        1.0006495             0.05  0.000625026493  0.000624218689  141
     0.0650174381      0.862431746     0.0334856878  -5.39163632e-05       1.00003303       2.00145248       1.00075929             0.05  0.000625026493  0.000624682775  140
     0.0400174546      0.862431711     0.0334856753  -5.39354004e-05         1.000033       2.00145216       1.00075911             0.05  0.000625026493  0.00062533272  139
     0.0150173561      0.862431479     0.0334856611  -5.36313618e-05        1.0000329       2.00145236        1.0007591             0.05  0.000625026493  0.000625832492  138
     0.0900174044      0.862431514     0.0334856648   -5.3608904e-05       1.00003292       2.00145299       1.00075944             0.05  0.000625026493  0.000624180222  137
     0.0606956417       0.83742543     0.0323541699  -6.70473179e-05       1.00011866       2.00137276       1.00080512             0.05  0.000625026493  0.000624649947  136
     0.0356956624      0.837425421      0.032354162  -6.69984414e-05       1.00011862       2.00137241       1.00080491             0.05  0.000625026493  0.000625278396  135
      0.010695576       0.83742515     0.0323541443  -6.67062003e-05       1.00011854       2.00137251       1.00080487             0.05  0.000625026493  0.000625759086  134
     0.0856956143      0.837425157     0.0323541446  -6.67640087e-05       1.00011857       2.00137313       1.00080522             0.05  0.000625026493  0.000624162326  133
     0.0565777292      0.812431935     0.0312414062  -6.64590978e-05       1.00018535       2.00130165        1.0008363             0.05  0.000625026493  0.000624664393  132
     0.0315777504      0.812431937     0.0312414093  -6.63579299e-05       1.00018531       2.00130129       1.00083608             0.05  0.000625026493  0.000625267578  131
    0.00657767278       0.81243165     0.0312414083  -6.60955133e-05       1.00018524       2.00130133       1.00083603             0.05  0.000625026493  0.000625704244  130
     0.0815777052      0.812431646     0.0312414013  -6.62062382e-05       1.00018528       2.00130193       1.00083637             0.05  0.000625026493  0.000624175525  129
     0.0526534076      0.787434476     0.0301437401  -7.23212228e-05       1.00023077       2.00122991       1.00084586             0.05  0.000625026493  0.000624778923  128
     0.0276534273      0.787434479     0.0301437768  -7.21501619e-05       1.00023072       2.00122953       1.00084562             0.05  0.000625026493  0.000625343354  127
    0.00265335658      0.787434172      0.030143755  -7.19355335e-05       1.00023067       2.00122953       1.00084558             0.05  0.000625026493  0.000625665619  126
     0.0776533837       0.78743417     0.0301437661  -7.21438552e-05       1.00023072       2.00123014       1.00084593             0.05  0.000625026493  0.00062426708  125
     0.0489138862      0.762439156     0.0290608261  -7.25838264e-05       1.00025542       2.00115359       1.00083236             0.05  0.000625026493  0.000624960066  124
     0.0239139014      0.762439152     0.0290608712  -7.24032052e-05       1.00025535        2.0011532        1.0008321             0.05  0.000625026493  0.000625455766  123
     0.0989138403      0.762438835      0.029060833  -7.22244166e-05       1.00025534       2.00115321       1.00083209             0.05  0.000625026493  0.000624114376  122
     0.0739138612      0.762438843     0.0290608548  -7.24345258e-05        1.0002554        2.0011538       1.00083245             0.05  0.000625026493  0.000624418499  121
     0.0453507314      0.737444919     0.0279921533  -7.17893586e-05       1.00026803       2.00107832       1.00080734             0.05  0.000625026493  0.000625083  120
     0.0203507413      0.737444905     0.0279921802  -7.15607351e-05       1.00026796       2.00107793       1.00080707             0.05  0.000625026493  0.000625521059  119
     0.0953506891      0.737444584     0.0279921725  -7.14865495e-05       1.00026798       2.00107799       1.00080712             0.05  0.000625026493  0.000624151602  118
     0.0703507057      0.737444605     0.0279921594  -7.17200844e-05       1.00026805       2.00107853       1.00080746             0.05  0.000625026493  0.000624543468  117
     0.0419554238      0.712449936      0.026937628  -7.02109125e-05       1.00026695       2.00100018       1.00076717             0.05  0.000625026493  0.00062512123  116
     0.0169554302      0.712449905     0.0269376431  -6.99689886e-05       1.00026687       2.00099979        1.0007669             0.05  0.000625026493  0.000625526176  115
     0.0919553835      0.712449591     0.0269376319  -6.99678093e-05       1.00026692        2.0009999       1.00076701             0.05  0.000625026493  0.000624191706  114
     0.0669553989      0.712449629     0.0269376287  -7.02048691e-05       1.00026699       2.00100038       1.00076732             0.05  0.000625026493  0.000624597619  113
     0.0387198587      0.687455446     0.0258975284  -6.62870953e-05       1.00025669         2.000922        1.0007178             0.05  0.000625026493  0.000625121864  112
     0.0137198634      0.687455396     0.0258975321  -6.60539031e-05       1.00025662       2.00092162       1.00071754             0.05  0.000625026493  0.000625511256  111
     0.0887198217      0.687455096     0.0258975217  -6.60802593e-05       1.00025667       2.00092176       1.00071767             0.05  0.000625026493  0.000624226438  110
     0.0637198353      0.687455151     0.0258975282  -6.63094527e-05       1.00025674       2.00092219       1.00071796             0.05  0.000625026493  0.00062461867  109
     0.0356359855      0.662460377     0.0248720591  -6.19938325e-05       1.00024036       2.00084555       1.00066324             0.05  0.000625026493  0.000625121763  108
     0.0106359897       0.66246031     0.0248720569  -6.17731736e-05        1.0002403       2.00084518       1.00066299             0.05  0.000625026493  0.000625496166  107
     0.0856359525      0.662460024     0.0248720486  -6.18106528e-05       1.00024034       2.00084533       1.00066311             0.05  0.000625026493  0.000624261463  106
     0.0606359634      0.662460096     0.0248720597  -6.20278345e-05       1.00024041       2.00084572       1.00066337             0.05  0.000625026493  0.000624638471  105
     0.0326959623        0.6374649       0.02386079  -5.71966074e-05       1.00022093       2.00077273       1.00060738             0.05  0.000625026493  0.000625127432  104
    0.00769596663      0.637464816     0.0238607867  -5.69912612e-05       1.00022087       2.00077237       1.00060714             0.05  0.000625026493  0.000625485099  103
      0.082695933      0.637464544     0.0238607797  -5.70397007e-05       1.00022089       2.00077252       1.00060724             0.05  0.000625026493  0.000624301493  102
     0.0576959411      0.637464632     0.0238607891  -5.72420937e-05       1.00022096       2.00077287       1.00060748             0.05  0.000625026493  0.000624663295  101
      0.029892266       0.61246902     0.0228626782  -5.25997463e-05       1.00020139       2.00070566        1.0005543             0.05  0.000625026493  0.000625158922  100
    0.00489227064      0.612468922      0.022862681  -5.24200157e-05       1.00020133       2.00070531       1.00055406             0.05  0.000625026493  0.000625479533  99
       0.07989224      0.612468664     0.0228626709  -5.25004219e-05       1.00020135       2.00070547       1.00055416             0.05  0.000625026493  0.000624360564  98
     0.0548922462      0.612468766     0.0228626709  -5.26730679e-05       1.00020141       2.00070578       1.00055437             0.05  0.000625026493  0.000624718272  97
     0.0272177257      0.587472681     0.0218759342  -4.83867585e-05        1.0001828       2.00064467       1.00050519             0.05  0.000625026493  0.000625241207  96
    0.00221773046       0.58747257     0.0218759199  -4.82449212e-05       1.00018275       2.00064433       1.00050498             0.05  0.000625026493  0.000625474729  95
     0.0772177024      0.587472329     0.0218759259  -4.83724753e-05       1.00018277       2.00064452       1.00050509             0.05  0.000625026493  0.000624466288  94
     0.0522177082      0.587472443     0.0218759071  -4.84973552e-05       1.00018282       2.00064479       1.00050527             0.05  0.000625026493  0.000624834342  93
     0.0246655989      0.562475986      0.020898662  -4.44015908e-05       1.00016557       2.00058954       1.00046039             0.05  0.000625026493  0.000625341166  92
     0.0996656054      0.562475867     0.0208986417  -4.42802688e-05       1.00016554       2.00058923        1.0004602             0.05  0.000625026493  0.000624386724  91
      0.074665578      0.562475647     0.0208986511  -4.44111653e-05       1.00016557       2.00058943       1.00046033             0.05  0.000625026493  0.000624601035  90
     0.0496655856      0.562475767     0.0208986307   -4.4516747e-05       1.00016559       2.00058966       1.00046047             0.05  0.000625026493  0.000624987281  89
     0.0222294939      0.537478941     0.0199295544   -4.0666369e-05       1.00014974       2.00053976       1.00041966             0.05  0.000625026493  0.000625402685  88
     0.0972295021      0.537478816     0.0199295564  -4.06071323e-05       1.00014973       2.00053951       1.00041953             0.05  0.000625026493  0.00062443013  87
     0.0722294757      0.537478616     0.0199295411  -4.07582919e-05       1.00014977       2.00053971       1.00041966             0.05  0.000625026493  0.000624707424  86
     0.0472294847       0.53747874     0.0199295353  -4.08131825e-05       1.00014977       2.00053989       1.00041975             0.05  0.000625026493  0.000625090673  85
     0.0199032927      0.512481577     0.0189677071   -3.7179347e-05       1.00013523       2.00049483       1.00038268             0.05  0.000625026493  0.000625412007  84
     0.0949033006      0.512481453     0.0189677074  -3.71628126e-05       1.00013525       2.00049463        1.0003826             0.05  0.000625026493  0.000624469929  83
     0.0699032771      0.512481274      0.018967695  -3.73213234e-05       1.00013529       2.00049482       1.00038273             0.05  0.000625026493  0.000624756334  82
     0.0449032863      0.512481398     0.0189676929  -3.73381403e-05       1.00013527       2.00049495       1.00038278             0.05  0.000625026493  0.000625125503  81
     0.0176810928      0.487483933     0.0180122664  -3.39278931e-05       1.00012201       2.00045431        1.0003492             0.05  0.000625026493  0.000625400077  80
     0.0926811007      0.487483813     0.0180122672  -3.39288558e-05       1.00012204       2.00045417       1.00034916             0.05  0.000625026493  0.000624503381  79
     0.0676810795      0.487483656     0.0180122556  -3.40832596e-05       1.00012209       2.00045434       1.00034928             0.05  0.000625026493  0.000624777565  78
     0.0426810885      0.487483775     0.0180122551  -3.40829765e-05       1.00012205       2.00045444        1.0003493             0.05  0.000625026493  0.000625127598  77
     0.0155571833      0.462486032     0.0170624989  -3.08927503e-05       1.00011001       2.00041783       1.00031895             0.05  0.000625026493  0.000625383946  76
     0.0905571911      0.462485917     0.0170625007  -3.08999148e-05       1.00011005       2.00041772       1.00031893             0.05  0.000625026493  0.000624534301  75
     0.0655571721       0.46248578     0.0170624868  -3.10463209e-05       1.00011009       2.00041787       1.00031905             0.05  0.000625026493  0.000624794143  74
     0.0405571806      0.462485894     0.0170624858  -3.10399583e-05       1.00011005       2.00041795       1.00031905             0.05  0.000625026493  0.000625125727  73
     0.0135260168      0.437487903     0.0161178297  -2.80482481e-05       1.00009915       2.00038502       1.00029168             0.05  0.000625026493  0.000625367212  72
     0.0885260243      0.437487793     0.0161178318  -2.80569766e-05       1.00009919       2.00038493       1.00029167             0.05  0.000625026493  0.000624564413  71
     0.0635260075      0.437487675     0.0161178185   -2.8194662e-05       1.00009923       2.00038507       1.00029178             0.05  0.000625026493  0.000624809972  70
     0.0385260156      0.437487784     0.0161178173  -2.81866981e-05       1.00009919       2.00038513       1.00029178             0.05  0.000625026493  0.000625123202  69
     0.0115821781       0.41248957     0.0151778067  -2.53819666e-05       1.00008937       2.00035556       1.00026716             0.05  0.000625026493  0.00062534991  68
     0.0865821853      0.412489464     0.0151778093  -2.53907217e-05        1.0000894       2.00035549       1.00026716             0.05  0.000625026493  0.000624593767  67
     0.0615821706      0.412489364     0.0151777977   -2.5519682e-05       1.00008944       2.00035562       1.00026726             0.05  0.000625026493  0.000624825097  66
     0.0365821783      0.412489469     0.0151777963  -2.55116545e-05       1.00008941       2.00035567       1.00026726             0.05  0.000625026493  0.000625120061  65
    0.00972036091      0.387491055       0.01424206  -2.28798529e-05       1.00008058       2.00032916       1.00024518             0.05  0.000625026493  0.000625332079  64
     0.0847203677      0.387490953     0.0142420632  -2.28886038e-05       1.00008061       2.00032911       1.00024518             0.05  0.000625026493  0.000624622415  63
     0.0597203548      0.387490869     0.0142420542   -2.3008947e-05       1.00008065       2.00032923       1.00024527             0.05  0.000625026493  0.000624839566  62
     0.0347203622       0.38749097     0.0142420524  -2.30008818e-05       1.00008062       2.00032928       1.00024527             0.05  0.000625026493  0.000625116345  61
    0.00793534856      0.362492377     0.0133102813  -2.05286225e-05       1.00007272       2.00030558       1.00022553             0.05  0.000625026493  0.000625313756  60
     0.0829353548      0.362492279     0.0133102855  -2.05378828e-05       1.00007274       2.00030554       1.00022552             0.05  0.000625026493  0.000624650407  59
     0.0579353433       0.36249221       0.01331028  -2.06495971e-05       1.00007278       2.00030565       1.00022562             0.05  0.000625026493  0.000624853426  58
     0.0329353505      0.362492308     0.0133102772   -2.0640988e-05       1.00007276        2.0003057       1.00022562             0.05  0.000625026493  0.000625112095  57
    0.00622199847      0.337493556     0.0123822078  -1.83184701e-05       1.00006573       2.00028457       1.00020802             0.05  0.000625026493  0.00062529498  56
     0.0812220039       0.33749346     0.0123822136  -1.83290013e-05       1.00006574       2.00028454       1.00020801             0.05  0.000625026493  0.000624677789  55
     0.0562219934      0.337493406     0.0123822124  -1.84318111e-05       1.00006578       2.00028464        1.0002081             0.05  0.000625026493  0.00062486672  54
     0.0312220004      0.337493501     0.0123822081  -1.84219214e-05       1.00006577       2.00028469       1.00020812             0.05  0.000625026493  0.000625107351  53
    0.00457522919      0.312494608     0.0114576166  -1.62347282e-05       1.00005952       2.00026591       1.00019249             0.05  0.000625026493  0.000625276219  52
     0.0795752336      0.312494514      0.011457623  -1.62488787e-05       1.00005952       2.00026589       1.00019248             0.05  0.000625026493  0.00062470612  51
     0.0545752233      0.312494474     0.0114576225  -1.63413311e-05       1.00005957       2.00026599       1.00019257             0.05  0.000625026493  0.000624880761  50
     0.0295752305      0.312494567     0.0114576186  -1.63278709e-05       1.00005956       2.00026604       1.00019259             0.05  0.000625026493  0.000625103743  49
    0.00299000878      0.287495548     0.0105363122  -1.42684598e-05       1.00005405       2.00024941       1.00017877             0.05  0.000625026493  0.000625258291  48
     0.0779900119      0.287495457     0.0105363168  -1.42935692e-05       1.00005405        2.0002494       1.00017876             0.05  0.000625026493  0.000624742398  47
      0.052990002      0.287495429      0.010536314  -1.43698289e-05       1.00005409        2.0002495       1.00017885             0.05  0.000625026493  0.000624906928  46
     0.0279900093      0.287495519     0.0105363126  -1.43464527e-05        1.0000541       2.00024954       1.00017887             0.05  0.000625026493  0.000625109713  45
    0.00146134484       0.26249639    0.00961807873  -1.24146624e-05       1.00004925       2.00023489        1.0001667             0.05  0.000625026493  0.000625240205  44
      0.076461347      0.262496303    0.00961808951   -1.2455668e-05       1.00004925        2.0002349        1.0001667             0.05  0.000625026493  0.000624797651  43
     0.0514613378      0.262496286     0.0096180799  -1.25099695e-05       1.00004928       2.00023498       1.00016678             0.05  0.000625026493  0.00062495747  42
     0.0264613448      0.262496372    0.00961808602  -1.24728969e-05       1.00004929       2.00023502        1.0001668             0.05  0.000625026493  0.000625135603  41
     0.0999842816      0.237497153    0.00870267069  -1.06403149e-05       1.00004507       2.00022219       1.00015618             0.05  0.000625026493  0.000624777183  40
     0.0749842819      0.237497072    0.00870267988  -1.06813394e-05       1.00004508       2.00022222       1.00015619             0.05  0.000625026493  0.000624862032  39
     0.0499842745      0.237497062    0.00870267004  -1.07259342e-05       1.00004511       2.00022229       1.00015626             0.05  0.000625026493  0.000625020993  38
     0.0249842799      0.237497143    0.00870267716  -1.06884236e-05        1.0000451       2.00022232       1.00015627             0.05  0.000625026493  0.000625167787  37
     0.0985538986      0.212497828    0.00778989371  -8.99465677e-06       1.00004147       2.00021119       1.00014707             0.05  0.000625026493  0.000624804714  36
     0.0735538971      0.212497754    0.00778989247  -9.04384086e-06       1.00004148       2.00021122       1.00014709             0.05  0.000625026493  0.000624911262  35
     0.0485538917      0.212497751    0.00778988857   -9.0673078e-06        1.0000415       2.00021128       1.00014714             0.05  0.000625026493  0.000625060478  34
     0.0235538953      0.212497825     0.0077898905  -9.01889732e-06       1.00004149       2.00021129       1.00014714             0.05  0.000625026493  0.000625182392  33
     0.0971652991      0.187498463    0.00687959361  -7.38117176e-06       1.00003833       2.00020167       1.00013917             0.05  0.000625026493  0.000624831178  32
     0.0721652975      0.187498397    0.00687959262  -7.43251354e-06       1.00003835       2.00020171        1.0001392             0.05  0.000625026493  0.000624935121  31
      0.047165293      0.187498397       0.00687959  -7.44085616e-06       1.00003835       2.00020174       1.00013923             0.05  0.000625026493  0.000625069176  30
     0.0221652956      0.187498463    0.00687959067  -7.38916408e-06       1.00003834       2.00020175       1.00013922             0.05  0.000625026493  0.00062517306  29
     0.0958135963      0.162499041    0.00597156332  -5.81407173e-06        1.0000358        2.0001937       1.00013265             0.05  0.000625026493  0.000624855799  28
     0.0708135944      0.162498985    0.00597156159  -5.86168579e-06       1.00003582       2.00019374        1.0001327             0.05  0.000625026493  0.000624947235  27
     0.0458135905      0.162498986    0.00597155944    -5.863007e-06       1.00003582       2.00019377       1.00013271             0.05  0.000625026493  0.000625063288  26
     0.0208135926      0.162499043    0.00597155975  -5.81495448e-06        1.0000358       2.00019376       1.00013268             0.05  0.000625026493  0.000625153663  25
     0.0944939142      0.137499498    0.00506555286  -4.53611186e-06       1.00003341       2.00018676       1.00012679             0.05  0.000625026493  0.000624879853  24
     0.0694939122      0.137499451    0.00506554966  -4.57754621e-06       1.00003343       2.00018679       1.00012683             0.05  0.000625026493  0.000624957492  23
     0.0444939087      0.137499453    0.00506554696  -4.57595664e-06       1.00003343       2.00018681       1.00012683             0.05  0.000625026493  0.00062505594  22
     0.0194939103        0.1374995    0.00506554852  -4.53399498e-06        1.0000334        2.0001868       1.00012681             0.05  0.000625026493  0.000625132541  21
     0.0932014407      0.112500183    0.00416138168  -2.67348009e-06       1.00003124       2.00018083       1.00012166             0.05  0.000625026493  0.000624903732  20
     0.0682014387      0.112500145    0.00416137833  -2.70796783e-06       1.00003126       2.00018086       1.00012169             0.05  0.000625026493  0.000624967601  19
     0.0432014357      0.112500147    0.00416137551  -2.70556219e-06       1.00003125       2.00018088        1.0001217             0.05  0.000625026493  0.000625048477  18
     0.0182014367      0.112500185     0.0041613771  -2.67066924e-06       1.00003123       2.00018087       1.00012167             0.05  0.000625026493  0.000625111325  17
     0.0919311431     0.0875003075     0.0032585979  -1.94480077e-06         1.000029       2.00017572       1.00011686             0.05  0.000625026493  0.000624927623  16
     0.0669311412     0.0875002772    0.00325859481  -1.97270475e-06       1.00002902       2.00017575        1.0001169             0.05  0.000625026493  0.000624977744  15
     0.0419311389     0.0875002789    0.00325859244  -1.97025043e-06       1.00002902       2.00017576        1.0001169             0.05  0.000625026493  0.000625041079  14
     0.0169311395     0.0875003094    0.00325859377  -1.94187935e-06         1.000029       2.00017575       1.00011687             0.05  0.000625026493  0.000625090191  13
     0.0906783686     0.0625009876    0.00235676038  -2.74418438e-07       1.00001765       2.00016454       1.00009992             0.05  0.000625026493  0.000624957151  12
     0.0656783667     0.0625009648    0.00235675752  -2.95859265e-07       1.00001767       2.00016457       1.00009995             0.05  0.000625026493  0.000624993593  11
      0.040678365     0.0625009662    0.00235675571  -2.93611233e-07       1.00001767       2.00016457       1.00009995             0.05  0.000625026493  0.000625039426  10
      0.015678365     0.0625009892    0.00235675646  -2.71798702e-07       1.00001765       2.00016456       1.00009993             0.05  0.000625026493  0.000625074849  9
     0.0894428245     0.0375016551     0.0014630604   1.84867052e-06      0.999993809       2.00014571       1.00006666             0.05  0.000625026493  0.000624993694  8
     0.0644428223     0.0375016405    0.00146305735   1.83550163e-06      0.999993825       2.00014574        1.0000667             0.05  0.000625026493  0.000625016923  7
     0.0394428194     0.0375016417     0.0014630542   1.83735276e-06      0.999993822       2.00014575       1.00006669             0.05  0.000625026493  0.000625045847  6
     0.0144428187     0.0375016564    0.00146305381   1.85069351e-06      0.999993806       2.00014572       1.00006667             0.05  0.000625026493  0.000625068099  5
     0.0881751172     0.0124995965   0.000521621414  -1.41745668e-06      0.999986042       2.00013474       1.00005341             0.05  0.000625026493  0.000625016845  4
     0.0631751157     0.0124995866   0.000521619083  -1.42644393e-06       0.99998606        2.0001348       1.00005346             0.05  0.000625026493  0.000625028765  3
     0.0381751107     0.0124995874   0.000521614209  -1.42508639e-06      0.999986057        2.0001348       1.00005346             0.05  0.000625026493  0.000625043283  2
     0.0131751107     0.0124995975   0.000521614629  -1.41569225e-06       0.99998604       2.00013474       1.00005341             0.05  0.000625026493  0.000625054439  1
