title='particle position' 
variables=x, y, Ux, Uy, rho, e, p, h=supportlength/2, m, V, ID 
     0.0130742134      0.012501539   0.000468062089   4.82422996e-06      0.999952787       2.00165551        1.0007805            0.025  0.000624463564  0.000624493488  80
     0.0380742134      0.012501539   0.000468062036   4.82419144e-06      0.999952788       2.00165551        1.0007805            0.025  0.000624463564  0.000624492396  79
     0.0142576277     0.0374995862    0.00146134147   5.10174916e-06       1.00002578       2.00178503       1.00091832            0.025  0.000624462723  0.000624448242  78
     0.0392576277     0.0374995861    0.00146134138   5.10168173e-06       1.00002578       2.00178503       1.00091832            0.025  0.000624462723  0.00062444536  77
     0.0154419741     0.0624976751    0.00245472988   5.21577941e-06       1.00002631       2.00178521       1.00091894            0.025  0.000624462775  0.000624449206  76
      0.040441974      0.062497675    0.00245472979   5.21570349e-06       1.00002631       2.00178521       1.00091894            0.025  0.000624462775  0.000624444365  75
     0.0166280413      0.087495715    0.00344817895   5.43432898e-06       1.00002558       2.00178619        1.0009187            0.025  0.000624465382  0.000624452244  74
     0.0416280413      0.087495715    0.00344817885   5.43425232e-06       1.00002558       2.00178618       1.00091869            0.025  0.000624465382  0.000624445443  73
     0.0178164536      0.112493958    0.00444174745   5.43326995e-06       1.00002555       2.00179629       1.00092371            0.025  0.000624464223  0.000624452084  72
     0.0428164535      0.112493958    0.00444174735   5.43319118e-06       1.00002555       2.00179628       1.00092371            0.025  0.000624464223  0.000624443323  71
     0.0190078026      0.137491895     0.0054354222   5.63318085e-06       1.00002669       2.00179535       1.00092439            0.025  0.000624459298  0.000624448833  70
     0.0440078026      0.137491895     0.0054354221   5.63310326e-06       1.00002669       2.00179534       1.00092439            0.025  0.000624459298  0.000624438111  69
     0.0202028131      0.162489788    0.00642926445   5.72560091e-06        1.0000262       2.00180635        1.0009294            0.025  0.000624459457  0.000624449475  68
     0.0452028131      0.162489788    0.00642926435    5.7255248e-06        1.0000262       2.00180634       1.00092939            0.025  0.000624459457  0.000624436794  67
     0.0214021953      0.187487681    0.00742330361   5.80880209e-06       1.00002714       2.00181431       1.00093432            0.025  0.000624459646  0.000624452071  66
     0.0464021952      0.187487681    0.00742330351   5.80874313e-06       1.00002714       2.00181429       1.00093431            0.025  0.000624459646  0.000624437429  65
     0.0226066565       0.21248568    0.00841756626   6.10664897e-06       1.00002276       2.00182824        1.0009369            0.025  0.000624472498  0.000624463622  64
     0.0476066564       0.21248568     0.0084175663   6.10672312e-06       1.00002276       2.00182823       1.00093689            0.025  0.000624472498  0.000624447019  63
     0.0238167374      0.237484385    0.00941214793   5.74047998e-06        1.0000171       2.00183973       1.00093698            0.025  0.000624466496  0.000624460772  62
     0.0488167374      0.237484385    0.00941214925   5.74107027e-06        1.0000171       2.00183971       1.00093697            0.025  0.000624466496  0.000624445218  61
     0.0250331998      0.262482318      0.010406964   5.85616194e-06       1.00001945       2.00184757       1.00094326            0.025  0.000624454129  0.000624436801  60
   3.31999242e-05      0.262482318     0.0104069653   5.85681067e-06       1.00001945       2.00184755       1.00094325            0.025  0.000624454129  0.000624454607  59
      0.026256584      0.287480137      0.011402108   5.70822511e-06       1.00001964       2.00185815       1.00094873            0.025  0.000624454431  0.000624432976  58
    0.00125658432      0.287480137      0.011402108   5.70843318e-06       1.00001964       2.00185814       1.00094872            0.025  0.000624454431  0.000624455467  57
     0.0274877957      0.312478051      0.012397612   5.73879708e-06       1.00001647       2.00187185       1.00095241            0.025  0.000624467403  0.000624442921  56
    0.00248779593      0.312478051     0.0123976119   5.73889524e-06       1.00001647       2.00187186       1.00095241            0.025  0.000624467403  0.000624467375  55
     0.0287273753      0.337476697     0.0133935663   5.15833353e-06       1.00001622       2.00189206       1.00096227            0.025  0.000624467764  0.000624442453  54
     0.0037273755      0.337476697      0.013393566   5.15845518e-06       1.00001622       2.00189208       1.00096228            0.025  0.000624467764  0.000624468871  53
     0.0299758803      0.362474611     0.0143898803   5.14309161e-06       1.00001911       2.00190901       1.00097363            0.025  0.000624455528  0.000624431452  52
    0.00497588163      0.362474611     0.0143898828   5.14268539e-06       1.00001913       2.00190904       1.00097367            0.025  0.000624455516  0.000624459822  51
      0.031234258      0.387472418     0.0153866651   4.87518051e-06       1.00001784       2.00192985       1.00098279            0.025  0.000624455943  0.000624430695  50
     0.0062342414      0.387472419     0.0153866733   4.87605925e-06       1.00001782       2.00192988       1.00098277            0.025  0.000624455961  0.000624461062  49
     0.0325029117      0.412470303     0.0163839396   4.73995518e-06        1.0000089       2.00195478        1.0009863            0.025  0.000624462813  0.000624440114  48
    0.00750293765      0.412470303     0.0163839292     4.738518e-06       1.00000892       2.00195482       1.00098634            0.025  0.000624462801  0.000624472417  47
     0.0337827727      0.437468881     0.0173817729   3.90006374e-06       1.00000894       2.00197378       1.00099583            0.025  0.000624463298  0.000624440622  46
    0.00878273828      0.437468882     0.0173817878   3.90209075e-06       1.00000893       2.00197381       1.00099584            0.025  0.00062446331  0.000624474918  45
     0.0350742161      0.462466829      0.018380124   3.84005939e-06       1.00000843        2.0020039       1.00101039            0.025  0.000624463812  0.000624440485  44
     0.0100742534      0.462466829     0.0183800948    3.8399782e-06       1.00000837       2.00200393       1.00101034            0.025  0.000624463861  0.000624476788  43
     0.0363781957      0.487465417     0.0193791108   2.96055081e-06       1.00000681        2.0020346       1.00102412            0.025  0.00062446442  0.000624440095  42
      0.011378222      0.487465417     0.0193790802   2.96198922e-06       1.00000685       2.00203465       1.00102418            0.025  0.000624464395  0.000624478292  41
     0.0376952643      0.512463345     0.0203786386   2.79148176e-06       1.00000179       2.00206388       1.00103373            0.025  0.000624458775  0.000624440615  40
     0.0126952676      0.512463346     0.0203786249   2.79319132e-06       1.00000179       2.00206392       1.00103375            0.025  0.000624458769  0.000624480804  39
     0.0390260978      0.537461986     0.0213788846   1.95084006e-06      0.999994719       2.00210045       1.00104494            0.025  0.000624472074  0.000624449305  38
     0.0140261219      0.537461986     0.0213788704   1.95012786e-06      0.999994753        2.0021005         1.001045            0.025  0.000624472042  0.00062449144  37
     0.0403714723      0.562460608     0.0223797974   1.02895471e-06      0.999992493       2.00213618       1.00106058            0.025  0.000624453885  0.000624439541  36
     0.0153714425      0.562460608     0.0223798216   1.02909393e-06      0.999992544       2.00213623       1.00106065            0.025  0.000624453846  0.000624483642  35
     0.0417318883      0.587458478     0.0233813855   6.14214421e-07       0.99998927       2.00217693       1.00107772            0.025  0.000624454573  0.000624439301  34
     0.0167318666      0.587458478     0.0233814048   6.14092439e-07      0.999989209       2.00217697       1.00107768            0.025  0.000624454619  0.000624485463  33
     0.0431081071      0.612457083     0.0243837945  -4.23847084e-07       0.99997846       2.00223092       1.00109389            0.025  0.000624461754  0.0006244498  32
     0.0181081312      0.612457083     0.0243837799  -4.24485796e-07      0.999978438       2.00223097        1.0010939            0.025  0.000624461774  0.000624497912  31
      0.044500894      0.637455777     0.0253869503  -1.31312662e-06      0.999975143       2.00227767       1.00111395            0.025  0.000624460099  0.000624452243  30
     0.0195008923      0.637455777     0.0253869468   -1.3122367e-06      0.999975171       2.00227773       1.00111401            0.025  0.000624460079  0.000624502292  29
     0.0459108709      0.662454563      0.026390911  -2.04431515e-06      0.999964617        2.0023319       1.00113052            0.025  0.000624468597  0.000624462707  28
      0.020910871      0.662454563     0.0263909114  -2.04433623e-06      0.999964614       2.00233195       1.00113055            0.025  0.000624468597  0.000624514759  27
     0.0473386787       0.68745407      0.027395771  -3.43105192e-06      0.999957238        2.0023906       1.00115249            0.025  0.000624464518  0.00062446406  26
     0.0223386788       0.68745407     0.0273957707  -3.43141007e-06      0.999957239       2.00239066       1.00115252            0.025  0.000624464518  0.000624518092  25
     0.0487850736      0.712452943     0.0284014504  -4.06315816e-06      0.999947932        2.0024591       1.00117742            0.025  0.000624459242  0.000624464482  24
     0.0237850736      0.712452943     0.0284014464  -4.06528701e-06      0.999947934       2.00245916       1.00117745            0.025  0.000624459242  0.000624512171  23
   0.000250722815      0.737452549     0.0294080829  -5.32968128e-06      0.999932426       2.00253311       1.00119889            0.025  0.000624465404  0.000624535547  22
     0.0252507226      0.737452549      0.029408079   -5.3319035e-06      0.999932428       2.00253317       1.00119893            0.025  0.000624465404  0.000624485581  21
    0.00173630647      0.762452249     0.0304156326  -6.44122606e-06       0.99992049       2.00260967       1.00122522            0.025  0.000624457734  0.00062453935  20
     0.0267363061      0.762452249     0.0304156324  -6.44182104e-06      0.999920491       2.00260971       1.00122524            0.025  0.000624457734  0.000624479363  19
    0.00324243391       0.78745205     0.0314241453  -7.37908857e-06      0.999902078        2.0027011        1.0012525            0.025  0.00062446213  0.000624553932  18
     0.0282424335       0.78745205     0.0314241456   -7.3792828e-06      0.999902079       2.00270113       1.00125251            0.025  0.00062446213  0.000624491956  17
    0.00476994435      0.812452707     0.0324337061  -8.68420244e-06      0.999880701        2.0028099       1.00128549            0.025  0.000624464088  0.000624570239  16
      0.029769944      0.812452706     0.0324337064  -8.68437589e-06      0.999880701       2.00280992       1.00128549            0.025  0.000624464088  0.000624506272  15
    0.00631941664      0.837453595     0.0334442742  -9.53397519e-06      0.999855004       2.00292858       1.00131908            0.025  0.000624463605  0.000624586707  14
     0.0313194163      0.837453595     0.0334442745  -9.53411769e-06      0.999855004       2.00292858       1.00131908            0.025  0.000624463605  0.000624520746  13
     0.0078915923      0.862455345     0.0344559441  -1.07288621e-05      0.999824584       2.00306466       1.00135665            0.025  0.000624460063  0.000624604878  12
      0.032891592      0.862455345     0.0344559443  -1.07290451e-05      0.999824584       2.00306465       1.00135664            0.025  0.000624460063  0.000624536922  11
    0.00948714662      0.887457457     0.0354686715  -1.11860376e-05      0.999781927       2.00323315       1.00139815            0.025  0.000624464218  0.000624634275  10
     0.0344871463      0.887457456     0.0354686717  -1.11861776e-05      0.999781927       2.00323311       1.00139813            0.025  0.000624464218  0.000624564319  9
     0.0111068453      0.912461313     0.0364826044  -1.22419932e-05      0.999727542       2.00343676       1.00144546            0.025  0.000624460943  0.000624666797  8
      0.036106845      0.912461312     0.0364826046  -1.22421877e-05      0.999727541       2.00343671       1.00144543            0.025  0.000624460943  0.00062459484  7
     0.0127512292       0.93746577      0.037497617  -1.20157334e-05      0.999645786       2.00369536       1.00149281            0.025  0.000624455372  0.000624715166  6
     0.0377512292       0.93746577     0.0374976179  -1.20160408e-05      0.999645792       2.00369529       1.00149278            0.025  0.000624455368  0.0006246412  5
     0.0144211731      0.962473221     0.0385138597  -1.18067384e-05      0.999484015       2.00408384       1.00152488            0.025  0.000624459129  0.000624820428  4
     0.0394211677      0.962473222     0.0385138598  -1.18057602e-05      0.999483982       2.00408375       1.00152481            0.025  0.000624459155  0.000624744476  3
     0.0161170997      0.987485775     0.0395312373  -9.10840534e-06      0.999123874       2.00497351       1.00160845            0.025  0.000624468328  0.000625046168  2
     0.0411171214      0.987485775     0.0395312185  -9.10762769e-06      0.999123872       2.00497344       1.00160841            0.025  0.000624468333  0.000624981172  1
