title='particle position' 
variables=x, y, Ux, Uy, rho, e, p, h=supportlength/2, m, V, ID 
     0.0150869377      0.987492279     0.0395151896   -9.8904614e-06      0.999480398       2.00432802       1.00164328            0.025  0.000624461818  0.000624818477  80
     0.0400869379      0.987492279     0.0395151907  -9.88997845e-06      0.999480399       2.00432831       1.00164343            0.025  0.000624461818  0.000624753497  79
     0.0140611044      0.962483039     0.0384962658  -1.90291219e-05      0.999660823       2.00319509       1.00125782            0.025  0.000624461818  0.000624711747  78
     0.0390611045      0.962483039     0.0384962661  -1.90291946e-05      0.999660822       2.00319533       1.00125794            0.025  0.000624461818  0.000624635743  77
     0.0130604763      0.937477471     0.0374786633  -2.46203409e-05      0.999771143       2.00276123       1.00115144            0.025  0.000624461818  0.000624641804  76
     0.0380604764      0.937477471     0.0374786631   -2.4620572e-05      0.999771142       2.00276141       1.00115153            0.025  0.000624461818  0.000624567815  75
     0.0120845264      0.912473591     0.0364622938   -2.8523739e-05      0.999828736       2.00246946       1.00106325            0.025  0.000624461818  0.000624604816  74
     0.0370845264      0.912473591     0.0364622936  -2.85239445e-05      0.999828736        2.0024696       1.00106333            0.025  0.000624461818  0.000624532837  73
     0.0111325809       0.88747078     0.0354471489  -3.13783718e-05      0.999867601       2.00225067       1.00099279            0.025  0.000624461818  0.000624579534  72
     0.0361325809       0.88747078     0.0354471488  -3.13785446e-05      0.999867601       2.00225079       1.00099285            0.025  0.000624461818  0.00062450956  71
     0.0102039622      0.862468736     0.0344332078  -3.34836025e-05      0.999896587       2.00207611       1.00093453            0.025  0.000624461818  0.000624560426  70
     0.0352039622      0.862468736     0.0344332076  -3.34837515e-05      0.999896587       2.00207621       1.00093458            0.025  0.000624461818  0.000624492454  69
    0.00929799444      0.837467277     0.0334204483  -3.50159046e-05      0.999919338       2.00193131       1.00088491            0.025  0.000624461818  0.000624545214  68
     0.0342979944      0.837467277     0.0334204481  -3.50160367e-05      0.999919338        2.0019314       1.00088496            0.025  0.000624461818  0.000624479242  67
     0.0084140034       0.81246628     0.0324088484  -3.60919294e-05      0.999937773       2.00180804       1.00084173            0.025  0.000624461818  0.0006245327  66
     0.0334140034       0.81246628     0.0324088482  -3.60920488e-05      0.999937773       2.00180812       1.00084178            0.025  0.000624461818  0.000624468726  65
    0.00755131645      0.787465659     0.0313983856  -3.67942998e-05      0.999953039       2.00170116       1.00080358            0.025  0.000624461818  0.000624522167  64
     0.0325513164      0.787465659     0.0313983855   -3.6794409e-05      0.999953039       2.00170124       1.00080362            0.025  0.000624461818  0.000624460187  63
    0.00670926248      0.762465347     0.0303890374  -3.71843916e-05      0.999965881       2.00160725       1.00076948            0.025  0.000624461818  0.000624513149  62
     0.0317092625      0.762465347     0.0303890373  -3.71844926e-05      0.999965881       2.00160732       1.00076951            0.025  0.000624461818  0.000624453162  61
    0.00588717187      0.737465295     0.0293807807    -3.730944e-05      0.999976812       2.00152391       1.00073875            0.025  0.000624461818  0.000624505326  60
     0.0308871718      0.737465295     0.0293807805  -3.73095339e-05      0.999976812       2.00152398       1.00073878            0.025  0.000624461818  0.000624447329  59
    0.00508437635      0.712465463     0.0283735916  -3.72068147e-05      0.999986202       2.00144939       1.00071089            0.025  0.000624461818  0.000624498467  58
     0.0300843763      0.712465463     0.0283735915  -3.72069026e-05      0.999986202       2.00144946       1.00071092            0.025  0.000624461818  0.000624442458  57
    0.00430020898      0.687465817     0.0273674459  -3.69067489e-05      0.999994323       2.00138237       1.00068551            0.025  0.000624461818  0.000624492401  56
     0.0293002089      0.687465817     0.0273674458  -3.69068316e-05      0.999994323       2.00138244       1.00068554            0.025  0.000624461818  0.000624438379  55
    0.00353400411      0.662466331     0.0263623184  -3.64341591e-05       1.00000139       2.00132183        1.0006623            0.025  0.000624461818  0.000624486998  54
      0.028534004      0.662466331     0.0263623183  -3.64342376e-05       1.00000139        2.0013219       1.00066234            0.025  0.000624461818  0.000624434959  53
    0.00278509731      0.637466982     0.0253581832  -3.58099039e-05       1.00000755       2.00126696       1.00064104            0.025  0.000624461818  0.000624482154  52
     0.0277850972      0.637466982     0.0253581831   -3.5809981e-05       1.00000755       2.00126703       1.00064107            0.025  0.000624461818  0.000624432098  51
    0.00205282534      0.612467752     0.0243550136  -3.50516748e-05       1.00001296       2.00121711       1.00062152            0.025  0.000624461818  0.000624477789  50
     0.0270528253      0.612467752     0.0243550135  -3.50517689e-05       1.00001296       2.00121717       1.00062155            0.025  0.000624461818  0.000624429712  49
    0.00133652612      0.587468625      0.023352782  -3.41746143e-05        1.0000177       2.00117172       1.00060357            0.025  0.000624461818  0.000624473836  48
      0.026336526      0.587468625     0.0233527816  -3.41748451e-05        1.0000177       2.00117179       1.00060361            0.025  0.000624461818  0.000624427738  47
    0.00063553862      0.562469587     0.0223514667  -3.31917567e-05       1.00002188       2.00113037       1.00058707            0.025  0.000624461818  0.000624470609  46
     0.0256355386      0.562469587     0.0223514636   -3.3192534e-05       1.00002188       2.00113044       1.00058711            0.025  0.000624461818  0.000624433002  45
     0.0499492027      0.537470625     0.0213510236  -3.21151159e-05       1.00002555       2.00109265       1.00057189            0.025  0.000624461818  0.000624424426  44
     0.0249492028      0.537470625     0.0213510205  -3.21158388e-05       1.00002555       2.00109272       1.00057193            0.025  0.000624461818  0.000624459751  43
     0.0492768598      0.512471731     0.0203514224  -3.09548176e-05       1.00002879       2.00105826       1.00055793            0.025  0.000624461818  0.000624423775  42
     0.0242768599      0.512471731     0.0203514221  -3.09549409e-05       1.00002879       2.00105832       1.00055796            0.025  0.000624461818  0.000624463949  41
     0.0486178521      0.487472895      0.019352646  -2.97193831e-05       1.00003164       2.00102689        1.0005451            0.025  0.000624461818  0.00062442298  40
     0.0236178522      0.487472895     0.0193526461  -2.97193572e-05       1.00003164       2.00102695       1.00054513            0.025  0.000624461818  0.000624461182  39
     0.0479715224      0.462474109     0.0183546548  -2.84169929e-05       1.00003415       2.00099831       1.00053332            0.025  0.000624461818  0.000624422396  38
     0.0229715225      0.462474109     0.0183546548  -2.84169465e-05       1.00003415       2.00099836       1.00053335            0.025  0.000624461818  0.000624458629  37
     0.0473372147      0.437475366     0.0173574148  -2.70548923e-05       1.00003636       2.00097228       1.00052252            0.025  0.000624461818  0.000624422001  36
     0.0223372148      0.437475366     0.0173574149  -2.70548448e-05       1.00003636       2.00097234       1.00052254            0.025  0.000624461818  0.000624456265  35
     0.0467142737       0.41247666     0.0163608916  -2.56395524e-05        1.0000383       2.00094863       1.00051263            0.025  0.000624461818  0.000624421773  34
     0.0217142738       0.41247666     0.0163608916  -2.56395064e-05        1.0000383       2.00094868       1.00051265            0.025  0.000624461818  0.00062445407  33
     0.0461020449      0.387477987     0.0153650494  -2.41767993e-05          1.00004       2.00092716        1.0005036            0.025  0.000624461818  0.000624421693  32
      0.021102045      0.387477987     0.0153650494   -2.4176755e-05          1.00004       2.00092721       1.00050362            0.025  0.000624461818  0.000624452024  31
     0.0454998749      0.362479341     0.0143698517  -2.26718945e-05       1.00004149       2.00090773       1.00049537            0.025  0.000624461818  0.000624421745  30
      0.020499875      0.362479341     0.0143698517  -2.26718519e-05       1.00004149       2.00090777       1.00049539            0.025  0.000624461818  0.000624450112  29
     0.0449071105      0.337480719     0.0133752609  -2.11295976e-05       1.00004279       2.00089019        1.0004879            0.025  0.000624461818  0.000624421915  28
     0.0199071106      0.337480719      0.013375261  -2.11295566e-05       1.00004279       2.00089023       1.00048792            0.025  0.000624461818  0.000624448318  27
     0.0443230997      0.312482117     0.0123812386  -1.95542188e-05       1.00004392       2.00087442       1.00048114            0.025  0.000624461818  0.000624422189  26
     0.0193230998      0.312482117     0.0123812386  -1.95541792e-05       1.00004392       2.00087445       1.00048116            0.025  0.000624461818  0.000624446631  25
     0.0437471908      0.287483532     0.0113877453  -1.79496639e-05        1.0000449       2.00086029       1.00047506            0.025  0.000624461818  0.000624422557  24
     0.0187471909      0.287483532     0.0113877454  -1.79496256e-05        1.0000449       2.00086032       1.00047508            0.025  0.000624461818  0.000624445037  23
     0.0431787328      0.262484961     0.0103947409  -1.63194738e-05       1.00004574       2.00084769       1.00046961            0.025  0.000624461818  0.000624423008  22
     0.0181787329      0.262484961     0.0103947409  -1.63194367e-05       1.00004574       2.00084772       1.00046962            0.025  0.000624461818  0.000624443528  21
     0.0426170752      0.237486403    0.00940218428  -1.46668607e-05       1.00004647       2.00083655       1.00046477            0.025  0.000624461818  0.000624423533  20
     0.0176170753      0.237486403    0.00940218436  -1.46668246e-05       1.00004647       2.00083657       1.00046478            0.025  0.000624461818  0.000624442093  19
     0.0420615681      0.212487854    0.00841003376  -1.29947401e-05       1.00004709       2.00082676       1.00046049            0.025  0.000624461818  0.000624424124  18
     0.0170615682      0.212487854    0.00841003384   -1.2994705e-05       1.00004709       2.00082678        1.0004605            0.025  0.000624461818  0.000624440726  17
      0.041511562      0.187489314    0.00741824685  -1.13057617e-05       1.00004762       2.00081826       1.00045677            0.025  0.000624461818  0.000624424773  16
     0.0165115621      0.187489314    0.00741824693  -1.13057274e-05       1.00004762       2.00081828       1.00045678            0.025  0.000624461818  0.000624439417  15
     0.0409664078       0.16249078    0.00642678045  -9.60233864e-06       1.00004806       2.00081097       1.00045357            0.025  0.000624461818  0.000624425476  14
     0.0159664078       0.16249078    0.00642678053  -9.60230513e-06       1.00004806       2.00081098       1.00045357            0.025  0.000624461818  0.000624438162  13
     0.0404254566      0.137492252    0.00543559091  -7.88667565e-06       1.00004843       2.00080483       1.00045087            0.025  0.000624461818  0.000624426225  12
     0.0154254567      0.137492252    0.00543559099  -7.88664278e-06       1.00004843       2.00080485       1.00045087            0.025  0.000624461818  0.000624436955  11
     0.0398880602      0.112493728    0.00444463408  -6.16079689e-06       1.00004873       2.00079981       1.00044865            0.025  0.000624461818  0.000624427017  10
     0.0148880603      0.112493728    0.00444463416  -6.16076455e-06       1.00004873       2.00079982       1.00044866            0.025  0.000624461818  0.000624435791  9
     0.0393535703     0.0874952085    0.00345386536  -4.42657355e-06       1.00004896       2.00079585        1.0004469            0.025  0.000624461818  0.000624427848  8
     0.0143535703     0.0874952085    0.00345386544  -4.42654171e-06       1.00004896       2.00079585       1.00044691            0.025  0.000624461818  0.000624434666  7
     0.0388213389     0.0624966913    0.00246323982  -2.68575079e-06       1.00004914       2.00079292       1.00044562            0.025  0.000624461818  0.000624428715  6
     0.0138213389     0.0624966913    0.00246323991  -2.68571978e-06       1.00004914       2.00079292       1.00044562            0.025  0.000624461818  0.000624433577  5
     0.0382907182     0.0374981762    0.00147271225  -9.39950119e-07       1.00004927         2.000791       1.00044479            0.025  0.000624461818  0.000624429611  4
     0.0132907183     0.0374981762    0.00147271234  -9.39922471e-07       1.00004927         2.000791       1.00044479            0.025  0.000624461818  0.000624432518  3
     0.0377610624     0.0124996629   0.000482248302   8.07562338e-07       1.00003831       2.00076828       1.00042247            0.025  0.000624461818  0.000624437345  2
     0.0127610625     0.0124996629   0.000482248341   8.07579285e-07       1.00003831       2.00076829       1.00042247            0.025  0.000624461818  0.000624438461  1
