title='particle position' 
variables=x, y, Ux, Uy, rho, e, p, h=supportlength/2, m, V, ID 
   0.000816309914      0.987496131     0.0394717015  -1.15568351e-05      0.999734702       2.00399668       1.00173251            0.025  0.000624461818  0.000624659685  80
     0.0258163097      0.987496131     0.0394717021  -1.15568388e-05      0.999734702       2.00399705        1.0017327            0.025  0.000624461818  0.000624594801  79
    0.00016486258      0.962491163     0.0383837417  -2.61078679e-05      0.999825739       2.00275161       1.00120131            0.025  0.000624461818  0.000624609207  78
     0.0251648626      0.962491163     0.0383837363  -2.61096471e-05       0.99982574       2.00275194       1.00120147            0.025  0.000624461818  0.000624544829  77
     0.0495380837      0.937488299     0.0372977268  -3.54246898e-05      0.999888579       2.00227193       1.00102442            0.025  0.000624461818  0.000624493998  76
      0.024538084      0.937488299     0.0372977208  -3.54262211e-05      0.999888579       2.00227219       1.00102455            0.025  0.000624461818  0.000624555896  75
     0.0489354394      0.912486379     0.0362140012  -4.22681289e-05      0.999920777       2.00195656       1.00089898            0.025  0.000624461818  0.000624475573  74
     0.0239354398      0.912486379     0.0362140004  -4.22683326e-05      0.999920777       2.00195677       1.00089908            0.025  0.000624461818  0.000624547088  73
     0.0483562215      0.887485052     0.0351329962  -4.75070007e-05       0.99994233       2.00172236       1.00080346            0.025  0.000624461818  0.000624463177  72
     0.0233562218      0.887485052     0.0351329961  -4.75069126e-05       0.99994233       2.00172254       1.00080355            0.025  0.000624461818  0.000624532556  71
     0.0477997225      0.862484146     0.0340550859  -5.15628419e-05      0.999958173       2.00153667       1.00072648            0.025  0.000624461818  0.000624454344  70
     0.0227997228      0.862484146     0.0340550858   -5.1562726e-05      0.999958173       2.00153682       1.00072655            0.025  0.000624461818  0.000624521594  69
     0.0472652383      0.837483554     0.0329806455  -5.46893143e-05      0.999970384       2.00138344       1.00066208            0.025  0.000624461818  0.000624447777  68
     0.0222652386      0.837483554     0.0329806454  -5.46892057e-05      0.999970384       2.00138357       1.00066215            0.025  0.000624461818  0.000624512905  67
     0.0467520674      0.812483207      0.031910036  -5.70568707e-05      0.999980067        2.0012536       1.00060686            0.025  0.000624461818  0.000624442784  66
     0.0217520676      0.812483207      0.031910036  -5.70567721e-05      0.999980067       2.00125372       1.00060691            0.025  0.000624461818  0.000624505798  65
     0.0462595116      0.787483053     0.0308436023  -5.87882825e-05      0.999987892       2.00114155       1.00055866            0.025  0.000624461818  0.000624438948  64
     0.0212595118      0.787483053     0.0308436022  -5.87881929e-05      0.999987892       2.00114165       1.00055871            0.025  0.000624461818  0.000624499857  63
     0.0457868761      0.762483054     0.0297816696  -5.99763855e-05      0.999994296       2.00104354       1.00051606            0.025  0.000624461818  0.000624435996  62
     0.0207868763      0.762483054     0.0297816696  -5.99763038e-05      0.999994296       2.00104363       1.00051611            0.025  0.000624461818  0.000624494807  61
     0.0453334696      0.737483181     0.0287245423  -6.06939828e-05      0.999999582       2.00095696       1.00047806            0.025  0.000624461818  0.000624433737  60
     0.0203334698      0.737483181     0.0287245423  -6.06939082e-05      0.999999582       2.00095704        1.0004781            0.025  0.000624461818  0.000624490461  59
     0.0448986046      0.712483411     0.0276725008  -6.09998165e-05       1.00000397       2.00087989       1.00044392            0.025  0.000624461818  0.000624432034  58
     0.0198986047      0.712483411     0.0276725009  -6.09997481e-05       1.00000397       2.00087996       1.00044395            0.025  0.000624461818  0.00062448668  57
     0.0444815972      0.687483724     0.0266258005  -6.09423807e-05       1.00000763       2.00081091       1.00041309            0.025  0.000624461818  0.000624430782  56
     0.0194815974      0.687483724     0.0266258006  -6.09423181e-05       1.00000763       2.00081097       1.00041311            0.025  0.000624461818  0.000624483362  55
     0.0440817677      0.662484107     0.0255846692  -6.05624694e-05       1.00001068       2.00074889       1.00038513            0.025  0.000624461818  0.000624429904  54
     0.0190817678      0.662484107     0.0255846692   -6.0562412e-05       1.00001068       2.00074895       1.00038515            0.025  0.000624461818  0.000624480427  53
     0.0436984404      0.637484545     0.0245493059  -5.98949385e-05       1.00001322       2.00069296       1.00035971            0.025  0.000624461818  0.000624429335  52
     0.0186984405      0.637484545     0.0245493059   -5.9894886e-05       1.00001322       2.00069301       1.00035973            0.025  0.000624461818  0.000624477814  51
     0.0433309437       0.61248503     0.0235198792   -5.8969962e-05       1.00001535       2.00064239       1.00033655            0.025  0.000624461818  0.000624429025  50
     0.0183309439       0.61248503     0.0235198793  -5.89699139e-05       1.00001535       2.00064243       1.00033657            0.025  0.000624461818  0.000624475472  49
     0.0429786106      0.587485551     0.0224965264  -5.78139491e-05       1.00001711        2.0005966       1.00031542            0.025  0.000624461818  0.000624428933  48
     0.0179786107      0.587485551     0.0224965265  -5.78139051e-05       1.00001711       2.00059664       1.00031543            0.025  0.000624461818  0.000624473359  47
      0.042640778      0.562486103     0.0214793518  -5.64502276e-05       1.00001857        2.0005551       1.00029612            0.025  0.000624461818  0.000624429026  46
     0.0176407781      0.562486103     0.0214793519  -5.64501874e-05       1.00001857       2.00055513       1.00029614            0.025  0.000624461818  0.000624471443  45
     0.0423167876      0.537486678     0.0204684265  -5.48995629e-05       1.00001977       2.00051746        1.0002785            0.025  0.000624461818  0.000624429275  44
     0.0173167877      0.537486678     0.0204684266  -5.48995262e-05       1.00001977       2.00051749       1.00027851            0.025  0.000624461818  0.000624469696  43
     0.0420059852      0.512487272     0.0194637873  -5.31805579e-05       1.00002074       2.00048332       1.00026241            0.025  0.000624461818  0.000624429655  42
     0.0170059853      0.512487272     0.0194637874  -5.31805245e-05       1.00002074       2.00048335       1.00026242            0.025  0.000624461818  0.000624468092  41
     0.0417077213       0.48748788     0.0184654366  -5.13099662e-05       1.00002153       2.00045237       1.00024772            0.025  0.000624461818  0.000624430147  40
     0.0167077214       0.48748788     0.0184654367  -5.13099357e-05       1.00002153        2.0004524       1.00024774            0.025  0.000624461818  0.000624466613  39
     0.0414213505        0.4624885     0.0174733419    -4.930294e-05       1.00002216       2.00042434       1.00023434            0.025  0.000624461818  0.000624430733  38
     0.0164213506        0.4624885      0.017473342  -4.93029124e-05       1.00002216       2.00042436       1.00023435            0.025  0.000624461818  0.000624465239  37
     0.0411462321      0.437489126     0.0164874361  -4.71732304e-05       1.00002265       2.00039897       1.00022215            0.025  0.000624461818  0.000624431397  36
     0.0161462322      0.437489126     0.0164874362  -4.71732054e-05       1.00002265       2.00039899       1.00022215            0.025  0.000624461818  0.000624463957  35
     0.0408817294      0.412489758     0.0155076174  -4.49333497e-05       1.00002303       2.00037605       1.00021106            0.025  0.000624461818  0.000624432128  34
     0.0158817294      0.412489758     0.0155076175   -4.4933327e-05       1.00002303       2.00037607       1.00021107            0.025  0.000624461818  0.000624462753  33
       0.04062721      0.387490393     0.0145337499  -4.25947058e-05       1.00002331       2.00035539       1.00020101            0.025  0.000624461818  0.000624432913  32
     0.0156272101      0.387490393       0.01453375  -4.25946852e-05       1.00002331        2.0003554       1.00020102            0.025  0.000624461818  0.000624461615  31
     0.0403820457       0.36249103     0.0135656643  -4.01677155e-05       1.00002352        2.0003368       1.00019192            0.025  0.000624461818  0.000624433743  30
     0.0153820457       0.36249103     0.0135656644  -4.01676969e-05       1.00002352       2.00033681       1.00019192            0.025  0.000624461818  0.000624460533  29
     0.0401456121      0.337491666     0.0126031586  -3.76619007e-05       1.00002365       2.00032012       1.00018372            0.025  0.000624461818  0.000624434609  28
     0.0151456122      0.337491666     0.0126031587  -3.76618838e-05       1.00002365       2.00032013       1.00018372            0.025  0.000624461818  0.000624459498  27
     0.0399172889      0.312492302     0.0116459993   -3.5085972e-05       1.00002373       2.00030522       1.00017634            0.025  0.000624461818  0.000624435503  26
      0.014917289      0.312492302     0.0116459994  -3.50859568e-05       1.00002373       2.00030523       1.00017635            0.025  0.000624461818  0.000624458502  25
     0.0396964592      0.287492935     0.0106939223  -3.24479032e-05       1.00002377       2.00029195       1.00016975            0.025  0.000624461818  0.000624436419  24
     0.0146964592      0.287492935     0.0106939224  -3.24478894e-05       1.00002377       2.00029196       1.00016975            0.025  0.000624461818  0.000624457538  23
     0.0394825096      0.262493566    0.00974663489  -2.97549975e-05       1.00002377       2.00028019       1.00016387            0.025  0.000624461818  0.000624437351  22
     0.0144825097      0.262493566    0.00974663501  -2.97549851e-05       1.00002377        2.0002802       1.00016388            0.025  0.000624461818  0.000624456599  21
     0.0392748301      0.237494195    0.00880381687    -2.701395e-05       1.00002375       2.00026985       1.00015868            0.025  0.000624461818  0.000624438294  20
     0.0142748302      0.237494195    0.00880381699  -2.70139387e-05       1.00002375       2.00026986       1.00015868            0.025  0.000624461818  0.00062445568  19
     0.0390728138       0.21249482    0.00786512252  -2.42309047e-05       1.00002372       2.00026082       1.00015413            0.025  0.000624461818  0.000624439244  18
     0.0140728138       0.21249482    0.00786512263  -2.42308944e-05       1.00002372       2.00026082       1.00015413            0.025  0.000624461818  0.000624454777  17
     0.0388758562      0.187495443    0.00693018251  -2.14115098e-05       1.00002367       2.00025301       1.00015017            0.025  0.000624461818  0.000624440197  16
     0.0138758562      0.187495443    0.00693018262  -2.14115004e-05       1.00002367       2.00025301       1.00015018            0.025  0.000624461818  0.000624453883  15
     0.0386833559      0.162496062    0.00599860599  -1.85609714e-05       1.00002361       2.00024634       1.00014679            0.025  0.000624461818  0.00062444115  14
     0.0136833559      0.162496062     0.0059986061  -1.85609628e-05       1.00002361       2.00024635       1.00014679            0.025  0.000624461818  0.000624452996  13
     0.0384947133      0.137496679    0.00506998276  -1.56841055e-05       1.00002356       2.00024076       1.00014394            0.025  0.000624461818  0.0006244421  12
     0.0134947133      0.137496679    0.00506998288  -1.56840975e-05       1.00002356       2.00024076       1.00014394            0.025  0.000624461818  0.000624452112  11
     0.0383093312      0.112497294    0.00414388565  -1.27853898e-05       1.00002351       2.00023619       1.00014161            0.025  0.000624461818  0.000624443045  10
     0.0133093312      0.112497294    0.00414388576  -1.27853823e-05       1.00002351       2.00023619       1.00014161            0.025  0.000624461818  0.000624451229  9
     0.0381266138     0.0874979058    0.00321987291  -9.86901536e-06       1.00002347        2.0002326       1.00013977            0.025  0.000624461818  0.000624443984  8
     0.0131266138     0.0874979058    0.00321987302  -9.86900831e-06       1.00002347        2.0002326       1.00013977            0.025  0.000624461818  0.000624450343  7
     0.0379459668     0.0624985164    0.00229749073  -6.93893818e-06       1.00002344       2.00022994       1.00013841            0.025  0.000624461818  0.000624444915  6
     0.0129459669     0.0624985164    0.00229749085  -6.93893153e-06       1.00002344       2.00022994       1.00013841            0.025  0.000624461818  0.000624449452  5
     0.0377667973     0.0374991259     0.0013762759  -3.99892488e-06       1.00002342       2.00022819       1.00013752            0.025  0.000624461818  0.000624445836  4
     0.0127667973     0.0374991259    0.00137627601  -3.99891899e-06       1.00002342       2.00022819       1.00013752            0.025  0.000624461818  0.000624448554  3
     0.0375885127     0.0124997347   0.000455759296   -1.0516822e-06       1.00002244       2.00022514       1.00013502            0.025  0.000624461818  0.000624447278  2
     0.0125885127     0.0124997347   0.000455759347  -1.05167803e-06       1.00002244       2.00022514       1.00013502            0.025  0.000624461818  0.000624448328  1
