title='particle position' 
variables=x, y, Ux, Uy, rho, e, p, h=supportlength/2, m, V, ID 
     0.0063647054      0.987494558     0.0395019282  -1.08265633e-05      0.999628525       2.00412814       1.00169183            0.025  0.000624461818  0.000624725992  80
     0.0313647054      0.987494558     0.0395019294  -1.08261868e-05      0.999628525       2.00412848         1.001692            0.025  0.000624461818  0.000624661039  79
    0.00556496456      0.962487692     0.0384671767   -2.3257981e-05      0.999754586       2.00292583       1.00121714            0.025  0.000624461818  0.000624653138  78
     0.0305649646      0.962487692      0.038467177  -2.32581548e-05      0.999754586       2.00292612       1.00121729            0.025  0.000624461818  0.000624577176  77
    0.00479012563      0.937483613     0.0374338974  -3.11870234e-05      0.999838077       2.00246603       1.00107089            0.025  0.000624461818  0.00062459995  76
     0.0297901257      0.937483613     0.0374338971  -3.11872894e-05      0.999838077       2.00246626       1.00107101            0.025  0.000624461818  0.000624526035  75
    0.00403967425      0.912480801     0.0364021004  -3.69728144e-05      0.999881339       2.00216084       1.00096163            0.025  0.000624461818  0.000624571903  74
     0.0290396743      0.912480801     0.0364021001  -3.69730304e-05      0.999881339       2.00216103       1.00096173            0.025  0.000624461818  0.000624500027  73
    0.00331293163      0.887478791     0.0353718708  -4.13867218e-05      0.999910502       2.00193329       1.00087706            0.025  0.000624461818  0.000624552667  72
     0.0283129317      0.887478791     0.0353718706  -4.13868982e-05      0.999910502       2.00193345       1.00087714            0.025  0.000624461818  0.000624482826  71
    0.00260921808      0.862477356     0.0343432818  -4.47965178e-05       0.99993216       2.00175234       1.00080827            0.025  0.000624461818  0.000624538122  70
     0.0276092181      0.862477356     0.0343432815  -4.47966698e-05       0.99993216       2.00175249       1.00080835            0.025  0.000624461818  0.000624470313  69
    0.00192785575      0.837476356     0.0333164036  -4.74215731e-05       0.99994906       2.00160265       1.00075034            0.025  0.000624461818  0.000624526552  68
     0.0269278558      0.837476356     0.0333164034  -4.74217153e-05       0.99994906       2.00160278       1.00075041            0.025  0.000624461818  0.00062446077  67
    0.00126816876      0.812475698     0.0322913037  -4.94081898e-05      0.999962654        2.0014755       1.00070037            0.025  0.000624461818  0.000624517048  66
     0.0262681688      0.812475698     0.0322913034  -4.94083746e-05      0.999962654       2.00147562       1.00070044            0.025  0.000624461818  0.00062445329  65
   0.000629483172      0.787475316     0.0312680447  -5.08608909e-05      0.999973817       2.00136548       1.00065654            0.025  0.000624461818  0.000624509065  64
     0.0256294832      0.787475316     0.0312680437  -5.08612924e-05      0.999973817        2.0013656        1.0006566            0.025  0.000624461818  0.000624447327  63
   1.11267629e-05       0.76247516     0.0302466875  -5.18580061e-05      0.999983119         2.001269       1.00061761            0.025  0.000624461818  0.000624502676  62
     0.0250111269       0.76247516      0.030246683  -5.18590095e-05      0.999983119       2.00126911       1.00061766            0.025  0.000624461818  0.00062445195  61
     0.0494124296       0.73747519     0.0292272708  -5.24611943e-05      0.999990954       2.00118353       1.00058271            0.025  0.000624461818  0.000624438191  60
     0.0244124298       0.73747519     0.0292272667  -5.24620185e-05      0.999990954       2.00118363       1.00058276            0.025  0.000624461818  0.00062448659  59
     0.0488327237      0.712475377     0.0282098478  -5.27192153e-05      0.999997606       2.00110724       1.00055122            0.025  0.000624461818  0.000624435486  58
     0.0238327239      0.712475377     0.0282098474  -5.27193247e-05      0.999997606       2.00110733       1.00055127            0.025  0.000624461818  0.000624491185  57
     0.0482713426      0.687475694     0.0271944722  -5.26715496e-05       1.00000329       2.00103875       1.00052266            0.025  0.000624461818  0.000624432939  56
     0.0232713427      0.687475694     0.0271944721  -5.26715057e-05       1.00000329       2.00103883        1.0005227            0.025  0.000624461818  0.000624486633  55
     0.0477276217      0.662476123     0.0261811675   -5.2351883e-05       1.00000816       2.00097698       1.00049665            0.025  0.000624461818  0.000624430895  54
     0.0227276219      0.662476123     0.0261811675  -5.23518215e-05       1.00000816       2.00097705       1.00049669            0.025  0.000624461818  0.000624482589  53
     0.0472008986      0.637476645     0.0251699606  -5.17887072e-05       1.00001235       2.00092108        1.0004729            0.025  0.000624461818  0.000624429274  52
     0.0222008987      0.637476645     0.0251699606  -5.17886483e-05       1.00001235       2.00092115       1.00047293            0.025  0.000624461818  0.000624478971  51
     0.0466905125      0.612477248     0.0241608703  -5.10065245e-05       1.00001597       2.00087037       1.00045116            0.025  0.000624461818  0.000624428011  50
     0.0216905126      0.612477248     0.0241608703  -5.10064694e-05       1.00001597       2.00087044       1.00045119            0.025  0.000624461818  0.000624475716  49
     0.0461958047      0.587477917     0.0231539072  -5.00266937e-05       1.00001909       2.00082429       1.00043124            0.025  0.000624461818  0.000624427055  48
     0.0211958048      0.587477917     0.0231539073  -5.00266422e-05       1.00001909       2.00082435       1.00043127            0.025  0.000624461818  0.000624472772  47
     0.0457161182      0.562478645     0.0221490737  -4.88680376e-05       1.00002178       2.00078237       1.00041298            0.025  0.000624461818  0.000624426363  46
     0.0207161183      0.562478645     0.0221490737  -4.88679894e-05       1.00002178       2.00078242         1.000413            0.025  0.000624461818  0.000624470096  45
     0.0452507979      0.537479421     0.0211463635  -4.75472953e-05       1.00002411        2.0007442       1.00039622            0.025  0.000624461818  0.000624425899  44
     0.0202507981      0.537479421     0.0211463636  -4.75472502e-05       1.00002411       2.00074425       1.00039624            0.025  0.000624461818  0.000624467652  43
     0.0447991906      0.512480238     0.0201457619  -4.60794704e-05       1.00002612       2.00070944       1.00038085            0.025  0.000624461818  0.000624425633  42
     0.0197991907      0.512480238     0.0201457619  -4.60794283e-05       1.00002612       2.00070948       1.00038087            0.025  0.000624461818  0.00062446541  41
     0.0443606445       0.48748109     0.0191472451  -4.44781013e-05       1.00002785        2.0006778       1.00036676            0.025  0.000624461818  0.000624425538  40
     0.0193606446       0.48748109     0.0191472451  -4.44780618e-05       1.00002785       2.00067784       1.00036678            0.025  0.000624461818  0.000624463344  39
     0.0439345101      0.462481971     0.0181507807  -4.27554742e-05       1.00002933       2.00064901       1.00035385            0.025  0.000624461818  0.000624425594  38
     0.0189345102      0.462481971     0.0181507807  -4.27554373e-05       1.00002933       2.00064905       1.00035387            0.025  0.000624461818  0.000624461433  37
     0.0435201391      0.437482877     0.0171563273   -4.0922794e-05       1.00003061       2.00062285       1.00034204            0.025  0.000624461818  0.00062442578  36
     0.0185201392      0.437482877     0.0171563274  -4.09227595e-05        1.0000306       2.00062288       1.00034206            0.025  0.000624461818  0.000624459655  35
     0.0431168851      0.412483803      0.016163835  -3.89903205e-05       1.00003169       2.00059911       1.00033126            0.025  0.000624461818  0.00062442608  34
     0.0181168852      0.412483803     0.0161638351  -3.89902882e-05       1.00003169       2.00059914       1.00033127            0.025  0.000624461818  0.000624457996  33
     0.0427241033      0.387484746     0.0151732449   -3.6967481e-05       1.00003262        2.0005776       1.00032143            0.025  0.000624461818  0.000624426479  32
     0.0177241034      0.387484746      0.015173245  -3.69674508e-05       1.00003262       2.00057763       1.00032144            0.025  0.000624461818  0.000624456439  31
     0.0423411503      0.362485703     0.0141844897  -3.48629627e-05        1.0000334       2.00055817        1.0003125            0.025  0.000624461818  0.000624426965  30
     0.0173411504      0.362485703     0.0141844897  -3.48629343e-05        1.0000334       2.00055819       1.00031251            0.025  0.000624461818  0.000624454972  29
     0.0419673844       0.33748667     0.0131974938  -3.26847902e-05       1.00003406       2.00054065        1.0003044            0.025  0.000624461818  0.000624427525  28
     0.0169673844       0.33748667     0.0131974938  -3.26847636e-05       1.00003406       2.00054067       1.00030441            0.025  0.000624461818  0.000624453584  27
      0.041602165      0.312487647     0.0122121735  -3.04403921e-05       1.00003462       2.00052493       1.00029709            0.025  0.000624461818  0.000624428151  26
     0.0166021651      0.312487647     0.0122121736  -3.04403671e-05       1.00003462       2.00052494        1.0002971            0.025  0.000624461818  0.000624452264  25
     0.0412448532       0.28748863     0.0112284376  -2.81366587e-05       1.00003508       2.00051086       1.00029052            0.025  0.000624461818  0.000624428832  24
     0.0162448533       0.28748863     0.0112284377  -2.81366351e-05       1.00003508       2.00051088       1.00029053            0.025  0.000624461818  0.000624451003  23
     0.0408948111      0.262489619     0.0102461872  -2.57799928e-05       1.00003547       2.00049835       1.00028465            0.025  0.000624461818  0.000624429561  22
     0.0158948111      0.262489619     0.0102461873  -2.57799706e-05       1.00003547       2.00049836       1.00028466            0.025  0.000624461818  0.000624449792  21
      0.040551402      0.237490613    0.00926531676  -2.33763565e-05       1.00003579       2.00048729       1.00027944            0.025  0.000624461818  0.000624430331  20
     0.0155514021      0.237490613    0.00926531686  -2.33763354e-05       1.00003579        2.0004873       1.00027944            0.025  0.000624461818  0.000624448626  19
     0.0402139904      0.212491609    0.00828571402  -2.09313135e-05       1.00003604       2.00047759       1.00027485            0.025  0.000624461818  0.000624431137  18
     0.0152139905      0.212491609    0.00828571412  -2.09312934e-05       1.00003604        2.0004776       1.00027485            0.025  0.000624461818  0.000624447497  17
     0.0398819417      0.187492608    0.00730726079  -1.84500698e-05       1.00003625       2.00046917       1.00027085            0.025  0.000624461818  0.000624431971  16
     0.0148819418      0.187492608    0.00730726089  -1.84500507e-05       1.00003625       2.00046918       1.00027085            0.025  0.000624461818  0.000624446399  15
     0.0395546223      0.162493608    0.00632983341  -1.59375125e-05       1.00003642       2.00046196       1.00026741            0.025  0.000624461818  0.00062443283  14
     0.0145546223      0.162493608    0.00632983351  -1.59374942e-05       1.00003642       2.00046197       1.00026742            0.025  0.000624461818  0.000624445328  13
     0.0392313992       0.13749461    0.00535330327  -1.33982477e-05       1.00003656        2.0004559       1.00026452            0.025  0.000624461818  0.00062443371  12
     0.0142313992       0.13749461    0.00535330337  -1.33982301e-05       1.00003656       2.00045591       1.00026452            0.025  0.000624461818  0.00062444428  11
     0.0389116404      0.112495612    0.00437753745  -1.08366376e-05       1.00003666       2.00045094       1.00026214            0.025  0.000624461818  0.000624434607  10
     0.0139116404      0.112495612    0.00437753756  -1.08366205e-05       1.00003666       2.00045094       1.00026214            0.025  0.000624461818  0.000624443251  9
     0.0385947142      0.087496615    0.00340239932  -8.25683767e-06       1.00003674       2.00044702       1.00026026            0.025  0.000624461818  0.000624435519  8
     0.0135947142      0.087496615    0.00340239943  -8.25682112e-06       1.00003674       2.00044703       1.00026027            0.025  0.000624461818  0.000624442237  7
     0.0382799896     0.0624976183    0.00242774918  -5.66283402e-06       1.00003681       2.00044412       1.00025888            0.025  0.000624461818  0.000624436443  6
     0.0132799896     0.0624976183    0.00242774928  -5.66281804e-06       1.00003681       2.00044413       1.00025888            0.025  0.000624461818  0.000624441237  5
     0.0379668358     0.0374986219     0.0014534449  -3.05846051e-06       1.00003685       2.00044222       1.00025797            0.025  0.000624461818  0.000624437375  4
     0.0129668359     0.0374986219    0.00145344501  -3.05844624e-06       1.00003685       2.00044222       1.00025797            0.025  0.000624461818  0.000624440245  3
     0.0376546229     0.0124996261   0.000479345956   -4.4603714e-07       1.00003357       2.00043423        1.0002507            0.025  0.000624461818  0.000624440303  2
     0.0126546229     0.0124996261   0.000479346005  -4.46027894e-07       1.00003357       2.00043423        1.0002507            0.025  0.000624461818  0.000624441409  1
