title='particle position' 
variables=x, y, Ux, Uy, rho, e, p, h=supportlength/2, m, V, ID 
     0.0222238349      0.987490538     0.0395202376   -9.4347872e-06      0.999373106        2.0044992       1.00162129            0.025  0.000624461818  0.000624885469  80
     0.0472238353      0.987490538     0.0395202386  -9.43422496e-06      0.999373107       2.00449946       1.00162143            0.025  0.000624461818  0.000624820481  79
     0.0210141683      0.962479862     0.0385028619  -1.62625223e-05       0.99959896       2.00342662       1.00131158            0.025  0.000624461818  0.000624750408  78
     0.0460141684      0.962479862     0.0385028621  -1.62625208e-05      0.999598957       2.00342681       1.00131168            0.025  0.000624461818  0.000624674406  77
     0.0198299421       0.93747344     0.0374867737  -2.01677543e-05      0.999726968       2.00300979       1.00123145            0.025  0.000624461818  0.000624669406  76
     0.0448299422       0.93747344     0.0374867735  -2.01679618e-05      0.999726967       2.00300993       1.00123152            0.025  0.000624461818  0.000624595417  75
     0.0186706134      0.912468983     0.0364718868  -2.26985482e-05      0.999793899       2.00272668       1.00115696            0.025  0.000624461818  0.000624626584  74
     0.0436706134      0.912468982     0.0364718866  -2.26987491e-05      0.999793899       2.00272678       1.00115701            0.025  0.000624461818  0.000624554601  73
     0.0175355058      0.887465762     0.0354581855  -2.44020981e-05      0.999838926       2.00251338       1.00109542            0.025  0.000624461818  0.000624597452  72
     0.0425355058      0.887465762     0.0354581854  -2.44022719e-05      0.999838926       2.00251347       1.00109546            0.025  0.000624461818  0.000624527471  71
     0.0164239369      0.862463428     0.0344456399  -2.55316674e-05      0.999872471       2.00234272       1.00104368            0.025  0.000624461818  0.000624575497  70
     0.0414239369      0.862463428     0.0344456397  -2.55318199e-05      0.999872471       2.00234279       1.00104372            0.025  0.000624461818  0.000624507516  69
     0.0153352258      0.837461768     0.0334342182  -2.62351192e-05      0.999898792       2.00220085       1.00099911            0.025  0.000624461818  0.000624558057  68
     0.0403352257      0.837461768     0.0334342181  -2.62352562e-05      0.999898792       2.00220091       1.00099913            0.025  0.000624461818  0.000624492072  67
      0.014268693      0.812460642      0.032423889  -2.66094688e-05      0.999920123       2.00207985       1.00095996            0.025  0.000624461818  0.000624543735  66
     0.0392686929      0.812460642     0.0324238889   -2.6609594e-05      0.999920123        2.0020799       1.00095999            0.025  0.000624461818  0.000624479745  65
     0.0132236608      0.787459948     0.0314146209  -2.67229026e-05      0.999937799       2.00197476       1.00092512            0.025  0.000624461818  0.000624531698  64
     0.0382236608      0.787459948     0.0314146208  -2.67230185e-05      0.999937799       2.00197481       1.00092514            0.025  0.000624461818  0.0006244697  63
     0.0121994532      0.762459611     0.0304063826  -2.66256304e-05      0.999952682        2.0018823       1.00089379            0.025  0.000624461818  0.000624521407  62
     0.0371994531      0.762459611     0.0304063825  -2.66257387e-05      0.999952682       2.00188234       1.00089381            0.025  0.000624461818  0.000624461399  61
     0.0111953953      0.737459573     0.0293991429  -2.63559043e-05      0.999965367       2.00180013        1.0008654            0.025  0.000624461818  0.00062451249  60
     0.0361953952      0.737459573     0.0293991428  -2.63560061e-05      0.999965367       2.00180017       1.00086542            0.025  0.000624461818  0.00062445447  59
     0.0102108137      0.712459787     0.0283928705  -2.59436357e-05      0.999976278       2.00172657       1.00083954            0.025  0.000624461818  0.000624504682  58
     0.0352108136      0.712459787     0.0283928704   -2.5943732e-05      0.999976278       2.00172661       1.00083956            0.025  0.000624461818  0.000624448647  57
    0.00924503619      0.687460216      0.027387534  -2.54127016e-05      0.999985733       2.00166034       1.00081589            0.025  0.000624461818  0.000624497784  56
     0.0342450361      0.687460216     0.0273875339   -2.5412793e-05      0.999985733       2.00166038       1.00081591            0.025  0.000624461818  0.000624443734  55
    0.00829739196       0.66246083      0.026383102  -2.47824834e-05      0.999993972       2.00160044       1.00079419            0.025  0.000624461818  0.000624491647  54
     0.0332973919       0.66246083     0.0263831019  -2.47825705e-05      0.999993972       2.00160048       1.00079421            0.025  0.000624461818  0.000624439579  53
     0.0073672112      0.637461602     0.0253795429  -2.40689305e-05       1.00000118        2.0015461       1.00077424            0.025  0.000624461818  0.000624486153  52
     0.0323672111      0.637461602     0.0253795428  -2.40690137e-05       1.00000118       2.00154614       1.00077426            0.025  0.000624461818  0.000624436065  51
    0.00645382526      0.612462511     0.0243768251  -2.32853186e-05       1.00000752       2.00149668       1.00075586            0.025  0.000624461818  0.000624481208  50
     0.0314538252      0.612462511     0.0243768251  -2.32853984e-05       1.00000752       2.00149672       1.00075588            0.025  0.000624461818  0.000624433099  49
    0.00555656658      0.587463539     0.0233749168   -2.2442802e-05       1.00001309       2.00145165       1.00073893            0.025  0.000624461818  0.000624476737  48
     0.0305565665      0.587463539     0.0233749168  -2.24428787e-05       1.00001309       2.00145169       1.00073895            0.025  0.000624461818  0.000624430605  47
    0.00467476861      0.562464669      0.022373786  -2.15508253e-05       1.00001801       2.00141057       1.00072331            0.025  0.000624461818  0.000624472678  46
     0.0296747685      0.562464669      0.022373786  -2.15508992e-05       1.00001801       2.00141062       1.00072333            0.025  0.000624461818  0.000624428521  45
    0.00380776579      0.537465889     0.0213734006  -2.06174345e-05       1.00002235       2.00137308       1.00070891            0.025  0.000624461818  0.000624468978  44
     0.0288077657      0.537465889     0.0213734005  -2.06175063e-05       1.00002235       2.00137314       1.00070893            0.025  0.000624461818  0.000624426796  43
     0.0029548935      0.512467186     0.0203737282  -1.96495157e-05       1.00002619       2.00133886       1.00069564            0.025  0.000624461818  0.000624465595  42
     0.0279548934      0.512467186     0.0203737282  -1.96495877e-05       1.00002619       2.00133891       1.00069566            0.025  0.000624461818  0.000624425386  41
    0.00211548801      0.487468551     0.0193747364  -1.86529759e-05       1.00002958       2.00130762       1.00068341            0.025  0.000624461818  0.000624462492  40
     0.0271154879      0.487468551     0.0193747364  -1.86530638e-05       1.00002958       2.00130768       1.00068344            0.025  0.000624461818  0.000624424254  39
    0.00128888644      0.462469973     0.0183763928  -1.76328578e-05       1.00003257       2.00127913       1.00067216            0.025  0.000624461818  0.000624459636  38
     0.0262888863      0.462469973     0.0183763925  -1.76330673e-05       1.00003257        2.0012792       1.00067219            0.025  0.000624461818  0.000624423368  37
   0.000474426631      0.437471447     0.0173786697  -1.65934093e-05       1.00003522       2.00125318       1.00066183            0.025  0.000624461818  0.000624457339  36
     0.0254744265      0.437471447     0.0173786674  -1.65941129e-05       1.00003522       2.00125324       1.00066186            0.025  0.000624461818  0.00062442798  35
     0.0496714472      0.412472963     0.0163815231  -1.55388384e-05       1.00003755       2.00122956       1.00065235            0.025  0.000624461818  0.000624421869  34
     0.0246714473      0.412472963     0.0163815207  -1.55394941e-05       1.00003755       2.00122963       1.00065239            0.025  0.000624461818  0.000624448958  33
      0.048879288      0.387474517       0.01538492  -1.44723483e-05        1.0000396       2.00120812       1.00064369            0.025  0.000624461818  0.00062442193  32
     0.0238792881      0.387474517     0.0153849198   -1.4472455e-05        1.0000396       2.00120818       1.00064372            0.025  0.000624461818  0.000624452294  31
     0.0480972891      0.362476103     0.0143888384  -1.33962367e-05        1.0000414        2.0011887       1.00063578            0.025  0.000624461818  0.000624421787  30
     0.0230972892      0.362476103     0.0143888384  -1.33962066e-05        1.0000414       2.00118875       1.00063581            0.025  0.000624461818  0.000624450185  29
     0.0473247911      0.337477717     0.0133932392  -1.23129646e-05       1.00004298       2.00117115       1.00062858            0.025  0.000624461818  0.000624421783  28
     0.0223247912      0.337477717     0.0133932392  -1.23129153e-05       1.00004298        2.0011712       1.00062861            0.025  0.000624461818  0.000624448216  27
     0.0465611354      0.312479354     0.0123980887  -1.12245223e-05       1.00004436       2.00115536       1.00062207            0.025  0.000624461818  0.000624421902  26
     0.0215611355      0.312479354     0.0123980888  -1.12244714e-05       1.00004436        2.0011554       1.00062209            0.025  0.000624461818  0.000624446372  25
     0.0458056639      0.287481012     0.0114033532  -1.01325156e-05       1.00004557        2.0011412       1.00061619            0.025  0.000624461818  0.000624422133  24
      0.020805664      0.287481012     0.0114033533  -1.01324654e-05       1.00004557       2.00114124       1.00061621            0.025  0.000624461818  0.000624444639  23
     0.0450577192      0.262482686     0.0104089988  -9.03823554e-06       1.00004661       2.00112858       1.00061092            0.025  0.000624461818  0.000624422463  22
     0.0200577193      0.262482686     0.0104089989  -9.03818641e-06       1.00004661       2.00112861       1.00061094            0.025  0.000624461818  0.000624443007  21
     0.0443166441      0.237484374    0.00941499137  -7.94269451e-06       1.00004751        2.0011174       1.00060623            0.025  0.000624461818  0.000624422882  20
     0.0193166442      0.237484374    0.00941499143  -7.94264637e-06       1.00004751       2.00111743       1.00060625            0.025  0.000624461818  0.000624441464  19
     0.0435817821      0.212486073    0.00842129679  -6.84665454e-06       1.00004828       2.00110757       1.00060209            0.025  0.000624461818  0.00062442338  18
     0.0185817821      0.212486074    0.00842129685  -6.84660729e-06       1.00004828        2.0011076       1.00060211            0.025  0.000624461818  0.000624440001  17
     0.0428524768      0.187487783    0.00742788079  -5.75065335e-06       1.00004894       2.00109904       1.00059848            0.025  0.000624461818  0.00062442395  16
     0.0178524769      0.187487783    0.00742788085  -5.75060689e-06       1.00004894       2.00109906       1.00059849            0.025  0.000624461818  0.00062443861  15
     0.0421280725      0.162489501    0.00643470899  -4.65502909e-06       1.00004949       2.00109172       1.00059537            0.025  0.000624461818  0.000624424584  14
     0.0171280725      0.162489501    0.00643470905  -4.65498331e-06       1.00004949       2.00109174       1.00059539            0.025  0.000624461818  0.000624437284  13
     0.0414079135      0.137491225    0.00544174691  -3.55994423e-06       1.00004995       2.00108556       1.00059276            0.025  0.000624461818  0.000624425277  12
     0.0164079135      0.137491225    0.00544174698  -3.55989903e-06       1.00004995       2.00108558       1.00059277            0.025  0.000624461818  0.000624436017  11
     0.0406913445      0.112492955    0.00444896001  -2.46540907e-06       1.00005033       2.00108051       1.00059061            0.025  0.000624461818  0.000624426022  10
     0.0156913446      0.112492955    0.00444896007  -2.46536438e-06       1.00005033       2.00108052       1.00059062            0.025  0.000624461818  0.000624434802  9
     0.0399777106      0.087494689    0.00345631364  -1.37130503e-06       1.00005062       2.00107653       1.00058892            0.025  0.000624461818  0.000624426815  8
     0.0149777107      0.087494689    0.00345631371  -1.37126085e-06       1.00005062       2.00107654       1.00058892            0.025  0.000624461818  0.000624433637  7
     0.0392663567     0.0624964263    0.00246377313  -2.77407239e-07       1.00005085       2.00107359       1.00058767            0.025  0.000624461818  0.000624427653  6
     0.0142663568     0.0624964263     0.0024637732  -2.77364123e-07       1.00005085        2.0010736       1.00058768            0.025  0.000624461818  0.000624432516  5
     0.0385566281     0.0374981661    0.00147130376   8.16547112e-07       1.00005099       2.00107165       1.00058685            0.025  0.000624461818  0.000624428542  4
     0.0135566282     0.0374981661    0.00147130383   8.16585402e-07       1.00005099       2.00107166       1.00058685            0.025  0.000624461818  0.000624431446  3
      0.037847875     0.0124999071   0.000478892604   1.90079208e-06       1.00002929       2.00102975       1.00054418            0.025  0.000624461818  0.000624442988  2
      0.012847875     0.0124999071   0.000478892637   1.90081488e-06       1.00002929       2.00102976       1.00054418            0.025  0.000624461818  0.000624444099  1
