title='particle position' 
variables=x, y, Ux, Uy, rho, e, p, h=supportlength/2, m, V, ID 
      0.015879918      0.987492081     0.0395158438   -9.8259628e-06      0.999467934       2.00434667       1.00164011            0.025  0.000624461818  0.00062482626  80
     0.0408799183      0.987492081     0.0395158449  -9.82547061e-06      0.999467935       2.00434696       1.00164026            0.025  0.000624461818  0.000624761278  79
     0.0148336411       0.96248266     0.0384972723  -1.86891742e-05      0.999653337       2.00322025       1.00126291            0.025  0.000624461818  0.000624716425  78
     0.0398336412       0.96248266     0.0384972726  -1.86892383e-05      0.999653335       2.00322049       1.00126302            0.025  0.000624461818  0.000624640421  77
     0.0138125958      0.937476982     0.0374800174  -2.40808456e-05      0.999765796       2.00278846        1.0011597            0.025  0.000624461818  0.000624645145  76
     0.0388125958      0.937476982     0.0374800171  -2.40810739e-05      0.999765796       2.00278864       1.00115979            0.025  0.000624461818  0.000624571155  75
     0.0128162534      0.912473026     0.0364639892  -2.78220422e-05      0.999824526       2.00249775       1.00107318            0.025  0.000624461818  0.000624607447  74
     0.0378162534      0.912473026      0.036463989   -2.7822247e-05      0.999824526       2.00249789       1.00107325            0.025  0.000624461818  0.000624535467  73
     0.0118439398      0.887470159     0.0354491777  -3.05409347e-05      0.999864148       2.00227964       1.00100381            0.025  0.000624461818  0.000624581692  72
     0.0368439398      0.887470159     0.0354491775  -3.05411074e-05      0.999864148       2.00227976       1.00100387            0.025  0.000624461818  0.000624511716  71
     0.0108949771      0.862468074     0.0344355596  -3.25313736e-05        0.9998937       2.00210557       1.00094637            0.025  0.000624461818  0.00062456223  70
     0.0358949771      0.862468074     0.0344355595  -3.25315229e-05        0.9998937       2.00210567       1.00094642            0.025  0.000624461818  0.000624494256  69
      0.009968689      0.837466585      0.033423111  -3.39664018e-05      0.999916898       2.00196115       1.00089739            0.025  0.000624461818  0.00062454674  68
      0.034968689      0.837466584     0.0334231108  -3.39665343e-05      0.999916898       2.00196123       1.00089743            0.025  0.000624461818  0.000624480765  67
    0.00906440069      0.812465567     0.0324118074  -3.49603121e-05      0.999935699       2.00183817       1.00085472            0.025  0.000624461818  0.000624533997  66
     0.0340644007      0.812465567     0.0324118073  -3.49604321e-05      0.999935699       2.00183825       1.00085476            0.025  0.000624461818  0.000624470019  65
    0.00818143912      0.787464932     0.0314016248  -3.55939916e-05      0.999951272       2.00173153       1.00081699            0.025  0.000624461818  0.000624523273  64
     0.0331814391      0.787464932     0.0314016246  -3.55941015e-05      0.999951272        2.0017316       1.00081703            0.025  0.000624461818  0.000624461289  63
    0.00731913271      0.762464614     0.0303925385  -3.59274717e-05      0.999964377       2.00163781       1.00078325            0.025  0.000624461818  0.000624514091  62
     0.0323191327      0.762464614     0.0303925383  -3.59275734e-05      0.999964377       2.00163788       1.00078329            0.025  0.000624461818  0.000624454099  61
    0.00647681135       0.73746456     0.0293845236  -3.60069051e-05      0.999975536       2.00155463       1.00075283            0.025  0.000624461818  0.000624506126  60
     0.0314768113       0.73746456     0.0293845235  -3.60069999e-05      0.999975536        2.0015547       1.00075287            0.025  0.000624461818  0.000624448124  59
    0.00565380629       0.71246473     0.0283775548  -3.58687625e-05      0.999985125       2.00148024       1.00072524            0.025  0.000624461818  0.000624499143  58
     0.0306538062      0.712464729     0.0283775547  -3.58688513e-05      0.999985125       2.00148031       1.00072527            0.025  0.000624461818  0.000624443128  57
    0.00484945007       0.68746509     0.0273716062  -3.55425103e-05      0.999993422       2.00141334       1.00070009            0.025  0.000624461818  0.000624492968  56
       0.02984945       0.68746509     0.0273716061  -3.55425939e-05      0.999993422        2.0014134       1.00070012            0.025  0.000624461818  0.000624438938  55
    0.00406307653      0.662465613     0.0263666513  -3.50523974e-05       1.00000064       2.00135289       1.00067709            0.025  0.000624461818  0.000624487467  54
     0.0290630765      0.662465613     0.0263666512  -3.50524764e-05       1.00000064       2.00135296       1.00067712            0.025  0.000624461818  0.000624435421  53
    0.00329402072      0.637466277      0.025362663  -3.44186911e-05       1.00000695        2.0012981         1.000656            0.025  0.000624461818  0.000624482536  52
     0.0282940206      0.637466277     0.0253626629  -3.44187663e-05       1.00000695       2.00129817       1.00065604            0.025  0.000624461818  0.000624432472  51
    0.00254161883      0.612467063     0.0243596134  -3.36585564e-05       1.00001248       2.00124831       1.00063664            0.025  0.000624461818  0.000624478092  50
     0.0275416188      0.612467063     0.0243596134  -3.36586306e-05       1.00001248       2.00124838       1.00063667            0.025  0.000624461818  0.000624430008  49
    0.00180520822      0.587467953     0.0233574741  -3.27866928e-05       1.00001734       2.00120298       1.00061884            0.025  0.000624461818  0.000624474068  48
     0.0268052081      0.587467953      0.023357474  -3.27867832e-05       1.00001734       2.00120305       1.00061887            0.025  0.000624461818  0.000624427962  47
    0.00108412731      0.562468934     0.0223562157  -3.18157767e-05       1.00002161       2.00116167       1.00060246            0.025  0.000624461818  0.000624470409  46
     0.0260841272      0.562468934     0.0223562154  -3.18159975e-05       1.00002161       2.00116174        1.0006025            0.025  0.000624461818  0.000624426279  45
   0.000377715471      0.537469995     0.0213558148  -3.07567765e-05       1.00002538         2.001124       1.00058739            0.025  0.000624461818  0.000624467423  44
     0.0253777154      0.537469995     0.0213558118  -3.07575241e-05       1.00002538       2.00112407       1.00058743            0.025  0.000624461818  0.000624431475  43
     0.0496853132      0.512471123     0.0203562265  -2.96199288e-05        1.0000287       2.00108963       1.00057353            0.025  0.000624461818  0.000624423453  42
     0.0246853132      0.512471123     0.0203562235  -2.96206244e-05        1.0000287        2.0010897       1.00057357            0.025  0.000624461818  0.000624457121  41
     0.0490062621      0.487472312     0.0193574193  -2.84138425e-05       1.00003163       2.00105829       1.00056079            0.025  0.000624461818  0.000624422981  40
     0.0240062622      0.487472312     0.0193574191  -2.84139593e-05       1.00003163       2.00105836       1.00056083            0.025  0.000624461818  0.000624461192  39
     0.0483399046      0.462473551     0.0183593746  -2.71457267e-05       1.00003421       2.00102973       1.00054909            0.025  0.000624461818  0.000624422355  38
     0.0233399047      0.462473551     0.0183593746  -2.71457006e-05       1.00003421       2.00102979       1.00054912            0.025  0.000624461818  0.000624458596  37
     0.0476855838      0.437474835     0.0173620519  -2.58225849e-05       1.00003648       2.00100373       1.00053836            0.025  0.000624461818  0.00062442192  36
     0.0226855839      0.437474835      0.017362052  -2.58225391e-05       1.00003648       2.00100378       1.00053839            0.025  0.000624461818  0.000624456193  35
     0.0470426439      0.412476158      0.016365417  -2.44506109e-05       1.00003848       2.00098009       1.00052854            0.025  0.000624461818  0.000624421657  34
      0.022042644      0.412476158      0.016365417   -2.4450564e-05       1.00003848       2.00098014       1.00052856            0.025  0.000624461818  0.000624453962  33
     0.0464104296      0.387477513     0.0153694347  -2.30353287e-05       1.00004023       2.00095863       1.00051957            0.025  0.000624461818  0.000624421545  32
     0.0214104297      0.387477513     0.0153694347  -2.30352832e-05       1.00004023       2.00095868       1.00051959            0.025  0.000624461818  0.000624451884  31
     0.0457882866      0.362478897     0.0143740691   -2.1581703e-05       1.00004176       2.00093921       1.00051139            0.025  0.000624461818  0.000624421568  30
     0.0207882867      0.362478897     0.0143740692  -2.15816591e-05       1.00004176       2.00093925       1.00051141            0.025  0.000624461818  0.000624449943  29
     0.0451755612      0.337480306     0.0133792836  -2.00942053e-05       1.00004311       2.00092168       1.00050396            0.025  0.000624461818  0.000624421712  28
     0.0201755613      0.337480306     0.0133792836   -2.0094163e-05       1.00004311       2.00092171       1.00050398            0.025  0.000624461818  0.000624448123  27
     0.0445716005      0.312481735     0.0123850407  -1.85768667e-05       1.00004427        2.0009059       1.00049725            0.025  0.000624461818  0.000624421964  26
     0.0195716006      0.312481735     0.0123850408  -1.85768257e-05       1.00004427       2.00090594       1.00049726            0.025  0.000624461818  0.000624446412  25
     0.0439757521      0.287483181     0.0113913023  -1.70333216e-05       1.00004529       2.00089177        1.0004912            0.025  0.000624461818  0.000624422311  24
     0.0189757521      0.287483181     0.0113913024   -1.7033282e-05       1.00004529       2.00089181       1.00049121            0.025  0.000624461818  0.000624444797  23
     0.0433873641      0.262484642     0.0103980295  -1.54668474e-05       1.00004616       2.00087918       1.00048578            0.025  0.000624461818  0.000624422743  22
     0.0183873642      0.262484642     0.0103980296  -1.54668089e-05       1.00004616       2.00087921       1.00048579            0.025  0.000624461818  0.000624443269  21
     0.0428057853      0.237486116    0.00940518282  -1.38803988e-05       1.00004692       2.00086804       1.00048096            0.025  0.000624461818  0.000624423252  20
     0.0178057854      0.237486116    0.00940518289  -1.38803614e-05       1.00004692       2.00086806       1.00048097            0.025  0.000624461818  0.000624441818  19
      0.042230365        0.2124876    0.00841272211  -1.22766402e-05       1.00004756       2.00085825       1.00047671            0.025  0.000624461818  0.000624423828  18
     0.0172303651        0.2124876    0.00841272218  -1.22766037e-05       1.00004756       2.00085827       1.00047672            0.025  0.000624461818  0.000624440435  17
     0.0416604527      0.187489093    0.00742060668  -1.06579754e-05       1.00004811       2.00084974         1.000473            0.025  0.000624461818  0.000624424466  16
     0.0166604528      0.187489093    0.00742060676  -1.06579398e-05       1.00004811       2.00084976       1.00047301            0.025  0.000624461818  0.000624439114  15
     0.0410953986      0.162490593    0.00642879532  -9.02657658e-06       1.00004857       2.00084245       1.00046982            0.025  0.000624461818  0.000624425157  14
     0.0160953987      0.162490593     0.0064287954  -9.02654171e-06       1.00004857       2.00084247       1.00046983            0.025  0.000624461818  0.000624437848  13
      0.040534553      0.137492099    0.00543724635  -7.38441156e-06       1.00004895       2.00083632       1.00046713            0.025  0.000624461818  0.000624425898  12
     0.0155345531      0.137492099    0.00543724643  -7.38437732e-06       1.00004895       2.00083634       1.00046714            0.025  0.000624461818  0.000624436631  11
     0.0399772666      0.112493609    0.00444591769  -5.73327145e-06       1.00004926       2.00083129       1.00046493            0.025  0.000624461818  0.000624426682  10
     0.0149772667      0.112493609    0.00444591777  -5.73323774e-06       1.00004926       2.00083131       1.00046494            0.025  0.000624461818  0.000624435459  9
     0.0394228904     0.0874951232    0.00345476689  -4.07479749e-06       1.00004951       2.00082733       1.00046319            0.025  0.000624461818  0.000624427508  8
     0.0144228905     0.0874951232    0.00345476697  -4.07476427e-06       1.00004951       2.00082734        1.0004632            0.025  0.000624461818  0.000624434327  7
     0.0388707756     0.0624966402    0.00246375123  -2.41050739e-06       1.00004969        2.0008244       1.00046191            0.025  0.000624461818  0.00062442837  6
     0.0138707756     0.0624966402    0.00246375132  -2.41047503e-06       1.00004969       2.00082441       1.00046192            0.025  0.000624461818  0.000624433234  5
     0.0383202733     0.0374981594    0.00147282776  -7.41800326e-07       1.00004983       2.00082248       1.00046109            0.025  0.000624461818  0.000624429264  4
     0.0133202734     0.0374981594    0.00147282784  -7.41771483e-07       1.00004983       2.00082249       1.00046109            0.025  0.000624461818  0.000624432171  3
     0.0377707372     0.0124996803   0.000481965402   9.27637719e-07       1.00003789       2.00079797       1.00043689            0.025  0.000624461818  0.000624437611  2
     0.0127707372     0.0124996803   0.000481965441   9.27655334e-07       1.00003789       2.00079797       1.00043689            0.025  0.000624461818  0.000624438727  1
