title='particle position' 
variables=x, y, Ux, Uy, rho, e, p, h=supportlength/2, m, V, ID 
     0.0444859683      0.987498038     0.0393307052  -1.20504739e-05      0.999866108       2.00377786       1.00175478            0.025  0.000624461818  0.000624512966  80
     0.0194859683      0.987498038     0.0393307042  -1.20507144e-05      0.999866108       2.00377819       1.00175495            0.025  0.000624461818  0.000624577527  79
      0.044025542      0.962495547     0.0379708048  -2.79934144e-05      0.999915472       2.00248406        1.0011574            0.025  0.000624461818  0.000624477157  78
     0.0190255422      0.962495547     0.0379708042  -2.79932083e-05      0.999915472       2.00248434       1.00115754            0.025  0.000624461818  0.000624552153  77
     0.0435893186      0.937494244     0.0366154204  -3.77455544e-05      0.999950727       2.00197883       1.00094009            0.025  0.000624461818  0.000624456468  76
      0.018589319      0.937494244     0.0366154204  -3.77453189e-05      0.999950727       2.00197904        1.0009402            0.025  0.000624461818  0.000624528787  75
     0.0431766069      0.912493456     0.0352666032  -4.46324659e-05      0.999968232       2.00165141       1.00079391            0.025  0.000624461818  0.000624446863  74
     0.0181766072      0.912493456     0.0352666032   -4.4632271e-05      0.999968232       2.00165158         1.000794            0.025  0.000624461818  0.000624516517  73
     0.0427865352      0.887492982     0.0339264202  -4.96584078e-05      0.999979624       2.00141032       1.00068477            0.025  0.000624461818  0.000624441068  72
     0.0177865355      0.887492982     0.0339264203  -4.96582468e-05      0.999979624       2.00141046       1.00068484            0.025  0.000624461818  0.000624508076  71
     0.0424182375      0.862492724     0.0325968854   -5.3322353e-05      0.999987707       2.00122071       1.00059805            0.025  0.000624461818  0.00062443733  70
     0.0174182378      0.862492724     0.0325968855  -5.33222165e-05      0.999987706       2.00122082       1.00059811            0.025  0.000624461818  0.000624501712  69
     0.0420708554       0.83749262     0.0312799506  -5.59301239e-05       0.99999368       2.00106562       1.00052649            0.025  0.000624461818  0.000624434896  68
     0.0170708556       0.83749262     0.0312799508   -5.5930006e-05       0.99999368       2.00106571       1.00052653            0.025  0.000624461818  0.000624496678  67
      0.041743539      0.812492629     0.0299774935  -5.76905845e-05      0.999998193       2.00093551       1.00046595            0.025  0.000624461818  0.000624433362  66
     0.0167435393      0.812492629     0.0299774938  -5.76904818e-05      0.999998193       2.00093558       1.00046598            0.025  0.000624461818  0.000624492571  65
     0.0414354486      0.787492723     0.0286913048  -5.87564545e-05       1.00000164       2.00082444       1.00041386            0.025  0.000624461818  0.000624432477  64
     0.0164354488      0.787492723     0.0286913051  -5.87563646e-05       1.00000164        2.0008245       1.00041389            0.025  0.000624461818  0.000624489147  63
     0.0411457552      0.762492881     0.0274230766  -5.92448026e-05       1.00000428       2.00072845       1.00036851            0.025  0.000624461818  0.000624432079  62
     0.0161457554      0.762492881     0.0274230769  -5.92447236e-05       1.00000428       2.00072851       1.00036853            0.025  0.000624461818  0.000624486244  61
     0.0408736421      0.737493086     0.0261743915  -5.92485077e-05        1.0000063       2.00064477       1.00032868            0.025  0.000624461818  0.00062443205  60
     0.0158736422      0.737493086     0.0261743919  -5.92484384e-05        1.0000063       2.00064481        1.0003287            0.025  0.000624461818  0.000624483749  59
     0.0406183053      0.712493325     0.0249467126  -5.88431801e-05       1.00000782       2.00057134       1.00029349            0.025  0.000624461818  0.000624432307  58
     0.0156183054      0.712493325      0.024946713  -5.88431195e-05       1.00000782       2.00057137       1.00029351            0.025  0.000624461818  0.000624481582  57
     0.0403789549       0.68749359     0.0237413738  -5.80915888e-05       1.00000896       2.00050661       1.00026227            0.025  0.000624461818  0.000624432786  56
      0.015378955       0.68749359     0.0237413741  -5.80915359e-05       1.00000896       2.00050664       1.00026228            0.025  0.000624461818  0.00062447968  55
     0.0401548158      0.662493871     0.0225595719  -5.70466261e-05       1.00000978       2.00044937       1.00023447            0.025  0.000624461818  0.000624433436  54
     0.0151548159      0.662493871     0.0225595722    -5.704658e-05       1.00000978       2.00044939       1.00023448            0.025  0.000624461818  0.000624477997  53
     0.0399451282      0.637494163     0.0214023591  -5.57533688e-05       1.00001036       2.00039864       1.00020968            0.025  0.000624461818  0.00062443422  52
     0.0149451283      0.637494163     0.0214023595  -5.57533288e-05       1.00001036       2.00039866       1.00020969            0.025  0.000624461818  0.000624476496  51
     0.0397491485      0.612494461     0.0202706369  -5.42505572e-05       1.00001073       2.00035362       1.00018754            0.025  0.000624461818  0.000624435106  50
     0.0147491486      0.612494461     0.0202706373  -5.42505227e-05       1.00001073       2.00035363       1.00018755            0.025  0.000624461818  0.000624475146  49
     0.0395661497      0.587494762     0.0191651505  -5.25716863e-05       1.00001093       2.00031364       1.00016775            0.025  0.000624461818  0.000624436068  48
     0.0145661498      0.587494762     0.0191651509  -5.25716566e-05       1.00001093       2.00031366       1.00016776            0.025  0.000624461818  0.000624473925  47
     0.0393954221      0.562495062     0.0180864846  -5.07458307e-05       1.00001101       2.00027814       1.00015008            0.025  0.000624461818  0.000624437086  46
     0.0143954222      0.562495062      0.018086485  -5.07458054e-05       1.00001101       2.00027816       1.00015009            0.025  0.000624461818  0.000624472813  45
     0.0392362733      0.537495358     0.0170350606   -4.8798283e-05       1.00001098       2.00024664        1.0001343            0.025  0.000624461818  0.000624438142  44
     0.0142362734      0.537495358      0.017035061  -4.87982615e-05       1.00001098       2.00024665        1.0001343            0.025  0.000624461818  0.000624471792  43
     0.0390880286      0.512495649     0.0160111343  -4.67510573e-05       1.00001086        2.0002187       1.00012022            0.025  0.000624461818  0.000624439222  42
     0.0140880287      0.512495649     0.0160111347  -4.67510392e-05       1.00001086       2.00021871       1.00012022            0.025  0.000624461818  0.00062447085  41
     0.0389500313      0.487495934      0.015014795  -4.46232957e-05       1.00001069       2.00019395       1.00010767            0.025  0.000624461818  0.000624440315  40
     0.0139500314      0.487495934     0.0150147953  -4.46232806e-05       1.00001069       2.00019396       1.00010767            0.025  0.000624461818  0.000624469976  39
     0.0388216424      0.462496212     0.0140459652  -4.24316009e-05       1.00001046       2.00017207        1.0000965            0.025  0.000624461818  0.000624441412  38
     0.0138216424      0.462496212     0.0140459655  -4.24315883e-05       1.00001046       2.00017208        1.0000965            0.025  0.000624461818  0.000624469158  37
     0.0387022409      0.437496481     0.0131044025  -4.01903147e-05        1.0000102       2.00015276       1.00008659            0.025  0.000624461818  0.000624442503  36
     0.0137022409      0.437496481     0.0131044028  -4.01903044e-05        1.0000102       2.00015277       1.00008659            0.025  0.000624461818  0.00062446839  35
     0.0385912232      0.412496741     0.0121897009  -3.79117544e-05       1.00000992       2.00013576        1.0000778            0.025  0.000624461818  0.000624443583  34
     0.0135912233      0.412496741     0.0121897012   -3.7911746e-05       1.00000992       2.00013576        1.0000778            0.025  0.000624461818  0.000624467664  33
     0.0384880035      0.387496993     0.0113012945  -3.56064164e-05       1.00000962       2.00012082       1.00007003            0.025  0.000624461818  0.000624444647  32
     0.0134880035      0.387496993     0.0113012948  -3.56064096e-05       1.00000962       2.00012082       1.00007003            0.025  0.000624461818  0.000624466973  31
     0.0383920126      0.362497236     0.0104384611  -3.32831546e-05       1.00000931       2.00010774       1.00006318            0.025  0.000624461818  0.00062444569  30
     0.0133920126      0.362497236     0.0104384613  -3.32831491e-05       1.00000931       2.00010774       1.00006319            0.025  0.000624461818  0.000624466311  29
     0.0383026979       0.33749747    0.00960032721  -3.09493388e-05       1.00000901       2.00009632       1.00005717            0.025  0.000624461818  0.000624446709  28
      0.013302698       0.33749747    0.00960032742  -3.09493345e-05       1.00000901       2.00009632       1.00005717            0.025  0.000624461818  0.000624465675  27
     0.0382195229      0.312497696    0.00878587417  -2.86109969e-05       1.00000871       2.00008639        1.0000519            0.025  0.000624461818  0.000624447702  26
     0.0132195229      0.312497696    0.00878587436  -2.86109936e-05       1.00000871       2.00008639        1.0000519            0.025  0.000624461818  0.000624465059  25
     0.0381419662      0.287497913    0.00799394428  -2.62729441e-05       1.00000841       2.00007778       1.00004731            0.025  0.000624461818  0.000624448666  24
     0.0131419662      0.287497913    0.00799394446  -2.62729416e-05       1.00000841       2.00007778       1.00004731            0.025  0.000624461818  0.000624464459  23
      0.038069521      0.262498122    0.00722324835   -2.3938902e-05       1.00000814       2.00007037       1.00004332            0.025  0.000624461818  0.000624449601  22
      0.013069521      0.262498122    0.00722324851  -2.39389001e-05       1.00000814       2.00007037       1.00004332            0.025  0.000624461818  0.000624463871  21
     0.0380016942      0.237498324    0.00647237364  -2.16116083e-05       1.00000787       2.00006401       1.00003988            0.025  0.000624461818  0.000624450505  20
     0.0130016942      0.237498324    0.00647237377   -2.1611607e-05       1.00000787       2.00006401       1.00003988            0.025  0.000624461818  0.000624463292  19
     0.0379380053       0.21249852    0.00573979248  -1.92929205e-05       1.00000763       2.00005861       1.00003694            0.025  0.000624461818  0.00062445138  18
     0.0129380054       0.21249852     0.0057397926  -1.92929196e-05       1.00000763       2.00005861       1.00003694            0.025  0.000624461818  0.000624462719  17
     0.0378779859      0.187498709    0.00502387154   -1.6983913e-05       1.00000741       2.00005404       1.00003444            0.025  0.000624461818  0.000624452224  16
     0.0128779859      0.187498709    0.00502387165  -1.69839124e-05       1.00000741       2.00005405       1.00003444            0.025  0.000624461818  0.000624462149  15
     0.0378211781      0.162498893    0.00432288155  -1.46849697e-05       1.00000722       2.00005024       1.00003234            0.025  0.000624461818  0.000624453039  14
     0.0128211781      0.162498893    0.00432288165  -1.46849695e-05       1.00000722       2.00005024       1.00003234            0.025  0.000624461818  0.000624461579  13
     0.0377671336      0.137499072    0.00363500746  -1.23958732e-05       1.00000705       2.00004712       1.00003061            0.025  0.000624461818  0.000624453824  12
     0.0127671336      0.137499072    0.00363500755  -1.23958732e-05       1.00000705       2.00004712       1.00003061            0.025  0.000624461818  0.000624461006  11
     0.0377154126      0.112499247    0.00295835913  -1.01158896e-05        1.0000069       2.00004462       1.00002921            0.025  0.000624461818  0.000624454582  10
     0.0127154126      0.112499247    0.00295835921  -1.01158898e-05        1.0000069       2.00004462       1.00002921            0.025  0.000624461818  0.000624460427  9
     0.0376655825     0.0874994182     0.0022909822  -7.84385232e-06       1.00000679       2.00004268       1.00002813            0.025  0.000624461818  0.000624455313  8
     0.0126655825     0.0874994182    0.00229098227   -7.8438526e-06       1.00000679       2.00004268       1.00002813            0.025  0.000624461818  0.00062445984  7
     0.0376172168      0.062499587    0.00163086945  -5.57824248e-06        1.0000067       2.00004126       1.00002733            0.025  0.000624461818  0.00062445602  6
     0.0126172168      0.062499587    0.00163086952  -5.57824284e-06        1.0000067       2.00004126       1.00002733            0.025  0.000624461818  0.000624459242  5
     0.0375698935     0.0374997539   0.000975972212  -3.31726842e-06       1.00000664       2.00004034       1.00002681            0.025  0.000624461818  0.000624456703  4
     0.0125698935     0.0374997539   0.000975972273  -3.31726878e-06       1.00000664       2.00004034       1.00002681            0.025  0.000624461818  0.000624458631  3
     0.0375231939     0.0124999197   0.000324212173  -1.05884325e-06       1.00000656       2.00003974       1.00002643            0.025  0.000624461818  0.000624457349  2
     0.0125231939     0.0124999197   0.000324212202  -1.05884321e-06       1.00000656       2.00003974       1.00002643            0.025  0.000624461818  0.000624458095  1
