title='particle position' 
variables=x, y, Ux, Uy, rho, e, p, h=supportlength/2, m, V, ID 
     0.0129703685     0.0125006248   0.000473091949   3.46031002e-06      0.999998995       2.00137735       1.00068767            0.025  0.000624463564  0.00062446463  80
     0.0379703684     0.0125006248    0.00047309188    3.4602779e-06      0.999998995       2.00137735       1.00068767            0.025  0.000624463564  0.000624463529  79
     0.0139346163      0.037498665     0.0014661062   3.22708329e-06       1.00004348       2.00146079       1.00077391            0.025  0.000624462723  0.000624437187  78
     0.0389346163      0.037498665    0.00146610608   3.22702863e-06       1.00004348       2.00146079       1.00077391            0.025  0.000624462723  0.000624434295  77
     0.0148997751     0.0624967824    0.00245920416   2.83381943e-06       1.00004388        2.0014608       1.00077431            0.025  0.000624462775  0.000624438233  76
     0.0398997751     0.0624967824    0.00245920403   2.83375823e-06       1.00004388       2.00146079       1.00077431            0.025  0.000624462775  0.000624433381  75
     0.0158666418      0.087494823     0.0034523593   2.58938513e-06       1.00004264        2.0014612       1.00077327            0.025  0.000624465382  0.000624441591  74
     0.0408666418      0.087494823    0.00345235917   2.58932406e-06       1.00004264        2.0014612       1.00077327            0.025  0.000624465382  0.000624434779  73
     0.0168358266      0.112493121    0.00444564003   2.06519228e-06        1.0000426       2.00147122       1.00077824            0.025  0.000624464223  0.000624441434  72
     0.0418358265      0.112493121     0.0044456399   2.06512837e-06        1.0000426       2.00147121       1.00077824            0.025  0.000624464223  0.000624432662  71
     0.0178079252      0.137491062    0.00543902141    1.8173584e-06       1.00004434       2.00147077       1.00077976            0.025  0.000624459298  0.000624437812  70
     0.0428079252      0.137491062    0.00543902128   1.81729593e-06       1.00004434       2.00147076       1.00077976            0.025  0.000624459298  0.00062442708  69
     0.0187836481      0.162488984    0.00643257333   1.44124465e-06       1.00004338       2.00148117         1.000784            0.025  0.000624459457  0.000624438748  68
     0.0437836481      0.162488984     0.0064325732   1.44118077e-06       1.00004338       2.00148117       1.00078399            0.025  0.000624459457  0.000624426056  67
      0.019763699      0.187486907    0.00742632352   1.06731222e-06       1.00004554       2.00149021       1.00079068            0.025  0.000624459646  0.000624440578  66
      0.044763699      0.187486907    0.00742632339   1.06724601e-06       1.00004554        2.0014902       1.00079068            0.025  0.000624459646  0.000624425925  65
     0.0207487804      0.212484878    0.00842029152   1.00348139e-06       1.00003906       2.00150188       1.00079003            0.025  0.000624472498  0.00062445344  64
     0.0457487803      0.212484878    0.00842029139   1.00342482e-06       1.00003906       2.00150187       1.00079002            0.025  0.000624472498  0.000624436826  63
     0.0217394097      0.237483721    0.00941459375   9.39425708e-08       1.00003269       2.00151245       1.00078894            0.025  0.000624466496  0.000624454383  62
     0.0467394097      0.237483721    0.00941459362   9.38738683e-08       1.00003269       2.00151244       1.00078894            0.025  0.000624466496  0.000624435807  61
     0.0227363696      0.262481667     0.0104091179  -1.52307998e-07       1.00003639       2.00152143       1.00079713            0.025  0.000624454129  0.00062444372  60
     0.0477363696      0.262481667     0.0104091178  -1.52347161e-07       1.00003639       2.00152142       1.00079713            0.025  0.000624454129  0.000624423182  59
     0.0237401777      0.287479564     0.0114039804  -7.26041024e-07       1.00003641        2.0015316       1.00080223            0.025  0.000624454431  0.000624444995  58
     0.0487401777      0.287479564     0.0114039804  -7.25948123e-07        1.0000364       2.00153159       1.00080223            0.025  0.000624454431  0.000624422495  57
     0.0247517353      0.312477505      0.012399198  -1.02076083e-06       1.00003132       2.00154313       1.00080291            0.025  0.000624467403  0.000624453784  56
     0.0497517354      0.312477505     0.0123991996  -1.02011412e-06       1.00003132       2.00154312        1.0008029            0.025  0.000624467403  0.000624433274  55
     0.0257715597       0.33747633     0.0133948807  -2.08396933e-06       1.00003114       2.00156313       1.00081273            0.025  0.000624467764  0.000624437119  54
   0.000771559934       0.33747633     0.0133948823  -2.08326166e-06       1.00003114       2.00156312       1.00081273            0.025  0.000624467764  0.00062445989  53
     0.0268002316      0.362474275     0.0143909049  -2.36854986e-06       1.00003595       2.00158168       1.00082682            0.025  0.000624455528  0.000624420929  52
    0.00180023232      0.362474275     0.0143909085  -2.36884935e-06       1.00003596       2.00158169       1.00082684            0.025  0.000624455516  0.000624449309  51
     0.0278386715      0.387472176     0.0153874115  -2.95585268e-06       1.00003442       2.00160194       1.00083541            0.025  0.000624455943  0.000624420334  50
     0.0028386529      0.387472176     0.0153874209  -2.95496322e-06       1.00003439       2.00160195       1.00083539            0.025  0.000624455961  0.000624450711  49
     0.0288872796      0.412470114     0.0163844035   -3.3122113e-06       1.00002295       2.00162398       1.00083495            0.025  0.000624462813  0.000624431333  48
    0.00388730798      0.412470114     0.0163843923  -3.31370567e-06       1.00002297       2.00162399       1.00083498            0.025  0.000624462801  0.000624463647  47
       0.02994697      0.437468919     0.0173819725  -4.55015143e-06       1.00002378        2.0016434       1.00084549            0.025  0.000624463298  0.000624431344  46
    0.00494693219      0.437468919     0.0173819879  -4.54801732e-06       1.00002376       2.00164341       1.00084549            0.025  0.00062446331  0.000624465651  45
     0.0310181302      0.462466891      0.018380043  -4.70978853e-06       1.00002347       2.00167332       1.00086015            0.025  0.000624463812  0.00062443108  44
     0.0060181747      0.462466891     0.0183800067  -4.70980755e-06       1.00002341       2.00167333       1.00086009            0.025  0.000624463861  0.000624467394  43
     0.0321016841      0.487465706     0.0193787707  -5.90694906e-06       1.00002174        2.0017035        1.0008735            0.025  0.00062446442  0.000624430762  42
    0.00710171807      0.487465706     0.0193787312  -5.90536932e-06       1.00002177       2.00170351       1.00087355            0.025  0.000624464395  0.00062446897  41
     0.0331982099      0.512463675     0.0203780174  -6.10966288e-06       1.00001739       2.00173301       1.00088391            0.025  0.000624458775  0.000624430857  40
    0.00819821692      0.512463675     0.0203779981  -6.10782004e-06       1.00001739       2.00173303       1.00088392            0.025  0.000624458769  0.000624471056  39
     0.0343083404      0.537462521     0.0213780005  -7.13624812e-06       1.00000696       2.00176575       1.00088985            0.025  0.000624472074  0.000624441645  38
    0.00930836793      0.537462521     0.0213779839  -7.13699645e-06         1.000007       2.00176577       1.00088989            0.025  0.000624472042  0.000624483791  37
     0.0354328647      0.562461362     0.0223786503  -8.20819216e-06       1.00000745        2.0018037        1.0009093            0.025  0.000624453885  0.000624430191  36
     0.0104328291      0.562461362     0.0223786797  -8.20807891e-06        1.0000075       2.00180372       1.00090936            0.025  0.000624453846  0.000624474303  35
     0.0365722824      0.587459316     0.0233799671  -8.55754519e-06       1.00000415       2.00184386       1.00092609            0.025  0.000624454573  0.000624429994  34
      0.011572256      0.587459316      0.023379991  -8.55771754e-06       1.00000409       2.00184388       1.00092604            0.025  0.000624454619  0.000624476167  33
     0.0377273196      0.612458157     0.0243821256  -9.66186489e-06      0.999991477       2.00189545       1.00093919            0.025  0.000624461754  0.000624441659  32
     0.0127273472      0.612458157      0.024382109  -9.66257247e-06      0.999991454       2.00189546       1.00093918            0.025  0.000624461774  0.000624489783  31
     0.0388987608      0.637457041     0.0253850252  -1.05028547e-05      0.999990327       2.00194382       1.00096223            0.025  0.000624460099  0.000624442749  30
       0.01389876      0.637457041     0.0253850201  -1.05019219e-05      0.999990355       2.00194384       1.00096227            0.025  0.000624460079  0.00062449281  29
     0.0400872146      0.662455971     0.0263887267  -1.10657799e-05      0.999977841        2.0019955       1.00097557            0.025  0.000624468597  0.000624454437  28
     0.0150872146      0.662455971     0.0263887269  -1.10657287e-05      0.999977838       2.00199552       1.00097558            0.025  0.000624468597  0.0006245065  27
     0.0412932989      0.687455781     0.0273933477  -1.24240694e-05      0.999971592       2.00205473       1.00099893            0.025  0.000624464518  0.000624455084  26
     0.0162932989      0.687455781     0.0273933478   -1.2423941e-05      0.999971592       2.00205475       1.00099894            0.025  0.000624464518  0.000624509128  25
     0.0425177934      0.712454757     0.0283987598  -1.27171932e-05      0.999963549       2.00212386       1.00102544            0.025  0.000624459242  0.000624455852  24
     0.0175177934      0.712454757       0.02839876  -1.27171137e-05      0.999963549       2.00212389       1.00102545            0.025  0.000624459242  0.000624511879  23
     0.0437613272       0.73745462     0.0294051549  -1.37724898e-05      0.999946254       2.00219543       1.00104391            0.025  0.000624465404  0.000624467799  22
     0.0187613272       0.73745462      0.029405155  -1.37723776e-05      0.999946254       2.00219545       1.00104392            0.025  0.000624465404  0.000624525812  21
      0.045024591      0.762454528     0.0304124757    -1.454389e-05      0.999936693       2.00227369       1.00107347            0.025  0.000624457734  0.000624469232  20
      0.020024591      0.762454528     0.0304124758  -1.45437815e-05      0.999936693       2.00227371       1.00107348            0.025  0.000624457734  0.000624529231  19
     0.0463081888      0.787454487     0.0314207493  -1.50132361e-05      0.999917972       2.00236411       1.00109993            0.025  0.00062446213  0.000624482017  18
     0.0213081888      0.787454487     0.0314207494  -1.50132142e-05      0.999917972       2.00236414       1.00109994            0.025  0.00062446213  0.000624544006  17
     0.0476129367      0.812455385      0.032430086  -1.58898595e-05      0.999897763       2.00247336       1.00113431            0.025  0.000624464088  0.000624495603  16
     0.0226129367      0.812455385     0.0324300857  -1.58902562e-05      0.999897763       2.00247338       1.00113433            0.025  0.000624464088  0.000624559584  15
     0.0489394249      0.837456391     0.0334404355  -1.60855407e-05      0.999873339       2.00259256       1.00116946            0.025  0.000624463605  0.000624508064  14
     0.0239394249      0.837456391     0.0334404308  -1.60878694e-05       0.99987334       2.00259259       1.00116947            0.025  0.000624463605  0.000624564167  13
   0.000288371827       0.86245834     0.0344518931  -1.66701614e-05      0.999845655       2.00273062       1.00121075            0.025  0.000624460063  0.000624592902  12
     0.0252883716       0.86245834     0.0344518884  -1.66726274e-05      0.999845656       2.00273064       1.00121077            0.025  0.000624460063  0.000624534507  11
    0.00166046502      0.887460454     0.0354643852  -1.62037604e-05      0.999804428       2.00289975       1.00125402            0.025  0.000624464218  0.00062462022  10
     0.0266604646      0.887460454      0.035464385  -1.62043826e-05      0.999804429       2.00289976       1.00125403            0.025  0.000624464218  0.00062455025  9
    0.00305643297      0.912464458     0.0364781247  -1.64646194e-05       0.99975423       2.00310676       1.00130723            0.025  0.000624460943  0.000624650125  8
     0.0280564326      0.912464458     0.0364781249  -1.64649048e-05      0.999754229       2.00310675       1.00130722            0.025  0.000624460943  0.000624578154  7
    0.00447684927      0.937468732     0.0374929287  -1.49793488e-05      0.999679537       2.00337161        1.0013648            0.025  0.000624455372  0.000624694078  6
     0.0294768491      0.937468732     0.0374929297  -1.49796674e-05      0.999679544       2.00337159        1.0013648            0.025  0.000624455368  0.000624620097  5
    0.00592255019      0.962476002     0.0385090005  -1.35130039e-05      0.999530636       2.00377219       1.00141585            0.025  0.000624459129  0.00062479129  4
     0.0309225448      0.962476003     0.0385089995  -1.35119976e-05      0.999530602       2.00377216        1.0014158            0.025  0.000624459155  0.000624715325  3
    0.00739397799      0.987487755      0.039526251   -8.8791205e-06      0.999233557        2.0047504       1.00160693            0.025  0.000624468328  0.000624977666  2
     0.0323940044      0.987487755     0.0395262272  -8.87837291e-06      0.999233553       2.00475037       1.00160692            0.025  0.000624468333  0.000624912675  1
