title='particle position' 
variables=x, y, Ux, Uy, rho, e, p, h=supportlength/2, m, V, ID 
    0.00557189362      0.987494777      0.039499473    -1.092914e-05      0.999643101        2.0041101       1.00169742            0.025  0.000624461818  0.000624716891  80
     0.0305718936      0.987494777     0.0394994742  -1.09287731e-05      0.999643101       2.00411044       1.00169759            0.025  0.000624461818  0.000624651944  79
    0.00479295904      0.962488163     0.0384608107  -2.36739966e-05      0.999764205       2.00290164       1.00121468            0.025  0.000624461818  0.000624647122  78
      0.029792959      0.962488163      0.038460811  -2.36741803e-05      0.999764205       2.00290194       1.00121483            0.025  0.000624461818  0.000624571172  77
    0.00403889648      0.937484245     0.0374236561   -3.1818003e-05      0.999844929       2.00243917       1.00106432            0.025  0.000624461818  0.00062459566  76
     0.0290388966      0.937484245     0.0374236558  -3.18182727e-05      0.999844929        2.0024394       1.00106444            0.025  0.000624461818  0.000624521763  75
    0.00330919113      0.912481551     0.0363880445  -3.77732828e-05      0.999886709       2.00213259       1.00095289            0.025  0.000624461818  0.000624568536  74
     0.0283091912      0.912481551     0.0363880441  -3.77735008e-05      0.999886709       2.00213279       1.00095298            0.025  0.000624461818  0.000624496686  73
    0.00260316227      0.887479631      0.035354084  -4.23245003e-05      0.999914857       2.00190413       1.00086684            0.025  0.000624461818  0.00062454993  72
     0.0276031623      0.887479631     0.0353540837  -4.23246815e-05      0.999914857        2.0019043       1.00086693            0.025  0.000624461818  0.000624480123  71
    0.00192012851      0.862478266     0.0343218711  -4.58464681e-05      0.999935742       2.00172252       1.00079695            0.025  0.000624461818  0.000624535864  70
     0.0269201286      0.862478265     0.0343218708  -4.58466519e-05      0.999935742       2.00172268       1.00079703            0.025  0.000624461818  0.000624468096  69
    0.00125941038      0.837477319     0.0332914985  -4.85629549e-05      0.999952019       2.00157232       1.00073814            0.025  0.000624461818  0.000624524679  68
     0.0262594104      0.837477319     0.0332914977  -4.85633242e-05      0.999952019       2.00157246       1.00073821            0.025  0.000624461818  0.000624458945  67
   0.000620330452      0.812476702     0.0322630648  -5.06231766e-05      0.999965095       2.00144477       1.00068746            0.025  0.000624461818  0.000624515975  66
     0.0256203305      0.812476702       0.03226306  -5.06243249e-05      0.999965095        2.0014449       1.00068752            0.025  0.000624461818  0.000624461865  65
   2.21312502e-06       0.78747635     0.0312366321  -5.21348233e-05      0.999975816       2.00133444       1.00064302            0.025  0.000624461818  0.000624445614  64
     0.0250022132       0.78747635     0.0312366275  -5.21358566e-05      0.999975816       2.00133456       1.00064308            0.025  0.000624461818  0.00062449738  63
     0.0494043852      0.762476214     0.0302122786  -5.31781049e-05      0.999984734       2.00123771       1.00060358            0.025  0.000624461818  0.000624441549  62
     0.0244043854      0.762476214     0.0302122781  -5.31782728e-05      0.999984734       2.00123782       1.00060363            0.025  0.000624461818  0.000624501203  61
     0.0488261756      0.737476257     0.0291900969  -5.38148329e-05      0.999992232       2.00115204       1.00056825            0.025  0.000624461818  0.000624437875  60
     0.0238261758      0.737476257     0.0291900969  -5.38147927e-05      0.999992232       2.00115214       1.00056829            0.025  0.000624461818  0.00062449551  59
     0.0482669147      0.712476449     0.0281701408  -5.40953709e-05      0.999998584       2.00107559       1.00053638            0.025  0.000624461818  0.000624434913  58
     0.0232669149      0.712476449     0.0281701407  -5.40953042e-05      0.999998584       2.00107567       1.00053642            0.025  0.000624461818  0.000624490535  57
     0.0477259353      0.687476765     0.0271524661  -5.40609134e-05         1.000004       2.00100696       1.00050748            0.025  0.000624461818  0.000624432536  56
     0.0227259355      0.687476765     0.0271524661  -5.40608473e-05         1.000004       2.00100704       1.00050752            0.025  0.000624461818  0.000624486149  55
     0.0472025721      0.662477188      0.026137121  -5.37458655e-05       1.00000863       2.00094509       1.00048118            0.025  0.000624461818  0.000624430645  54
     0.0222025723      0.662477188      0.026137121  -5.37458033e-05       1.00000863       2.00094516       1.00048121            0.025  0.000624461818  0.000624482253  53
     0.0466961619      0.637477699     0.0251241444  -5.31794739e-05        1.0000126       2.00088912       1.00045717            0.025  0.000624461818  0.000624429162  52
      0.021696162      0.637477699     0.0251241444  -5.31794158e-05        1.0000126       2.00088919        1.0004572            0.025  0.000624461818  0.00062447877  51
     0.0462060435      0.612478285      0.024113566  -5.23869585e-05       1.00001602       2.00083836       1.00043521            0.025  0.000624461818  0.000624428025  50
     0.0212060436      0.612478285      0.024113566  -5.23869043e-05       1.00001602       2.00083842       1.00043523            0.025  0.000624461818  0.000624475638  49
     0.0457315579      0.587478935     0.0231054057  -5.13903321e-05       1.00001896       2.00079224       1.00041509            0.025  0.000624461818  0.000624427184  48
      0.020731558      0.587478935     0.0231054058  -5.13902815e-05       1.00001896        2.0007923       1.00041511            0.025  0.000624461818  0.000624472806  47
      0.045272048      0.562479639     0.0220996735  -5.02090095e-05       1.00002149        2.0007503       1.00039665            0.025  0.000624461818  0.000624426596  46
     0.0202720481      0.562479639     0.0220996735  -5.02089624e-05       1.00002149       2.00075034       1.00039667            0.025  0.000624461818  0.000624470232  45
     0.0448268587      0.537480388     0.0210963688  -4.88602691e-05       1.00002366       2.00071212       1.00037973            0.025  0.000624461818  0.000624426227  44
     0.0198268588      0.537480388     0.0210963688  -4.88602252e-05       1.00002366       2.00071216       1.00037975            0.025  0.000624461818  0.000624467882  43
     0.0443953369      0.512481176     0.0200954805   -4.7359607e-05       1.00002553       2.00067737       1.00036422            0.025  0.000624461818  0.000624426047  42
      0.019395337      0.512481176     0.0200954806   -4.7359566e-05       1.00002553        2.0006774       1.00036424            0.025  0.000624461818  0.000624465726  41
     0.0439768317      0.487481995     0.0190969871   -4.5721013e-05       1.00002713       2.00064574       1.00035001            0.025  0.000624461818  0.000624426032  40
     0.0189768318      0.487481995     0.0190969871  -4.57209748e-05       1.00002713       2.00064577       1.00035003            0.025  0.000624461818  0.000624463739  39
     0.0435706939      0.462482842      0.018100856  -4.39571886e-05        1.0000285       2.00061697         1.000337            0.025  0.000624461818  0.000624426159  38
      0.018570694      0.462482842      0.018100856   -4.3957153e-05        1.0000285         2.000617       1.00033702            0.025  0.000624461818  0.0006244619  37
     0.0431762761       0.43748371      0.017107044  -4.20797203e-05       1.00002967       2.00059084        1.0003251            0.025  0.000624461818  0.00062442641  36
     0.0181762762       0.43748371      0.017107044  -4.20796871e-05       1.00002967       2.00059087       1.00032511            0.025  0.000624461818  0.000624460189  35
     0.0427929331      0.412484597     0.0161154972  -4.00992198e-05       1.00003066       2.00056713       1.00031424            0.025  0.000624461818  0.00062442677  34
     0.0177929332      0.412484597     0.0161154973  -4.00991888e-05       1.00003066       2.00056716       1.00031425            0.025  0.000624461818  0.00062445859  33
     0.0424200211      0.387485499     0.0151261512  -3.80254385e-05        1.0000315       2.00054566       1.00030434            0.025  0.000624461818  0.000624427223  32
     0.0174200212      0.387485499     0.0151261513  -3.80254096e-05        1.0000315       2.00054568       1.00030435            0.025  0.000624461818  0.00062445709  31
     0.0420568984      0.362486412     0.0141389312  -3.58673623e-05       1.00003221       2.00052627       1.00029535            0.025  0.000624461818  0.000624427757  30
     0.0170568984      0.362486412     0.0141389313  -3.58673352e-05       1.00003221       2.00052629       1.00029536            0.025  0.000624461818  0.000624455675  29
     0.0417029246      0.337487336     0.0131537522  -3.36332913e-05        1.0000328       2.00050879        1.0002872            0.025  0.000624461818  0.00062442836  28
     0.0167029246      0.337487336     0.0131537523   -3.3633266e-05        1.0000328       2.00050881       1.00028721            0.025  0.000624461818  0.000624454333  27
     0.0413574611      0.312488267     0.0121705196  -3.13309082e-05       1.00003329       2.00049311       1.00027985            0.025  0.000624461818  0.000624429025  26
     0.0163574612      0.312488267     0.0121705197  -3.13308845e-05       1.00003329       2.00049313       1.00027986            0.025  0.000624461818  0.000624453056  25
     0.0410198709      0.287489203     0.0111891292  -2.89673372e-05       1.00003369       2.00047909       1.00027324            0.025  0.000624461818  0.00062442974  24
      0.016019871      0.287489203     0.0111891293   -2.8967315e-05       1.00003369        2.0004791       1.00027325            0.025  0.000624461818  0.000624451834  23
     0.0406895182      0.262490145     0.0102094681  -2.65491971e-05       1.00003402       2.00046662       1.00026734            0.025  0.000624461818  0.0006244305  22
     0.0156895183      0.262490145     0.0102094682  -2.65491762e-05       1.00003402       2.00046663       1.00026735            0.025  0.000624461818  0.000624450659  21
     0.0403657686      0.237491089    0.00923141475   -2.4082649e-05       1.00003429        2.0004556        1.0002621            0.025  0.000624461818  0.000624431297  20
     0.0153657687      0.237491089    0.00923141485  -2.40826293e-05       1.00003429       2.00045561        1.0002621            0.025  0.000624461818  0.000624449524  19
     0.0400479891      0.212492036    0.00825483974  -2.15734404e-05       1.00003451       2.00044594       1.00025749            0.025  0.000624461818  0.000624432124  18
     0.0150479891      0.212492036    0.00825483984  -2.15734218e-05       1.00003451       2.00044595       1.00025749            0.025  0.000624461818  0.000624448424  17
     0.0397355474      0.187492984    0.00727960636  -1.90269475e-05       1.00003468       2.00043756       1.00025347            0.025  0.000624461818  0.000624432978  16
     0.0147355475      0.187492984    0.00727960647  -1.90269298e-05       1.00003468       2.00043757       1.00025347            0.025  0.000624461818  0.000624447352  15
     0.0394278128      0.162493933    0.00630557124  -1.64482149e-05       1.00003482       2.00043038       1.00025002            0.025  0.000624461818  0.000624433853  14
     0.0144278129      0.162493933    0.00630557135  -1.64481979e-05       1.00003482       2.00043039       1.00025002            0.025  0.000624461818  0.000624446304  13
     0.0391241551      0.137494883    0.00533258502  -1.38419952e-05       1.00003493       2.00042435       1.00024711            0.025  0.000624461818  0.000624434746  12
     0.0141241551      0.137494883    0.00533258512   -1.3841979e-05       1.00003493       2.00042436       1.00024712            0.025  0.000624461818  0.000624445276  11
      0.038823945      0.112495833    0.00436049305   -1.1212788e-05       1.00003501       2.00041941       1.00024473            0.025  0.000624461818  0.000624435654  10
      0.013823945      0.112495833    0.00436049316  -1.12127723e-05       1.00003501       2.00041942       1.00024473            0.025  0.000624461818  0.000624444264  9
     0.0385265539     0.0874967838    0.00338913622  -8.56487774e-06       1.00003508       2.00041552       1.00024284            0.025  0.000624461818  0.000624436573  8
     0.0135265539     0.0874967838    0.00338913633  -8.56486258e-06       1.00003508       2.00041552       1.00024284            0.025  0.000624461818  0.000624443265  7
     0.0382313538     0.0624977344    0.00241835165  -5.90237301e-06       1.00003512       2.00041263       1.00024145            0.025  0.000624461818  0.000624437501  6
     0.0132313538     0.0624977344    0.00241835175   -5.9023584e-06       1.00003512       2.00041263       1.00024145            0.025  0.000624461818  0.000624442276  5
      0.037937717      0.037498685    0.00144797354  -3.22922716e-06       1.00003516       2.00041074       1.00024054            0.025  0.000624461818  0.000624438435  4
      0.012937717      0.037498685    0.00144797365  -3.22921412e-06       1.00003516       2.00041074       1.00024054            0.025  0.000624461818  0.000624441294  3
     0.0376450165     0.0124996361   0.000477836847  -5.47872817e-07       1.00003232       2.00040364       1.00023415            0.025  0.000624461818  0.000624441086  2
     0.0126450165     0.0124996361   0.000477836897  -5.47864301e-07       1.00003232       2.00040364       1.00023415            0.025  0.000624461818  0.000624442189  1
