title='particle position' 
variables=x, y, Ux, Uy, rho, e, p, h=supportlength/2, m, V, ID 
     0.0253958214      0.987489786     0.0395221855  -9.31782838e-06      0.999328467       2.00457741       1.00161564            0.025  0.000624461818  0.000624860745  80
   0.000395821874      0.987489786     0.0395221887  -9.31634376e-06      0.999328469       2.00457766       1.00161576            0.025  0.000624461818  0.00062491465  79
     0.0241045054      0.962478599     0.0385049245   -1.5237671e-05      0.999575117       2.00353302       1.00134088            0.025  0.000624461818  0.000624752593  78
     0.0491045056      0.962478599     0.0385049292  -1.52354847e-05      0.999575114        2.0035332       1.00134096            0.025  0.000624461818  0.000624687967  77
     0.0228387327      0.937471891      0.037488929  -1.84723451e-05      0.999709948       2.00312272       1.00127086            0.025  0.000624461818  0.00062468004  76
     0.0478387327      0.937471891     0.0374889294  -1.84720274e-05      0.999709947       2.00312285       1.00127092            0.025  0.000624461818  0.000624606054  75
     0.0215979536      0.912467252     0.0364741382  -2.04569485e-05      0.999780432       2.00284287       1.00120156            0.025  0.000624461818  0.000624634997  74
     0.0465979536      0.912467252     0.0364741381  -2.04570729e-05      0.999780432       2.00284296        1.0012016            0.025  0.000624461818  0.000624563017  73
     0.0203814906      0.887463914     0.0354605272  -2.17016357e-05      0.999827757       2.00263158       1.00114332            0.025  0.000624461818  0.00062460443  72
     0.0453814905      0.887463914     0.0354605271  -2.17018002e-05      0.999827757       2.00263165       1.00114336            0.025  0.000624461818  0.000624534451  71
     0.0191886587      0.862461505     0.0344480655  -2.24413485e-05      0.999862969        2.0024623       1.00109395            0.025  0.000624461818  0.000624581433  70
     0.0441886587      0.862461505     0.0344480654  -2.24415016e-05      0.999862969       2.00246235       1.00109398            0.025  0.000624461818  0.000624513454  69
     0.0180187745      0.837459802     0.0334367208  -2.28126997e-05      0.999890572       2.00232143       1.00105116            0.025  0.000624461818  0.000624563192  68
     0.0430187744      0.837459802     0.0334367207  -2.28128392e-05      0.999890572       2.00232148       1.00105118            0.025  0.000624461818  0.000624497209  67
     0.0168711559      0.812458657     0.0324264607  -2.29050101e-05      0.999912924       2.00220118       1.00101342            0.025  0.000624461818  0.000624548233  66
     0.0418711559      0.812458657     0.0324264605  -2.29051384e-05      0.999912924       2.00220121       1.00101344            0.025  0.000624461818  0.000624484244  65
     0.0157451228      0.787457964     0.0314172528  -2.27808188e-05      0.999931432       2.00209667       1.00097969            0.025  0.000624461818  0.000624535676  64
     0.0407451228      0.787457964     0.0314172527  -2.27809381e-05      0.999931432        2.0020967       1.00097971            0.025  0.000624461818  0.000624473679  63
     0.0146399964      0.762457642      0.030409065  -2.24859724e-05      0.999947006       2.00200464       1.00094927            0.025  0.000624461818  0.000624524953  62
     0.0396399964      0.762457642     0.0304090649  -2.24860843e-05      0.999947006       2.00200466       1.00094928            0.025  0.000624461818  0.000624464946  61
     0.0135550994      0.737457632     0.0294018653  -2.20552162e-05      0.999960272        2.0019228       1.00092164            0.025  0.000624461818  0.000624515674  60
     0.0385550994      0.737457632     0.0294018652  -2.20553219e-05      0.999960272       2.00192283       1.00092165            0.025  0.000624461818  0.000624457654  59
     0.0124897558      0.712457885     0.0283956216  -2.15155518e-05      0.999971678        2.0018495        1.0008964            0.025  0.000624461818  0.000624507557  58
     0.0374897558      0.712457885     0.0283956215  -2.15156521e-05      0.999971678       2.00184952       1.00089641            0.025  0.000624461818  0.000624451522  57
      0.011443291      0.687458361     0.0273903018  -2.08883779e-05      0.999981556       2.00178346       1.00087327            0.025  0.000624461818  0.000624500395  56
     0.0364432909      0.687458361     0.0273903018  -2.08884734e-05      0.999981556       2.00178348       1.00087328            0.025  0.000624461818  0.000624446344  55
     0.0104150314      0.662459027     0.0263858739  -2.01909177e-05       0.99999016        2.0017237         1.000852            0.025  0.000624461818  0.00062449403  54
     0.0354150313      0.662459027     0.0263858738   -2.0191009e-05       0.99999016       2.00172373       1.00085202            0.025  0.000624461818  0.000624441961  53
    0.00940430473      0.637459858     0.0253823057  -1.94372065e-05      0.999997687       2.00166946       1.00083242            0.025  0.000624461818  0.000624488338  52
     0.0344043046      0.637459858     0.0253823056  -1.94372941e-05      0.999997687       2.00166949       1.00083243            0.025  0.000624461818  0.00062443825  51
    0.00841043978      0.612460831     0.0243795649  -1.86387948e-05       1.00000429       2.00162011       1.00081435            0.025  0.000624461818  0.000624483222  50
     0.0334104397      0.612460831     0.0243795649   -1.8638879e-05       1.00000429       2.00162014       1.00081437            0.025  0.000624461818  0.000624435112  49
    0.00743276642      0.587461926     0.0233776195   -1.7805261e-05       1.00001011       2.00157512       1.00079768            0.025  0.000624461818  0.000624478601  48
     0.0324327663      0.587461926     0.0233776194  -1.78053422e-05       1.00001011       2.00157515       1.00079769            0.025  0.000624461818  0.000624432469  47
    0.00647061551      0.562463127      0.022376437  -1.69445936e-05       1.00001524       2.00153406       1.00078228            0.025  0.000624461818  0.000624474412  46
     0.0314706154      0.562463127     0.0223764369  -1.69446721e-05       1.00001524        2.0015341        1.0007823            0.025  0.000624461818  0.000624430254  45
     0.0055233189      0.537464419      0.021375985  -1.60634798e-05       1.00001976       2.00149657       1.00076806            0.025  0.000624461818  0.000624470598  44
     0.0305233188      0.537464419      0.021375985  -1.60635559e-05       1.00001976       2.00149661       1.00076808            0.025  0.000624461818  0.000624428415  43
    0.00459020936      0.512465791     0.0203762311  -1.51675281e-05       1.00002376       2.00146233       1.00075494            0.025  0.000624461818  0.000624467115  42
     0.0295902093      0.512465791     0.0203762311  -1.51676021e-05       1.00002376       2.00146238       1.00075496            0.025  0.000624461818  0.000624426905  41
    0.00367062057      0.487467232     0.0193771427  -1.42614409e-05       1.00002729       2.00143107       1.00074284            0.025  0.000624461818  0.000624463924  40
     0.0286706205      0.487467232     0.0193771427  -1.42615133e-05       1.00002729       2.00143112       1.00074287            0.025  0.000624461818  0.000624425685  39
    0.00276388703      0.462468732     0.0183786873  -1.33491499e-05       1.00003041       2.00140254        1.0007317            0.025  0.000624461818  0.000624460992  38
     0.0277638869      0.462468732     0.0183786873  -1.33492228e-05       1.00003041        2.0014026       1.00073173            0.025  0.000624461818  0.000624424723  37
    0.00186934406      0.437470284      0.017380832  -1.24339202e-05       1.00003316       2.00137654       1.00072145            0.025  0.000624461818  0.00062445829  36
     0.0268693439      0.437470284      0.017380832  -1.24340078e-05       1.00003316        2.0013766       1.00072148            0.025  0.000624461818  0.00062442399  35
   0.000986327715      0.412471879     0.0163835443  -1.15184075e-05       1.00003558       2.00135288       1.00071204            0.025  0.000624461818  0.000624455793  34
     0.0259863276      0.412471879     0.0163835441  -1.15186078e-05       1.00003558       2.00135294       1.00071207            0.025  0.000624461818  0.00062442346  33
   0.000114174553      0.387473513     0.0153867959  -1.06046761e-05       1.00003771       2.00133138       1.00070343            0.025  0.000624461818  0.000624453801  32
     0.0251141745      0.387473513     0.0153867938  -1.06053479e-05       1.00003771       2.00133145       1.00070346            0.025  0.000624461818  0.00062442775  31
     0.0492522223      0.362475179      0.014390544  -9.69490786e-06       1.00003958        2.0013119       1.00069556            0.025  0.000624461818  0.000624422582  30
     0.0242522223      0.362475179     0.0143905419  -9.69553228e-06       1.00003958       2.00131196       1.00069559            0.025  0.000624461818  0.000624446367  29
     0.0483998092      0.337476872     0.0133947558  -8.79044002e-06       1.00004122        2.0012943        1.0006884            0.025  0.000624461818  0.000624422885  28
     0.0233998093      0.337476872     0.0133947556  -8.79053548e-06       1.00004122       2.00129436       1.00068843            0.025  0.000624461818  0.000624449319  27
      0.047556274      0.312478589     0.0123994082  -7.89183585e-06       1.00004265       2.00127845        1.0006819            0.025  0.000624461818  0.000624422973  26
     0.0225562741      0.312478589     0.0123994083  -7.89180169e-06       1.00004265        2.0012785       1.00068193            0.025  0.000624461818  0.000624447443  25
     0.0467209557      0.287480326     0.0114044632  -6.99991568e-06        1.0000439       2.00126423       1.00067604            0.025  0.000624461818  0.000624423177  24
     0.0217209558      0.287480326     0.0114044632  -6.99986329e-06        1.0000439       2.00126428       1.00067607            0.025  0.000624461818  0.000624445683  23
     0.0458931942      0.262482079     0.0104098873   -6.1151196e-06       1.00004498       2.00125156       1.00067078            0.025  0.000624461818  0.000624423484  22
     0.0208931943      0.262482079     0.0104098874  -6.11506557e-06       1.00004498        2.0012516       1.00067081            0.025  0.000624461818  0.000624444028  21
     0.0450723297      0.237483846    0.00941564741  -5.23758825e-06       1.00004591       2.00124033        1.0006661            0.025  0.000624461818  0.000624423884  20
     0.0200723298      0.237483846    0.00941564746   -5.2375348e-06       1.00004591       2.00124037       1.00066612            0.025  0.000624461818  0.000624442465  19
     0.0442577028      0.212485625     0.0084217101  -4.36722275e-06       1.00004671       2.00123046       1.00066197            0.025  0.000624461818  0.000624424366  18
     0.0192577029      0.212485625    0.00842171015  -4.36717012e-06       1.00004671        2.0012305       1.00066198            0.025  0.000624461818  0.000624440986  17
     0.0434486547      0.187487413    0.00742804201  -3.50371425e-06       1.00004738       2.00122188       1.00065835            0.025  0.000624461818  0.000624424922  16
     0.0184486548      0.187487413    0.00742804207  -3.50366237e-06       1.00004738       2.00122191       1.00065837            0.025  0.000624461818  0.000624439581  15
     0.0426445268      0.162489209    0.00643460973  -2.64656768e-06       1.00004796       2.00121452       1.00065525            0.025  0.000624461818  0.000624425545  14
     0.0176445268      0.162489209    0.00643460979  -2.64651647e-06       1.00004796       2.00121455       1.00065526            0.025  0.000624461818  0.000624438243  13
     0.0418446606      0.137491011    0.00544137979  -1.79512419e-06       1.00004843       2.00120833       1.00065263            0.025  0.000624461818  0.000624426228  12
     0.0168446607      0.137491011    0.00544137984  -1.79507355e-06       1.00004843       2.00120835       1.00065264            0.025  0.000624461818  0.000624436966  11
     0.0410483983      0.112492819    0.00444831868  -9.48583074e-07       1.00004882       2.00120326       1.00065048            0.025  0.000624461818  0.000624426965  10
     0.0160483984      0.112492819    0.00444831874   -9.4853292e-07       1.00004882       2.00120328       1.00065049            0.025  0.000624461818  0.000624435743  9
     0.0402550821     0.0874946301    0.00345539288  -1.06023441e-07       1.00004913       2.00119926       1.00064879            0.025  0.000624461818  0.000624427752  8
     0.0152550821     0.0874946301    0.00345539293  -1.05973806e-07       1.00004913       2.00119928        1.0006488            0.025  0.000624461818  0.000624434571  7
     0.0394640542     0.0624964448    0.00246256882   7.33574166e-07       1.00004936       2.00119631       1.00064755            0.025  0.000624461818  0.000624428585  6
     0.0144640542     0.0624964449    0.00246256888   7.33622622e-07       1.00004936       2.00119632       1.00064755            0.025  0.000624461818  0.000624433445  5
     0.0386746572     0.0374982621    0.00146981297   1.57119028e-06       1.00004949       2.00119434       1.00064669            0.025  0.000624461818  0.000624429483  4
     0.0136746572     0.0374982621    0.00146981303   1.57123323e-06       1.00004949       2.00119435        1.0006467            0.025  0.000624461818  0.000624432384  3
     0.0378862404     0.0125000794    0.00047711976   2.39204289e-06       1.00002156        2.0011417       1.00059242            0.025  0.000624461818  0.00062444782  2
     0.0128862404     0.0125000794    0.00047711979   2.39206819e-06       1.00002156        2.0011417       1.00059242            0.025  0.000624461818  0.000624448928  1
