title='particle position' 
variables=x, y, Ux, Uy, rho, e, p, h=supportlength/2, m, V, ID 
    0.00477912364      0.987494997     0.0394965888  -1.10334201e-05      0.999657875       2.00409194       1.00170314            0.025  0.000624461818  0.000624707666  80
     0.0297791236      0.987494997       0.03949659  -1.10330629e-05      0.999657874       2.00409229       1.00170332            0.025  0.000624461818  0.000624642725  79
    0.00402108238      0.962488642     0.0384531657  -2.40908601e-05       0.99977401       2.00287735       1.00121236            0.025  0.000624461818  0.00062464099  78
     0.0290210824      0.962488642     0.0384531661  -2.40910538e-05      0.999774011       2.00287765       1.00121251            0.025  0.000624461818  0.000624565053  77
    0.00328788245       0.93748489     0.0374112938  -3.24469243e-05      0.999851909       2.00241215       1.00105781            0.025  0.000624461818  0.000624591289  76
     0.0282878826       0.93748489     0.0374112935  -3.24471985e-05      0.999851909       2.00241239       1.00105793            0.025  0.000624461818  0.000624517415  75
    0.00257900805      0.912482317     0.0363710383  -3.85681435e-05      0.999892174       2.00210417       1.00094414            0.025  0.000624461818  0.000624565106  74
     0.0275790081      0.912482317      0.036371038  -3.85683674e-05      0.999892174       2.00210437       1.00094425            0.025  0.000624461818  0.000624493288  73
    0.00189377601       0.88748049      0.035332536   -4.3252711e-05      0.999919284       2.00187478        1.0008566            0.025  0.000624461818  0.000624547145  72
     0.0268937761       0.88748049     0.0353325357   -4.3252925e-05      0.999919284       2.00187495       1.00085669            0.025  0.000624461818  0.000624477378  71
    0.00123150273      0.862479196     0.0342959117  -4.68825908e-05      0.999939377        2.0016925       1.00078558            0.025  0.000624461818  0.000624533569  70
     0.0262315028      0.862479196     0.0342959109  -4.68829929e-05      0.999939377       2.00169266       1.00078565            0.025  0.000624461818  0.00062446585  69
   0.000591506601      0.837478305     0.0332612958  -4.96859737e-05      0.999955015       2.00154179       1.00072588            0.025  0.000624461818  0.000624523275  68
     0.0255915067      0.837478305     0.0332612908   -4.9687193e-05      0.999955015       2.00154193       1.00072595            0.025  0.000624461818  0.000624467495  67
      0.049973108       0.81247773      0.032228781  -5.18163478e-05      0.999967559       2.00141384       1.00067446            0.025  0.000624461818  0.000624449774  66
     0.0249731081       0.81247773     0.0322287761  -5.18174369e-05      0.999967559       2.00141398       1.00067452            0.025  0.000624461818  0.000624503196  65
     0.0493756298      0.787477409     0.0311984763  -5.33829415e-05      0.999977826        2.0013032       1.00062941            0.025  0.000624461818  0.00062444489  64
       0.02437563      0.787477409     0.0311984758   -5.3383116e-05      0.999977826       2.00130332       1.00062947            0.025  0.000624461818  0.000624506492  63
      0.048798397      0.762477294     0.0301705059  -5.44671685e-05       0.99998635       2.00120622       1.00058945            0.025  0.000624461818  0.00062444058  62
     0.0237983972      0.762477294     0.0301705058  -5.44671244e-05       0.99998635       2.00120632        1.0005895            0.025  0.000624461818  0.000624500153  61
     0.0482407365       0.73747735     0.0291449526  -5.51333655e-05      0.999993501       2.00112035       1.00055367            0.025  0.000624461818  0.000624437125  60
     0.0232407366       0.73747735     0.0291449526  -5.51332941e-05      0.999993501       2.00112044       1.00055372            0.025  0.000624461818  0.000624494673  59
     0.0477019773      0.712477548     0.0281219013  -5.54330227e-05      0.999999545       2.00104374       1.00052142            0.025  0.000624461818  0.000624434359  58
     0.0227019774      0.712477548     0.0281219012  -5.54329523e-05      0.999999545       2.00104383       1.00052146            0.025  0.000624461818  0.000624489887  57
     0.0471814509      0.687477864     0.0271014275  -5.54083722e-05       1.00000468         2.000975       1.00049219            0.025  0.000624461818  0.000624432157  56
      0.022181451      0.687477864     0.0271014275  -5.54083061e-05       1.00000468       2.00097508       1.00049222            0.025  0.000624461818  0.00062448567  55
     0.0466784909       0.66247828     0.0260835966  -5.50947674e-05       1.00000907       2.00091304       1.00046559            0.025  0.000624461818  0.000624430424  54
      0.021678491       0.66247828     0.0260835966  -5.50947059e-05       1.00000907       2.00091311       1.00046562            0.025  0.000624461818  0.000624481927  53
     0.0461924331       0.63747878     0.0250684632  -5.45222986e-05       1.00001281       2.00085701       1.00044132            0.025  0.000624461818  0.000624429084  52
     0.0211924333       0.63747878     0.0250684632  -5.45222414e-05       1.00001281       2.00085707       1.00044136            0.025  0.000624461818  0.000624478583  51
     0.0457226158       0.61247935     0.0240560703   -5.3716937e-05       1.00001603       2.00080621       1.00041914            0.025  0.000624461818  0.000624428076  50
     0.0207226159       0.61247935     0.0240560704  -5.37168838e-05       1.00001603       2.00080626       1.00041917            0.025  0.000624461818  0.000624475576  49
     0.0452683793       0.58747998     0.0230464494  -5.27013695e-05       1.00001878       2.00076007       1.00039882            0.025  0.000624461818  0.000624427352  48
     0.0202683794       0.58747998     0.0230464494    -5.270132e-05       1.00001878       2.00076012       1.00039885            0.025  0.000624461818  0.000624472859  47
     0.0448290661       0.56248066     0.0220396193  -5.14956189e-05       1.00002114       2.00071812       1.00038021            0.025  0.000624461818  0.000624426871  46
     0.0198290662       0.56248066     0.0220396194  -5.14955729e-05       1.00002114       2.00071817       1.00038023            0.025  0.000624461818  0.00062447039  45
     0.0444040213      0.537481382     0.0210355866  -5.01175148e-05       1.00002316       2.00067995       1.00036314            0.025  0.000624461818  0.0006244266  44
     0.0194040214      0.537481382     0.0210355867   -5.0117472e-05       1.00002316       2.00067999       1.00036316            0.025  0.000624461818  0.000624468136  43
      0.043992592      0.512482139     0.0200343449  -4.85830543e-05       1.00002489       2.00064522       1.00034751            0.025  0.000624461818  0.000624426509  42
     0.0189925921      0.512482139      0.020034345  -4.85830145e-05       1.00002489       2.00064526       1.00034752            0.025  0.000624461818  0.000624466068  41
     0.0435941274      0.487482925     0.0190358748  -4.69066837e-05       1.00002636       2.00061362       1.00033318            0.025  0.000624461818  0.000624426575  40
     0.0185941275      0.487482925     0.0190358749  -4.69066468e-05       1.00002636       2.00061366        1.0003332            0.025  0.000624461818  0.000624464163  39
     0.0432079791      0.462483736     0.0180401439  -4.51015211e-05       1.00002761        2.0005849       1.00032007            0.025  0.000624461818  0.000624426776  38
     0.0182079792      0.462483736     0.0180401439  -4.51014867e-05       1.00002761       2.00058493       1.00032008            0.025  0.000624461818  0.000624462398  37
     0.0428335007      0.437484566     0.0170471066  -4.31795329e-05       1.00002867       2.00055881       1.00030808            0.025  0.000624461818  0.000624427094  36
     0.0178335008      0.437484566     0.0170471066   -4.3179501e-05       1.00002867       2.00055884        1.0003081            0.025  0.000624461818  0.000624460755  35
      0.042470048      0.412485412     0.0160567044  -4.11516779e-05       1.00002956       2.00053515       1.00029715            0.025  0.000624461818  0.000624427514  34
     0.0174700481      0.412485412     0.0160567045  -4.11516482e-05       1.00002956       2.00053518       1.00029716            0.025  0.000624461818  0.00062445922  33
     0.0421169787      0.387486272      0.015068866  -3.90280241e-05       1.00003031       2.00051374       1.00028719            0.025  0.000624461818  0.000624428022  32
     0.0171169787      0.387486272     0.0150688661  -3.90279965e-05       1.00003031       2.00051376        1.0002872            0.025  0.000624461818  0.000624457777  31
     0.0417736524      0.362487142     0.0140835075  -3.68178458e-05       1.00003093        2.0004944       1.00027814            0.025  0.000624461818  0.000624428605  30
     0.0167736525      0.362487142     0.0140835076  -3.68178201e-05       1.00003093       2.00049442       1.00027815            0.025  0.000624461818  0.000624456414  29
     0.0414394309       0.33748802     0.0131005326  -3.45297058e-05       1.00003145       2.00047699       1.00026995            0.025  0.000624461818  0.000624429253  28
     0.0164394309       0.33748802     0.0131005327  -3.45296819e-05       1.00003145       2.00047701       1.00026996            0.025  0.000624461818  0.000624455121  27
     0.0411136774      0.312488904     0.0121198331  -3.21715254e-05       1.00003187       2.00046137       1.00026256            0.025  0.000624461818  0.000624429956  26
     0.0161136775      0.312488904     0.0121198332  -3.21715031e-05       1.00003187       2.00046138       1.00026257            0.025  0.000624461818  0.000624453888  25
     0.0407957571      0.287489793     0.0111412896  -2.97506454e-05       1.00003222        2.0004474       1.00025593            0.025  0.000624461818  0.000624430707  24
     0.0157957572      0.287489793     0.0111412897  -2.97506246e-05       1.00003222       2.00044742       1.00025593            0.025  0.000624461818  0.000624452706  23
     0.0404850368      0.262490685     0.0101647716   -2.7273881e-05       1.00003249       2.00043499          1.00025            0.025  0.000624461818  0.000624431497  22
     0.0154850368      0.262490685     0.0101647717  -2.72738615e-05       1.00003249         2.000435          1.00025            0.025  0.000624461818  0.000624451568  21
     0.0401808846      0.237491579    0.00919013831  -2.47475708e-05       1.00003272       2.00042403       1.00024474            0.025  0.000624461818  0.00062443232  20
     0.0151808846      0.237491579    0.00919013841  -2.47475525e-05       1.00003272       2.00042404       1.00024474            0.025  0.000624461818  0.000624450467  19
     0.0398826703      0.212492475    0.00821723949  -2.21776231e-05       1.00003289       2.00041442       1.00024011            0.025  0.000624461818  0.00062443317  18
     0.0148826703      0.212492475    0.00821723959  -2.21776058e-05       1.00003289       2.00041443       1.00024011            0.025  0.000624461818  0.000624449396  17
     0.0395897647      0.187493371    0.00724591587  -1.95695591e-05       1.00003303       2.00040608       1.00023608            0.025  0.000624461818  0.000624434043  16
     0.0145897647      0.187493371    0.00724591598  -1.95695428e-05       1.00003303       2.00040609       1.00023608            0.025  0.000624461818  0.000624448351  15
       0.03930154      0.162494268    0.00627600013   -1.6928555e-05       1.00003314       2.00039895       1.00023262            0.025  0.000624461818  0.000624434934  14
     0.0143015401      0.162494268    0.00627600024  -1.69285395e-05       1.00003314       2.00039896       1.00023262            0.025  0.000624461818  0.000624447327  13
     0.0390173694      0.137495165    0.00530731766  -1.42594827e-05       1.00003322       2.00039296        1.0002297            0.025  0.000624461818  0.00062443584  12
     0.0140173695      0.137495165    0.00530731777  -1.42594679e-05       1.00003322       2.00039296       1.00022971            0.025  0.000624461818  0.00062444632  11
     0.0387366269      0.112496062    0.00433968744  -1.15669504e-05       1.00003328       2.00038805       1.00022731            0.025  0.000624461818  0.000624436757  10
      0.013736627      0.112496062    0.00433968755  -1.15669361e-05       1.00003328       2.00038806       1.00022731            0.025  0.000624461818  0.000624445326  9
     0.0384586875     0.0874969587    0.00337292298  -8.85534225e-06       1.00003332       2.00038418       1.00022542            0.025  0.000624461818  0.000624437682  8
     0.0134586875     0.0874969587    0.00337292309  -8.85532848e-06       1.00003332       2.00038419       1.00022542            0.025  0.000624461818  0.000624444342  7
     0.0381829265     0.0624978551    0.00240683324  -6.12885915e-06       1.00003336       2.00038132       1.00022402            0.025  0.000624461818  0.000624438614  6
     0.0131829265     0.0624978551    0.00240683335   -6.1288459e-06       1.00003336       2.00038132       1.00022402            0.025  0.000624461818  0.000624443367  5
     0.0379087199     0.0374987515    0.00144122363  -3.39154321e-06       1.00003339       2.00037943       1.00022311            0.025  0.000624461818  0.00062443955  4
       0.01290872     0.0374987515    0.00144122374  -3.39153139e-06       1.00003339       2.00037943       1.00022311            0.025  0.000624461818  0.000624442396  3
     0.0376354444     0.0124996481   0.000475899444  -6.45940114e-07       1.00003095       2.00037317       1.00021754            0.025  0.000624461818  0.000624441947  2
     0.0126354445     0.0124996481   0.000475899494  -6.45932331e-07       1.00003095       2.00037317       1.00021754            0.025  0.000624461818  0.000624443045  1
