title='particle position' 
variables=x, y, Ux, Uy, rho, e, p, h=supportlength/2, m, V, ID 
     0.0130460032     0.0125012598   0.000469428148   4.45263038e-06         0.999967       2.00158158       1.00075776            0.025  0.000624463564  0.000624484612  80
     0.0380460032     0.0125012598   0.000469428091   4.45259357e-06         0.999967       2.00158158       1.00075776            0.025  0.000624463564  0.000624483517  79
     0.0141696416     0.0374992941    0.00146263923   4.60166709e-06       1.00003141       2.00169739       1.00088013            0.025  0.000624462723  0.000624444725  78
     0.0391696415     0.0374992941    0.00146263912   4.60160312e-06       1.00003141       2.00169738       1.00088013            0.025  0.000624462723  0.00062444184  77
     0.0152942056     0.0624973799    0.00245595152   4.59004289e-06       1.00003189        2.0016975       1.00088066            0.025  0.000624462775  0.000624445724  76
     0.0402942055     0.0624973799    0.00245595141   4.58997097e-06       1.00003189       2.00169749       1.00088066            0.025  0.000624462775  0.00062444088  75
     0.0164204869     0.0874954101    0.00344932356   4.69384939e-06       1.00003102       2.00169833       1.00088021            0.025  0.000624465382  0.000624448846  74
     0.0414204869     0.0874954101    0.00344932346   4.69377696e-06       1.00003102       2.00169832       1.00088021            0.025  0.000624465382  0.000624442041  73
      0.017549106      0.112493657    0.00444281648   4.56329067e-06       1.00003098        2.0017084       1.00088521            0.025  0.000624464223  0.00062444869  72
      0.042549106      0.112493657    0.00444281638   4.56321592e-06       1.00003098       2.00170839        1.0008852            0.025  0.000624464223  0.000624439926  71
     0.0186806555      0.137491586     0.0054364142   4.65228901e-06       1.00003227       2.00170756       1.00088608            0.025  0.000624459298  0.000624445352  70
     0.0436806555      0.137491586     0.0054364141   4.65221529e-06       1.00003227       2.00170755       1.00088607            0.025  0.000624459298  0.000624434628  69
     0.0198158565      0.162489476    0.00643018005   4.62876183e-06       1.00003165       2.00171841       1.00089088            0.025  0.000624459457  0.000624446073  68
     0.0448158564      0.162489476    0.00643017994   4.62868733e-06       1.00003165        2.0017184       1.00089088            0.025  0.000624459457  0.000624433388  67
     0.0209554171      0.187487368    0.00742414301   4.59896255e-06       1.00003288       2.00172661       1.00089621            0.025  0.000624459646  0.000624448489  66
     0.0459554171      0.187487367     0.0074241429   4.59888919e-06       1.00003288        2.0017266        1.0008962            0.025  0.000624459646  0.000624433844  65
     0.0221000435      0.212485351    0.00841832803   4.80725358e-06       1.00002796       2.00173997       1.00089797            0.025  0.000624472498  0.000624460374  64
     0.0471000434      0.212485351    0.00841832792    4.8072076e-06       1.00002796       2.00173996       1.00089796            0.025  0.000624472498  0.000624443767  63
     0.0232502704      0.237484082    0.00941283376   4.30690744e-06       1.00002211        2.0017512       1.00089773            0.025  0.000624466496  0.000624460994  62
     0.0482502703      0.237484082    0.00941283379   4.30698525e-06       1.00002211       2.00175119       1.00089772            0.025  0.000624466496  0.000624442426  61
     0.0244068644      0.262482011     0.0104075748   4.33268677e-06       1.00002478       2.00175931       1.00090445            0.025  0.000624454129  0.000624447302  60
     0.0494068645      0.262482011     0.0104075762   4.33331005e-06       1.00002477       2.00175929       1.00090444            0.025  0.000624454129  0.00062443009  59
     0.0255703606      0.287479842     0.0114026455   4.07949142e-06        1.0000249       2.00176976        1.0009098            0.025  0.000624454431  0.000624433038  58
   0.000570360776      0.287479842     0.0114026469   4.08017154e-06        1.0000249       2.00176975       1.00090979            0.025  0.000624454431  0.000624452505  57
     0.0267416627      0.312477757     0.0123980702   4.02981688e-06       1.00002123       2.00178289        1.0009127            0.025  0.000624467403  0.000624439942  56
    0.00174166301      0.312477757     0.0123980702    4.0300224e-06       1.00002123       2.00178289        1.0009127            0.025  0.000624467403  0.000624464399  55
     0.0279213055      0.337476441     0.0133939517   3.33026108e-06       1.00002098       2.00180302       1.00092251            0.025  0.000624467764  0.000624439479  54
    0.00292130578      0.337476441     0.0133939514   3.33039195e-06       1.00002098       2.00180303       1.00092252            0.025  0.000624467764  0.0006244659  53
     0.0291098522      0.362474358     0.0143901888   3.24847328e-06       1.00002432       2.00182034       1.00093451            0.025  0.000624455528  0.000624428196  52
     0.0041098534      0.362474358     0.0143901916   3.24806048e-06       1.00002434       2.00182036       1.00093454            0.025  0.000624455516  0.000624456569  51
     0.0303082432      0.387472184     0.0153868988   2.90210594e-06       1.00002296         2.001841       1.00094348            0.025  0.000624455943  0.000624427495  50
    0.00530822608      0.387472184     0.0153869073   2.90298403e-06       1.00002294       2.00184102       1.00094347            0.025  0.000624455961  0.000624457866  49
     0.0315168807      0.412470078     0.0163840973   2.71243389e-06       1.00001337       2.00186517       1.00094596            0.025  0.000624462813  0.000624437324  48
     0.0065169073      0.412470078     0.0163840866   2.71097741e-06       1.00001339        2.0018652         1.000946            0.025  0.000624462801  0.00062446963  47
     0.0327366918      0.437468709     0.0173818587   1.77474881e-06       1.00001356       2.00188423       1.00095569            0.025  0.000624463298  0.000624437729  46
    0.00773665646       0.43746871     0.0173818738   1.77680767e-06       1.00001355       2.00188426        1.0009557            0.025  0.00062446331  0.000624472029  45
     0.0339680542      0.462466662      0.018380134   1.69041679e-06       1.00001308       2.00191426       1.00097022            0.025  0.000624463812  0.000624437579  44
    0.00896809335      0.462466662     0.0183801029   1.69035073e-06       1.00001301       2.00191429       1.00097017            0.025  0.000624463861  0.000624473886  43
     0.0352119144      0.487465305     0.0193790499   7.33334553e-07        1.0000114        2.0019448       1.00098381            0.025  0.00062446442  0.000624437227  42
     0.0102119426      0.487465305      0.019379017   7.34811686e-07       1.00001143       2.00194484       1.00098386            0.025  0.000624464395  0.000624475427  41
     0.0364688312      0.512463244     0.0203785013   5.56609689e-07        1.0000065       2.00197408       1.00099355            0.025  0.000624458775  0.000624437666  40
     0.0114688355      0.512463245     0.0203784861   5.58357264e-07        1.0000065       2.00197412       1.00099357            0.025  0.000624458769  0.000624477858  39
     0.0377394696      0.537461937     0.0213786751  -3.29041003e-07      0.999998569       2.00200966        1.0010034            0.025  0.000624472074  0.000624446897  38
     0.0127394947      0.537461936     0.0213786603  -3.29765125e-07      0.999998604        2.0020097       1.00100345            0.025  0.000624472042  0.000624489035  37
     0.0390246088      0.562460615     0.0223795156  -1.28695899e-06      0.999996973       2.00204589       1.00101991            0.025  0.000624453885  0.00062443674  36
     0.0140245776      0.562460615     0.0223795411  -1.28682643e-06      0.999997024       2.00204593       1.00101999            0.025  0.000624453846  0.000624480844  35
      0.040324749       0.58745851     0.0233810292  -1.68438458e-06      0.999993695       2.00208644       1.00103691            0.025  0.000624454573  0.000624436534  34
     0.0153247262       0.58745851     0.0233810497  -1.68451974e-06      0.999993634       2.00208647       1.00103687            0.025  0.000624454619  0.0006244827  33
     0.0416406425      0.612457178     0.0243833687  -2.73733658e-06      0.999982383       2.00213978       1.00105225            0.025  0.000624461754  0.000624447347  32
     0.0166406675      0.612457177     0.0243833536  -2.73799443e-06      0.999982361       2.00213982       1.00105225            0.025  0.000624461774  0.000624495462  31
     0.0429730592      0.637455924     0.0253864535  -3.61310497e-06      0.999979556       2.00218688       1.00107297            0.025  0.000624460099  0.000624449484  30
     0.0179730576      0.637455924     0.0253864495   -3.6121954e-06      0.999979584       2.00218692       1.00107302            0.025  0.000624460079  0.000624499537  29
     0.0443226174      0.662454753     0.0263903424   -4.3010629e-06      0.999968504       2.00224041       1.00108867            0.025  0.000624468597  0.000624460277  28
     0.0193226174      0.662454753     0.0263903427  -4.30101403e-06      0.999968501       2.00224046       1.00108869            0.025  0.000624468597  0.000624512331  27
     0.0456899522      0.687454344     0.0273951353   -5.6787604e-06      0.999961359       2.00229919       1.00111091            0.025  0.000624464518  0.000624461483  26
     0.0206899523      0.687454344     0.0273951354  -5.67864088e-06      0.999961359       2.00229923       1.00111093            0.025  0.000624464518  0.000624515519  25
     0.0470758255      0.712453252     0.0284007329  -6.22559692e-06      0.999952319       2.00236778       1.00113615            0.025  0.000624459242  0.000624462874  24
     0.0220758255      0.712453252      0.028400733   -6.2255808e-06      0.999952319       2.00236783       1.00113618            0.025  0.000624459242  0.000624518892  23
     0.0484808945      0.737452932     0.0294072988  -7.43709294e-06      0.999936325       2.00244112       1.00115681            0.025  0.000624465404  0.000624474009  22
     0.0234808946      0.737452932     0.0294072985  -7.43750037e-06      0.999936326       2.00244117       1.00115683            0.025  0.000624465404  0.000624532013  21
     0.0499058428      0.762452697     0.0304148027  -8.46028289e-06      0.999924925       2.00251803       1.00118384            0.025  0.000624457734  0.000624475396  20
     0.0249058426      0.762452697     0.0304147986  -8.46251252e-06      0.999924927       2.00251808       1.00118387            0.025  0.000624457734  0.00062452647  19
    0.00135127793      0.787452551      0.031423249  -9.27908453e-06       0.99990639       2.00260915       1.00121084            0.025  0.00062446213  0.000624552398  18
     0.0263512776      0.787452551     0.0314232449  -9.28141339e-06      0.999906391       2.00260919       1.00121086            0.025  0.00062446213  0.000624499043  17
    0.00281803244      0.812453283     0.0324327358   -1.0475567e-05      0.999885252       2.00271799       1.00124409            0.025  0.000624464088  0.000624567397  16
     0.0278180321      0.812453282     0.0324327357  -1.04762173e-05      0.999885252       2.00271802       1.00124411            0.025  0.000624464088  0.000624503426  15
    0.00430668817      0.837454217     0.0334432392  -1.11603735e-05      0.999859823       2.00283674       1.00127799            0.025  0.000624463605  0.000624583697  14
     0.0293066878      0.837454217     0.0334432394  -1.11605813e-05      0.999859823       2.00283675         1.001278            0.025  0.000624463605  0.000624517732  13
    0.00581798083      0.862456035     0.0344548491  -1.21998774e-05      0.999830031       2.00297324        1.0013164            0.025  0.000624460063  0.000624601476  12
     0.0308179805      0.862456035     0.0344548493  -1.22000705e-05      0.999830031       2.00297324        1.0013164            0.025  0.000624460063  0.000624533515  11
    0.00735258856      0.887458166     0.0354675142  -1.24238401e-05      0.999787684       2.00314183       1.00135826            0.025  0.000624464218  0.000624630679  10
     0.0323525882      0.887458166     0.0354675145  -1.24239772e-05      0.999787684        2.0031418       1.00135825            0.025  0.000624464218  0.000624560719  9
    0.00891126793       0.91246208     0.0364813927  -1.32773714e-05      0.999734295       2.00334622       1.00140696            0.025  0.000624460943  0.000624662578  8
     0.0339112676       0.91246208     0.0364813929  -1.32775711e-05      0.999734294       2.00334618       1.00140694            0.025  0.000624460943  0.000624590618  7
     0.0104945675      0.937466515     0.0374963475  -1.27336396e-05      0.999654264       2.00360632        1.0014568            0.025  0.000624455372  0.000624709868  6
     0.0354945675      0.937466515     0.0374963485  -1.27339482e-05       0.99965427       2.00360626       1.00145678            0.025  0.000624455368  0.000624635898  5
     0.0121033529      0.962473944     0.0385125424  -1.22056515e-05      0.999495709       2.00399781        1.0014936            0.025  0.000624459129  0.000624813119  4
     0.0371033475      0.962473944     0.0385125422  -1.22046646e-05      0.999495676       2.00399774       1.00149354            0.025  0.000624459155  0.000624737163  3
     0.0137380522       0.98748632     0.0395298864  -9.02201726e-06      0.999153346       2.00491254       1.00160754            0.025  0.000624468328  0.00062502776  2
      0.038738075       0.98748632     0.0395298663  -9.02124847e-06      0.999153344       2.00491248        1.0016075            0.025  0.000624468333  0.000624962766  1
