title='particle position' 
variables=x, y, Ux, Uy, rho, e, p, h=supportlength/2, m, V, ID 
     0.0374267662      0.988427514     0.0382217145   0.000923638756      0.999044759       2.00126526      0.999676786             0.05  0.000625026493  0.000625971263  160
     0.0124279255      0.988429628     0.0382228546   0.000924480426       0.99904547       2.00126352      0.999676628             0.05  0.000625026493  0.000626723001  159
     0.0874263521      0.988430214     0.0382211726   0.000931707526      0.999045241        2.0012622       0.99967574             0.05  0.000625026493  0.000624438289  158
     0.0624285701      0.988427376     0.0382223283   0.000925920793      0.999044491       2.00126462      0.999676196             0.05  0.000625026493  0.00062505843  157
     0.0263323632      0.961677451     0.0330954065  -0.000901740788      0.998609924        2.0002478       0.99873365             0.05  0.000625026493  0.000626810524  156
    0.00133383494        0.9616745     0.0330951926  -0.000902097474      0.998609749       2.00024546      0.998732306             0.05  0.000625026493  0.000627457331  155
     0.0763322974      0.961674476     0.0330947067  -0.000906346309      0.998609431       2.00024574       0.99873213             0.05  0.000625026493  0.000624669045  154
     0.0513342518      0.961677242     0.0330968722  -0.000903397668       0.99860936       2.00024833       0.99873335             0.05  0.000625026493  0.000625684103  153
     0.0169112658      0.938011717     0.0275851768   0.000785187921      0.999132477       2.00006559      0.999165241             0.05  0.000625026493  0.000626743248  152
     0.0919123028      0.938012263     0.0275867602   0.000790163445      0.999132142        2.0000639      0.999164065             0.05  0.000625026493  0.000624133339  151
     0.0669108753      0.938009532     0.0275851462   0.000786585227      0.999132327       2.00006509      0.999164843             0.05  0.000625026493  0.000624746266  150
     0.0419128096      0.938010378     0.0275866549   0.000784275565      0.999132767       2.00006675      0.999166115             0.05  0.000625026493  0.000625797408  149
    0.00928714084      0.912038135      0.020605634  -0.000699820685      0.999571213       2.00010048      0.999621432             0.05  0.000625026493  0.000626397567  148
     0.0842870375      0.912036058     0.0206047198  -0.000701504802      0.999570951       2.00009983      0.999620843             0.05  0.000625026493  0.000624196179  147
     0.0592864589      0.912036134     0.0206049005  -0.000700565669      0.999571608       2.00010107      0.999622123             0.05  0.000625026493  0.000624862643  146
     0.0342874302      0.912038659     0.0206049408  -0.000699046279      0.999571895       2.00010187      0.999622808             0.05  0.000625026493  0.000625729128  145
    0.00451499712      0.887587779     0.0171553209   0.000282408862        1.0002388        2.0005261       1.00050191             0.05  0.000625026493  0.000625812793  144
     0.0795152865      0.887586661     0.0171551125    0.00028378875       1.00023895        2.0005262       1.00050211             0.05  0.000625026493  0.00062402926  143
      0.054514722      0.887585242      0.017154715   0.000280143819       1.00023957       2.00052709       1.00050318             0.05  0.000625026493  0.000624613606  142
     0.0295152792      0.887586987      0.017155529   0.000281107511       1.00023937       2.00052713         1.000503             0.05  0.000625026493  0.000625316273  141
   0.000736798459      0.862378565     0.0144770499  -0.000326143099       1.00046263        2.0006273       1.00077643             0.05  0.000625026493  0.000625529734  140
     0.0757370187      0.862377055     0.0144765135  -0.000328041403       1.00046297       2.00062768       1.00077695             0.05  0.000625026493  0.000624112676  139
       0.05073646      0.862376943     0.0144761268  -0.000328437164       1.00046342       2.00062827        1.0007777             0.05  0.000625026493  0.000624628574  138
     0.0257367699      0.862378554     0.0144765048   -0.00032678943       1.00046311       2.00062807       1.00077729             0.05  0.000625026493  0.000625200541  137
     0.0978153317      0.837390992     0.0126104168  -9.02318972e-05       1.00043569       2.00054146       1.00070654             0.05  0.000625026493  0.000624081112  136
     0.0728154007      0.837390051     0.0126106719  -9.08565874e-05       1.00043599        2.0005418       1.00070701             0.05  0.000625026493  0.000624343722  135
     0.0478150804      0.837389927     0.0126103998  -9.19578059e-05        1.0004362       2.00054209       1.00070737             0.05  0.000625026493  0.000624825376  134
     0.0228153073      0.837390941     0.0126107671  -9.10586445e-05       1.00043588       2.00054181       1.00070691             0.05  0.000625026493  0.000625270813  133
     0.0955241777      0.812519637     0.0110453779  -1.19739661e-05        1.0003822       2.00045297       1.00060877             0.05  0.000625026493  0.000624217938  132
      0.070524247      0.812518863     0.0110455678  -1.30733621e-05       1.00038255       2.00045334        1.0006093             0.05  0.000625026493  0.000624530759  131
     0.0455239824      0.812518804     0.0110452541  -1.36028795e-05       1.00038272       2.00045355       1.00060958             0.05  0.000625026493  0.000624964424  130
     0.0205240343      0.812519552     0.0110450847  -1.24538617e-05       1.00038237       2.00045323       1.00060907             0.05  0.000625026493  0.00062531781  129
     0.0936347421      0.787366895    0.00946290957  -0.000240973088       1.00025716       2.00030557       1.00040999             0.05  0.000625026493  0.000624383339  128
     0.0686347424      0.787366538    0.00946290814  -0.000241492059       1.00025739       2.00030581       1.00041034             0.05  0.000625026493  0.000624679035  127
     0.0436345691      0.787366675    0.00946268993  -0.000241344304       1.00025741       2.00030585       1.00041037             0.05  0.000625026493  0.000625057565  126
     0.0186346808      0.787367071    0.00946282681  -0.000240733272       1.00025718       2.00030563       1.00041003             0.05  0.000625026493  0.000625349298  125
     0.0921415928      0.762517601    0.00804680394   6.36793074e-05       1.00024249       2.00027597       1.00038051             0.05  0.000625026493  0.000624466188  124
     0.0671416154       0.76251731    0.00804687018    6.3139292e-05       1.00024265       2.00027615       1.00038076             0.05  0.000625026493  0.000624719715  123
     0.0421415049      0.762517259    0.00804673685   6.29374984e-05       1.00024266       2.00027617       1.00038078             0.05  0.000625026493  0.000625040481  122
     0.0171415473      0.762517518    0.00804673807   6.33951135e-05        1.0002425       2.00027602       1.00038055             0.05  0.000625026493  0.000625289301  121
     0.0909501008      0.737417873    0.00665911197  -0.000204314572       1.00018021       2.00020248       1.00028147             0.05  0.000625026493  0.000624573509  120
     0.0659501028      0.737417757    0.00665909991  -0.000204478095       1.00018031       2.00020259       1.00028162             0.05  0.000625026493  0.000624784365  119
      0.040950039      0.737417821    0.00665898664  -0.000204256262        1.0001803       2.00020259       1.00028162             0.05  0.000625026493  0.000625051037  118
     0.0159500821      0.737417954    0.00665906575  -0.000204030488       1.00018019       2.00020248       1.00028145             0.05  0.000625026493  0.000625258432  117
     0.0900236263      0.712480305    0.00540330786    2.1711637e-06       1.00016957        2.0001844       1.00026179             0.05  0.000625026493  0.000624642556  116
     0.0650236368      0.712480221    0.00540331736   1.95853194e-06       1.00016964       2.00018447       1.00026189             0.05  0.000625026493  0.000624814366  115
     0.0400236005      0.712480197    0.00540325126   1.86023537e-06       1.00016963       2.00018447       1.00026188             0.05  0.000625026493  0.000625031819  114
     0.0150236182      0.712480273    0.00540328639   2.03871436e-06       1.00016957       2.00018441       1.00026178             0.05  0.000625026493  0.000625201263  113
     0.0893162166      0.687463587     0.0042868909  -0.000113195863       1.00015278       2.00016194       1.00023376             0.05  0.000625026493  0.000624709148  112
     0.0643162246       0.68746354    0.00428689851  -0.000113296197       1.00015282       2.00016198       1.00023382             0.05  0.000625026493  0.00062484618  111
        0.0393162      0.687463546     0.0042868515  -0.000113230807       1.00015282       2.00016199       1.00023382             0.05  0.000625026493  0.000625019561  110
     0.0143162112      0.687463594    0.00428688761  -0.000113116835       1.00015277       2.00016194       1.00023376             0.05  0.000625026493  0.000625154926  109
     0.0887841473      0.662463199    0.00332102192  -7.05348443e-05       1.00013722       2.00014271       1.00020858             0.05  0.000625026493  0.000624767447  108
     0.0637841511      0.662463175    0.00332103125  -7.05978459e-05       1.00013725       2.00014273       1.00020862             0.05  0.000625026493  0.000624874353  107
     0.0387841403      0.662463175    0.00332100665  -7.06137123e-05       1.00013724       2.00014273       1.00020862             0.05  0.000625026493  0.00062500967  106
     0.0137841476      0.662463199    0.00332102673  -7.05530222e-05       1.00013722       2.00014271       1.00020858             0.05  0.000625026493  0.000625115487  105
      0.088393706      0.637481643    0.00252094773  -6.10045809e-05        1.0001375       2.00014048       1.00020775             0.05  0.000625026493  0.00062480813  104
     0.0633937111      0.637481627    0.00252096121  -6.10637329e-05       1.00013752        2.0001405       1.00020778             0.05  0.000625026493  0.000624889829  103
     0.0383937031      0.637481622    0.00252093483  -6.10739002e-05       1.00013752       2.00014051       1.00020779             0.05  0.000625026493  0.000624993203  102
     0.0133937045      0.637481638    0.00252094199  -6.10175742e-05       1.00013751       2.00014049       1.00020776             0.05  0.000625026493  0.000625074135  101
     0.0881114535      0.612468303    0.00187060482  -0.000100528908       1.00012408       2.00012532       1.00018675             0.05  0.000625026493  0.00062484998  100
     0.0631114546      0.612468295    0.00187060719  -0.000100556478       1.00012409       2.00012533       1.00018677             0.05  0.000625026493  0.000624911124  99
     0.0381114505      0.612468297    0.00187059534  -0.000100546535       1.00012409       2.00012533       1.00018677             0.05  0.000625026493  0.000624988435  98
     0.0131114531      0.612468305    0.00187060671  -0.000100515907       1.00012408       2.00012532       1.00018675             0.05  0.000625026493  0.000625049002  97
     0.0879117761      0.587484089    0.00136080271   -6.1499971e-05       1.00012246       2.00012272       1.00018383             0.05  0.000625026493  0.000624877496  96
     0.0629117775      0.587484084     0.0013608098  -6.15213318e-05       1.00012246       2.00012273       1.00018384             0.05  0.000625026493  0.000624922362  95
     0.0379117753      0.587484083    0.00136080096  -6.15301585e-05       1.00012247       2.00012273       1.00018384             0.05  0.000625026493  0.000624979032  94
     0.0129117759      0.587484087    0.00136080212  -6.15112454e-05       1.00012246       2.00012272       1.00018383             0.05  0.000625026493  0.000625023435  93
     0.0877729271      0.562479769   0.000970047243  -0.000100042406       1.00011348       2.00011298       1.00016998             0.05  0.000625026493  0.000624903672  92
     0.0627729277      0.562479767   0.000970048958  -0.000100053979       1.00011348       2.00011299       1.00016998             0.05  0.000625026493  0.000624935985  91
     0.0377729264      0.562479767   0.000970042893  -0.000100050695       1.00011348       2.00011299       1.00016998             0.05  0.000625026493  0.000624976703  90
     0.0127729268       0.56247977   0.000970046007  -0.000100038092       1.00011348       2.00011298       1.00016998             0.05  0.000625026493  0.000625008575  89
     0.0876781067      0.537485019   0.000678343427  -8.46312735e-05       1.00010579       2.00010493       1.00015826             0.05  0.000625026493  0.000624923938  88
     0.0626781068      0.537485018   0.000678344637  -8.46382471e-05        1.0001058       2.00010493       1.00015827             0.05  0.000625026493  0.000624946784  87
     0.0376781062      0.537485018   0.000678341652   -8.4639063e-05        1.0001058       2.00010493       1.00015827             0.05  0.000625026493  0.000624975491  86
     0.0126781065      0.537485019   0.000678343085  -8.46325389e-05       1.00010579       2.00010493       1.00015826             0.05  0.000625026493  0.000624997924  85
     0.0876144922      0.512488023   0.000465700638  -9.75262946e-05       1.00009825       2.00009713       1.00014682             0.05  0.000625026493  0.000624940048  84
     0.0626144924      0.512488023   0.000465701669  -9.75298517e-05       1.00009825       2.00009713       1.00014682             0.05  0.000625026493  0.000624955933  83
     0.0376144921      0.512488023   0.000465699888  -9.75298404e-05       1.00009825       2.00009713       1.00014682             0.05  0.000625026493  0.000624975801  82
     0.0126144921      0.512488023   0.000465700247   -9.7526286e-05       1.00009825       2.00009713       1.00014682             0.05  0.000625026493  0.000624991274  81
     0.0875725075      0.487488588     0.0003139743  -0.000104351113        1.0000878       2.00008656       1.00013109             0.05  0.000625026493  0.00062495477  80
     0.0625725076      0.487488587   0.000313974429  -0.000104352936        1.0000878       2.00008656       1.00013109             0.05  0.000625026493  0.000624965636  79
     0.0375725074      0.487488587   0.000313973442  -0.000104352649        1.0000878       2.00008656       1.00013109             0.05  0.000625026493  0.000624979143  78
     0.0125725075      0.487488588   0.000313974007   -0.00010435078        1.0000878       2.00008656       1.00013109             0.05  0.000625026493  0.000624989608  77
       0.08754526      0.462492436   0.000208067292  -0.000104233168       1.00007926       2.00007801       1.00011826             0.05  0.000625026493  0.000624965852  76
       0.06254526      0.462492436   0.000208067518  -0.000104234141       1.00007926       2.00007801       1.00011827             0.05  0.000625026493  0.000624973172  75
     0.0375452599      0.462492436   0.000208067035  -0.000104234259       1.00007926       2.00007801       1.00011827             0.05  0.000625026493  0.000624982198  74
     0.0125452599      0.462492436   0.000208067143  -0.000104233352       1.00007926       2.00007801       1.00011826             0.05  0.000625026493  0.000624989141  73
     0.0875278521      0.437493009   0.000135572242  -0.000115032007       1.00006916       2.00006794       1.00010313             0.05  0.000625026493  0.000624976115  72
     0.0625278521      0.437493009   0.000135572304  -0.000115032385       1.00006916       2.00006795       1.00010313             0.05  0.000625026493  0.000624980978  71
      0.037527852      0.437493009   0.000135572088  -0.000115032277       1.00006916       2.00006795       1.00010313             0.05  0.000625026493  0.000624986908  70
     0.0125278521      0.437493009    0.00013557218  -0.000115031868       1.00006916       2.00006794       1.00010313             0.05  0.000625026493  0.000624991423  69
     0.0875169028      0.412495191   8.69081336e-05  -0.000115160751       1.00005999       2.00005891       1.00008945             0.05  0.000625026493  0.000624984478  68
     0.0625169028      0.412495191   8.69081681e-05  -0.000115160938       1.00005999       2.00005891       1.00008945             0.05  0.000625026493  0.000624987661  67
     0.0375169027      0.412495191    8.6908057e-05  -0.000115160965       1.00005999       2.00005891       1.00008945             0.05  0.000625026493  0.000624991494  66
     0.0125169028      0.412495191   8.69080907e-05  -0.000115160788       1.00005999       2.00005891       1.00008945             0.05  0.000625026493  0.000624994378  65
     0.0875101191      0.387496435   5.48359519e-05  -0.000120943774       1.00005128       2.00005037       1.00007647             0.05  0.000625026493  0.00062499164  64
     0.0625101191      0.387496435    5.4835966e-05  -0.000120943853       1.00005128       2.00005037       1.00007647             0.05  0.000625026493  0.000624993693  63
     0.0375101191      0.387496435   5.48359173e-05  -0.000120943837       1.00005128       2.00005037       1.00007647             0.05  0.000625026493  0.000624996133  62
     0.0125101191      0.387496435   5.48359324e-05  -0.000120943753       1.00005128       2.00005037       1.00007647             0.05  0.000625026493  0.000624997942  61
     0.0875059775      0.362497438   3.40694158e-05  -0.000123294595       1.00004292       2.00004223       1.00006404             0.05  0.000625026493  0.000624997943  60
     0.0625059775      0.362497438   3.40694188e-05  -0.000123294622       1.00004292       2.00004223       1.00006404             0.05  0.000625026493  0.00062499924  59
     0.0375059775      0.362497438   3.40694025e-05  -0.000123294614       1.00004292       2.00004223       1.00006404             0.05  0.000625026493  0.000625000769  58
     0.0125059775      0.362497438   3.40694116e-05  -0.000123294584       1.00004292       2.00004223       1.00006404             0.05  0.000625026493  0.000625001893  57
     0.0875034851      0.337498605   2.08522784e-05  -0.000124532465        1.0000356        2.0000352        1.0000532             0.05  0.000625026493  0.000625003155  56
     0.0625034851      0.337498605   2.08522822e-05  -0.000124532475        1.0000356        2.0000352        1.0000532             0.05  0.000625026493  0.000625003949  55
     0.0375034851      0.337498605   2.08522744e-05  -0.000124532475        1.0000356        2.0000352        1.0000532             0.05  0.000625026493  0.000625004892  54
     0.0125034851      0.337498605   2.08522754e-05  -0.000124532464        1.0000356        2.0000352        1.0000532             0.05  0.000625026493  0.000625005594  53
      0.087502006      0.312499226   1.25772748e-05  -0.000125932263        1.0000287       2.00002863       1.00004302             0.05  0.000625026493  0.000625007809  52
      0.062502006      0.312499226   1.25772738e-05  -0.000125932267        1.0000287       2.00002863       1.00004302             0.05  0.000625026493  0.000625008264  51
      0.037502006      0.312499226   1.25772704e-05  -0.000125932263        1.0000287       2.00002863       1.00004302             0.05  0.000625026493  0.000625008838  50
      0.012502006      0.312499226   1.25772733e-05  -0.000125932257        1.0000287       2.00002863       1.00004302             0.05  0.000625026493  0.000625009294  49
     0.0875011402      0.287499951    7.4787792e-06  -0.000124545679       1.00002255       2.00002285       1.00003397             0.05  0.000625026493  0.0006250118  48
     0.0625011402      0.287499951     7.478779e-06   -0.00012454568       1.00002255       2.00002285       1.00003397             0.05  0.000625026493  0.000625012019  47
     0.0375011402      0.287499951   7.47877837e-06  -0.000124545679       1.00002255       2.00002285       1.00003397             0.05  0.000625026493  0.000625012364  46
     0.0125011402      0.287499951   7.47877926e-06  -0.000124545677       1.00002255       2.00002285       1.00003397             0.05  0.000625026493  0.00062501269  45
     0.0875006402      0.262500425   4.38565688e-06  -0.000122707637        1.0000169       2.00001761       1.00002571             0.05  0.000625026493  0.000625015345  44
     0.0625006402      0.262500425   4.38565678e-06  -0.000122707637        1.0000169       2.00001761       1.00002571             0.05  0.000625026493  0.000625015395  43
     0.0375006402      0.262500425   4.38565665e-06  -0.000122707636        1.0000169       2.00001761       1.00002571             0.05  0.000625026493  0.000625015598  42
     0.0125006402      0.262500425     4.385657e-06  -0.000122707635        1.0000169       2.00001761       1.00002571             0.05  0.000625026493  0.000625015871  41
     0.0875003551      0.237500787   2.53711927e-06  -0.000118753262       1.00001166        2.0000128       1.00001806             0.05  0.000625026493  0.000625018551  40
     0.0625003551      0.237500787   2.53711901e-06  -0.000118753263       1.00001166        2.0000128       1.00001806             0.05  0.000625026493  0.000625018471  39
     0.0375003551      0.237500787   2.53711896e-06  -0.000118753263       1.00001166        2.0000128       1.00001806             0.05  0.000625026493  0.00062501859  38
     0.0125003551      0.237500787    2.5371193e-06  -0.000118753262       1.00001166        2.0000128       1.00001806             0.05  0.000625026493  0.000625018859  37
     0.0875001946      0.212501071   1.44839257e-06  -0.000113088463       1.00000683       2.00000844       1.00001106             0.05  0.000625026493  0.00062502144  36
     0.0625001946      0.212501071   1.44839248e-06  -0.000113088464       1.00000683       2.00000844       1.00001106             0.05  0.000625026493  0.000625021253  35
     0.0375001946      0.212501071   1.44839258e-06  -0.000113088464       1.00000683       2.00000844       1.00001106             0.05  0.000625026493  0.000625021321  34
     0.0125001946      0.212501071    1.4483927e-06  -0.000113088463       1.00000683       2.00000844       1.00001106             0.05  0.000625026493  0.000625021617  33
     0.0875001054      0.187501207   8.16193453e-07  -0.000105726844       1.00000231        2.0000044       1.00000451             0.05  0.000625026493  0.000625024106  32
     0.0625001054      0.187501207   8.16193423e-07  -0.000105726845       1.00000231        2.0000044       1.00000451             0.05  0.000625026493  0.000625023828  31
     0.0375001054      0.187501207   8.16193523e-07  -0.000105726845       1.00000231        2.0000044       1.00000451             0.05  0.000625026493  0.000625023867  30
     0.0125001054      0.187501207   8.16193563e-07  -0.000105726844       1.00000231        2.0000044       1.00000451             0.05  0.000625026493  0.000625024207  29
     0.0875000565      0.162501276   4.54110268e-07   -9.6293495e-05      0.999998164       2.00000071      0.999998518             0.05  0.000625026493  0.000625026529  28
     0.0625000565      0.162501276   4.54110262e-07  -9.62934963e-05      0.999998164       2.00000071      0.999998518             0.05  0.000625026493  0.000625026169  27
     0.0375000565      0.162501276     4.541103e-07  -9.62934964e-05      0.999998164       2.00000071      0.999998518             0.05  0.000625026493  0.000625026191  26
     0.0125000565      0.162501276   4.54110309e-07   -9.6293495e-05      0.999998164       2.00000071      0.999998518             0.05  0.000625026493  0.000625026585  25
     0.0875000299      0.137501244    2.4946637e-07   -8.5171176e-05      0.999994402       1.99999738      0.999993091             0.05  0.000625026493  0.000625028709  24
     0.0625000299      0.137501244   2.49466373e-07  -8.51711773e-05      0.999994402       1.99999738      0.999993091             0.05  0.000625026493  0.000625028278  23
     0.0375000299      0.137501244   2.49466379e-07  -8.51711774e-05      0.999994402       1.99999738      0.999993091             0.05  0.000625026493  0.00062502829  22
     0.0125000299      0.137501244   2.49466377e-07  -8.51711761e-05      0.999994402       1.99999738      0.999993091             0.05  0.000625026493  0.00062502874  21
     0.0875000156      0.112501133    1.3523474e-07  -7.22818865e-05       0.99999109       1.99999446      0.999988318             0.05  0.000625026493  0.00062503062  20
     0.0625000156      0.112501133   1.35234748e-07  -7.22818877e-05       0.99999109       1.99999446      0.999988318             0.05  0.000625026493  0.000625030127  19
     0.0375000156      0.112501133   1.35234747e-07  -7.22818877e-05       0.99999109       1.99999446      0.999988318             0.05  0.000625026493  0.000625030134  18
     0.0125000156      0.112501133   1.35234739e-07  -7.22818866e-05       0.99999109       1.99999446      0.999988318             0.05  0.000625026493  0.000625030637  17
     0.0875000081     0.0875009591   7.21230161e-08  -5.78952445e-05      0.999988317       1.99999202      0.999984325             0.05  0.000625026493  0.000625032215  16
     0.0625000081     0.0875009591   7.21230243e-08  -5.78952454e-05      0.999988317       1.99999202      0.999984325             0.05  0.000625026493  0.00062503167  15
     0.0375000081     0.0875009591   7.21230403e-08  -5.78952454e-05      0.999988317       1.99999202      0.999984325             0.05  0.000625026493  0.000625031674  14
     0.0125000081     0.0875009591   7.21230323e-08  -5.78952445e-05      0.999988317       1.99999202      0.999984325             0.05  0.000625026493  0.000625032224  13
     0.0875000041     0.0625007248   3.73747359e-08  -4.22915674e-05      0.999986151       1.99999011      0.999981206             0.05  0.000625026493  0.000625033486  12
     0.0625000041     0.0625007248   3.73747418e-08  -4.22915679e-05      0.999986151       1.99999011      0.999981206             0.05  0.000625026493  0.000625032911  11
     0.0375000041     0.0625007248   3.73747948e-08  -4.22915679e-05      0.999986151       1.99999011      0.999981206             0.05  0.000625026493  0.000625032912  10
     0.0125000041     0.0625007248    3.7374789e-08  -4.22915674e-05      0.999986151       1.99999011      0.999981206             0.05  0.000625026493  0.000625033491  9
     0.0875000019     0.0375004522   1.78872385e-08  -2.57459416e-05      0.999984666       1.99998881      0.999979069             0.05  0.000625026493  0.000625034504  8
     0.0625000019     0.0375004522   1.78872438e-08  -2.57459417e-05      0.999984666       1.99998881      0.999979069             0.05  0.000625026493  0.00062503396  7
     0.0375000019     0.0375004522   1.78873528e-08  -2.57459417e-05      0.999984666       1.99998881      0.999979069             0.05  0.000625026493  0.000625033961  6
     0.0125000019     0.0375004522   1.78873476e-08  -2.57459416e-05      0.999984666       1.99998881      0.999979069             0.05  0.000625026493  0.000625034506  5
     0.0875000006     0.0125001538   5.57881476e-09  -8.64734113e-06       0.99998391       1.99998814      0.999977981             0.05  0.000625026493  0.000625035365  4
     0.0625000006     0.0125001538   5.57882052e-09  -8.64734111e-06       0.99998391       1.99998814      0.999977981             0.05  0.000625026493  0.000625034955  3
     0.0375000006     0.0125001538    5.5790161e-09  -8.64734112e-06       0.99998391       1.99998814      0.999977981             0.05  0.000625026493  0.000625034955  2
     0.0125000006     0.0125001538   5.57901041e-09  -8.64734113e-06       0.99998391       1.99998814      0.999977981             0.05  0.000625026493  0.000625035366  1
