title='particle position' 
variables=x, y, Ux, Uy, rho, e, p, h=supportlength/2, m, V, ID 
     0.0417556979      0.998056995     0.0387866594    0.00149275526       1.00018711       2.00411869       1.00224684             0.05  0.000625026493  0.000625297806  160
     0.0171040515      0.998056417     0.0391544917    0.00147966826       1.00017421       2.00411122       1.00223018             0.05  0.000625026493  0.000625928308  159
     0.0917558974      0.998062262     0.0387849846    0.00149358231       1.00018654       2.00412166       1.00224776             0.05  0.000625026493  0.000623882748  158
     0.0671044291      0.998068129     0.0391533813    0.00147817994       1.00017579       2.00411857       1.00223544             0.05  0.000625026493  0.000624487766  157
     0.0154668476      0.953257879     0.0371299561   -0.00171004793       1.00099743        2.0039281       1.00296343             0.05  0.000625026493  0.000626126243  156
     0.0908111658      0.953250337     0.0375314284   -0.00177508019       1.00100476       2.00394296       1.00297822             0.05  0.000625026493  0.000622729806  155
     0.0654665657      0.953244333     0.0371289128   -0.00171568467       1.00099882       2.00392617       1.00296386             0.05  0.000625026493  0.000623769707  154
     0.0408125651      0.953251898     0.0375297006   -0.00177311798       1.00100318       2.00394109        1.0029757             0.05  0.000625026493  0.000625090594  153
     0.0894474342      0.946556925     0.0384471222    0.00185959524       1.00115621       2.00362216       1.00296938             0.05  0.000625026493  0.000622644947  152
     0.0642371307      0.946527164     0.0381625049    0.00192941229       1.00114792       2.00361007       1.00295503             0.05  0.000625026493  0.000623735699  151
      0.039445563       0.94655729     0.0384467857     0.0018524524       1.00115486       2.00361609       1.00296499             0.05  0.000625026493  0.000625082354  150
     0.0142364315      0.946508965     0.0381611599    0.00192945459       1.00114821        2.0036119       1.00295623             0.05  0.000625026493  0.000626089851  149
     0.0690152402      0.906283672     0.0303402656   -0.00146527504       1.00087396       2.00262606       1.00218814             0.05  0.000625026493  0.000623763827  148
     0.0438703668      0.906231967     0.0300027102   -0.00148059849        1.0008948       2.00264769       1.00221983             0.05  0.000625026493  0.000624969677  147
     0.0190162231      0.906294952     0.0303388502   -0.00145655959       1.00087385       2.00262454       1.00218727             0.05  0.000625026493  0.000625967878  146
     0.0938725849      0.906244916     0.0300026514   -0.00148380253       1.00089299        2.0026457       1.00221702             0.05  0.000625026493  0.000622878173  145
     0.0447798626      0.893061396     0.0270118695    0.00151295325       1.00116933        2.0026562       1.00249898             0.05  0.000625026493  0.000624703843  144
     0.0198297957      0.893144577     0.0270549107    0.00163750312       1.00116649       2.00265354        1.0024948             0.05  0.000625026493  0.000625657224  143
     0.0947761065      0.893041174     0.0270124193    0.00151322435       1.00116735       2.00265188       1.00249484             0.05  0.000625026493  0.000622784249  142
     0.0698294108      0.893160336     0.0270552787    0.00165999164       1.00116655        2.0026549       1.00249555             0.05  0.000625026493  0.000623560828  141
     0.0316627323      0.859751553     0.0259338583  -0.000843015532      0.999966204       2.00107123        1.0005018             0.05  0.000625026493  0.000625823411  140
    0.00662209798      0.859758083     0.0258709448  -0.000800710951      0.999952107       2.00105553       1.00047985             0.05  0.000625026493  0.000626438414  139
     0.0816631461      0.859753203     0.0259343788  -0.000849986101      0.999965082       2.00106894       1.00049953             0.05  0.000625026493  0.000623931671  138
     0.0566202596      0.859736647     0.0258715114  -0.000818554168      0.999954116       2.00105813       1.00048316             0.05  0.000625026493  0.000624832879  137
     0.0130696278      0.839096752     0.0231235263   0.000772996796       1.00059837       2.00152531       1.00136148             0.05  0.000625026493  0.000625894364  136
     0.0880885879      0.839069898     0.0230900897   0.000739625831       1.00059688        2.0015233       1.00135899             0.05  0.000625026493  0.000623449657  135
     0.0630718508      0.839120372     0.0231249558   0.000806482676       1.00059958       2.00152603       1.00136305             0.05  0.000625026493  0.000624198657  134
     0.0380899085      0.839078672     0.0230903976   0.000741801966       1.00059798       2.00152417       1.00136052             0.05  0.000625026493  0.000625171044  133
     0.0985378628      0.813209597     0.0239690784  -0.000150969374      0.999471476       2.00027568      0.999609244             0.05  0.000625026493  0.000624075542  132
     0.0735202569       0.81318913     0.0239581453  -0.000159196759      0.999474235       2.00027813      0.999613227             0.05  0.000625026493  0.000624605155  131
     0.0485347438      0.813197305     0.0239682752  -0.000161037855       0.99947377       2.00027702      0.999612208             0.05  0.000625026493  0.000625533271  130
     0.0235208266      0.813203131     0.0239575508   -0.00014569452      0.999473689       2.00027713      0.999612183             0.05  0.000625026493  0.000626376769  129
     0.0828932333      0.785256071     0.0241414087   -0.00022026275       1.00091464       2.00160498       1.00171786             0.05  0.000625026493  0.00062346242  128
     0.0579100989      0.785267825     0.0241519968  -0.000197972479       1.00091384       2.00160395       1.00171654             0.05  0.000625026493  0.000624278527  127
     0.0328936197      0.785243628     0.0241412833  -0.000222254974       1.00091451       2.00160427       1.00171738             0.05  0.000625026493  0.000625183007  126
    0.00790889345      0.785242297     0.0241516205  -0.000226927962        1.0009141       2.00160423       1.00171695             0.05  0.000625026493  0.000625698812  125
     0.0731287781      0.766298463     0.0225141998   0.000647907989       1.00037317       2.00097396       1.00086033             0.05  0.000625026493  0.000624064966  124
     0.0481054221      0.766294816     0.0224973959   0.000643171511       1.00037423       2.00097504       1.00086193             0.05  0.000625026493  0.000624926835  123
     0.0231295396      0.766317446     0.0225164181   0.000658753839        1.0003737       2.00097459       1.00086117             0.05  0.000625026493  0.000625719602  122
     0.0981048791      0.766304781     0.0224954924    0.00065031109       1.00037522       2.00097572       1.00086327             0.05  0.000625026493  0.000623593969  121
     0.0574740296      0.732612426     0.0207005606   -0.00113819706       1.00061874       2.00126279       1.00125052             0.05  0.000625026493  0.000624328684  120
     0.0324823517      0.732605814     0.0207011012    -0.0011389998       1.00062217        2.0012662       1.00125566             0.05  0.000625026493  0.000625122662  119
    0.00747483896      0.732589573     0.0207014679   -0.00115147087       1.00062128       2.00126564       1.00125449             0.05  0.000625026493  0.000625674629  118
     0.0824833238       0.73261556     0.0207010616   -0.00114054221       1.00062138       2.00126455       1.00125405             0.05  0.000625026493  0.000623689588  117
     0.0545225107      0.718294903     0.0188992852    0.00148758051       1.00060078        2.0011953       1.00119879             0.05  0.000625026493  0.000624420221  116
     0.0295161817      0.718303952     0.0188924527    0.00149110057       1.00060425       2.00119927       1.00120425             0.05  0.000625026493  0.000625164861  115
    0.00452125947      0.718316203     0.0188994018     0.0014987395       1.00060315       2.00119831       1.00120267             0.05  0.000625026493  0.000625655875  114
     0.0795143711      0.718293981     0.0188902499    0.00148974467       1.00060287       2.00119695       1.00120171             0.05  0.000625026493  0.000623781006  113
     0.0394026281      0.681941931     0.0158516415   -0.00160359412       1.00031136        2.0009153       1.00076915             0.05  0.000625026493  0.00062505469  112
     0.0144131674      0.681931919     0.0158597197   -0.00160946032       1.00031411        2.0009181        1.0007733             0.05  0.000625026493  0.000625584317  111
     0.0894030307      0.681933629     0.0158529568   -0.00161092533       1.00031291       2.00091664       1.00077137             0.05  0.000625026493  0.000623988899  110
     0.0644136273      0.681949534     0.0158606277   -0.00160626663       1.00031162       2.00091449       1.00076901             0.05  0.000625026493  0.000624421641  109
     0.0390990181      0.668502552     0.0147320193    0.00191874993       1.00039642       2.00093501       1.00086412             0.05  0.000625026493  0.0006249905  108
      0.014101472      0.668519747     0.0147343315    0.00192631233       1.00039904       2.00093848       1.00086847             0.05  0.000625026493  0.000625476373  107
     0.0890985904      0.668513339     0.0147291221    0.00192941621       1.00039799       2.00093677       1.00086656             0.05  0.000625026493  0.000623999976  106
     0.0641017955      0.668496683     0.0147323635    0.00191660226       1.00039627       2.00093431       1.00086361             0.05  0.000625026493  0.000624402962  105
         0.026385      0.633017925     0.0111720965   -0.00169428244       1.00003714       2.00049513       1.00028472             0.05  0.000625026493  0.00062532476  104
    0.00138616227      0.633010514     0.0111773995   -0.00169508884       1.00003784       2.00049572        1.0002857             0.05  0.000625026493  0.000625623214  103
      0.076385008      0.633018669     0.0111730218   -0.00169914073       1.00003818       2.00049569       1.00028604             0.05  0.000625026493  0.000624470744  102
     0.0513851476      0.633029203     0.0111763944   -0.00169008048       1.00003589         2.000493       1.00028239             0.05  0.000625026493  0.000624865308  101
     0.0261374237      0.617042355     0.0119351387    0.00203092935        1.0003623       2.00067765       1.00070125             0.05  0.000625026493  0.000625083642  100
    0.00113993197      0.617058182     0.0119369414    0.00204261643       1.00036341       2.00067942       1.00070325             0.05  0.000625026493  0.000625349753  99
      0.076137467       0.61703944     0.0119356105    0.00203433722       1.00036271       2.00067775       1.00070171             0.05  0.000625026493  0.000624327909  98
     0.0511406323      0.617031568     0.0119377273    0.00202693442       1.00036206       2.00067676       1.00070056             0.05  0.000625026493  0.000624673255  97
     0.0197647441      0.585007291    0.00645274772   -0.00145206191      0.999759537       1.99995258      0.999735832             0.05  0.000625026493  0.000625521974  96
     0.0947647849      0.585001506    0.00645235289   -0.00145502979      0.999759864       1.99995303      0.999736383             0.05  0.000625026493  0.00062473661  95
     0.0697642686      0.585011922    0.00645225415   -0.00144758987      0.999760045       1.99995277      0.999736434             0.05  0.000625026493  0.000624915044  94
     0.0447619947      0.585017012    0.00644917408   -0.00144564058      0.999759839       1.99995242      0.999736055             0.05  0.000625026493  0.000625232812  93
     0.0177708772      0.564725196    0.00704099988    0.00157032079        1.0005114        2.0006141       1.00081861             0.05  0.000625026493  0.00062506226  92
     0.0927714641      0.564734878    0.00704264104    0.00158011502        1.0005108       2.00061378       1.00081785             0.05  0.000625026493  0.000624324571  91
     0.0677712077      0.564719872    0.00704091099    0.00156559389       1.00051091       2.00061335       1.00081774             0.05  0.000625026493  0.000624534513  90
     0.0427725119      0.564714149    0.00704298952    0.00156071487       1.00051102       2.00061326       1.00081781             0.05  0.000625026493  0.000624824909  89
     0.0171078099      0.537162818    0.00736641113  -0.000793416555      0.999717051       1.99976951      0.999601837             0.05  0.000625026493  0.000625548176  88
      0.092108818      0.537159414    0.00736694153  -0.000795557315      0.999716596        1.9997691       0.99960118             0.05  0.000625026493  0.000624849482  87
     0.0671083179      0.537165494    0.00736659226  -0.000789471044      0.999717578       1.99976994       0.99960258             0.05  0.000625026493  0.000625057008  86
     0.0421072595      0.537168903    0.00736553727    -0.0007875377      0.999718619       1.99977092       0.99960411             0.05  0.000625026493  0.000625329767  85
     0.0133019263      0.512603121    0.00579112352   0.000559279077       1.00006863        2.0001078       1.00012254             0.05  0.000625026493  0.000625330478  84
     0.0883015302      0.512608526    0.00579133567   0.000566535636       1.00006802       2.00010718       1.00012162             0.05  0.000625026493  0.000624647525  83
     0.0633020621      0.512602041    0.00579174238    0.00055729239       1.00006846       2.00010758       1.00012226             0.05  0.000625026493  0.000624861769  82
     0.0383025851      0.512597817    0.00579186271   0.000552025703       1.00006868       2.00010779       1.00012258             0.05  0.000625026493  0.000625128498  81
     0.0134160484      0.488728485    0.00767942594   0.000170360978      0.999668508        1.9997036      0.999520359             0.05  0.000625026493  0.000625566241  80
     0.0884171629      0.488726793    0.00768047546   0.000169337925      0.999668035        1.9997031      0.999519633             0.05  0.000625026493  0.000624896793  79
     0.0634170322       0.48872824    0.00768049505   0.000172563182      0.999668962       1.99970404      0.999521031             0.05  0.000625026493  0.000625096321  78
     0.0384164655      0.488730402    0.00768011842   0.000173953996       0.99966969       1.99970481      0.999522143             0.05  0.000625026493  0.000625357585  77
    0.00984061257      0.461485824    0.00546033875   -0.00046638085      0.999547174       1.99958703      0.999340784             0.05  0.000625026493  0.000625636297  76
     0.0848400723       0.46148792    0.00546002378  -0.000462941087       0.99954683       1.99958662      0.999340234             0.05  0.000625026493  0.000624991438  75
     0.0598403635      0.461487844    0.00546064929  -0.000465283508       0.99954671       1.99958651       0.99934006             0.05  0.000625026493  0.000625192847  74
     0.0348408208        0.4614858    0.00546086234   -0.00046831919      0.999546959       1.99958682      0.999340462             0.05  0.000625026493  0.000625444094  73
    0.00933768582      0.439271658    0.00680024916   0.000965857688      0.999592335       1.99963125      0.999408038             0.05  0.000625026493  0.000625591895  72
      0.084338327      0.439270779    0.00680087665   0.000965461039      0.999592159       1.99963103       0.99940775             0.05  0.000625026493  0.000624970487  71
     0.0593384182      0.439268851    0.00680100129   0.000965229772      0.999592632       1.99963149       0.99940845             0.05  0.000625026493  0.000625158176  70
     0.0343379889      0.439270287    0.00680062992   0.000966179982       0.99959283       1.99963174      0.999408773             0.05  0.000625026493  0.000625400972  69
    0.00677714263      0.411438157    0.00535740081  -0.000937035961      0.999295914       1.99933232       0.99896231             0.05  0.000625026493  0.000625766466  68
     0.0817767076      0.411438709    0.00535686223  -0.000936093866      0.999295877       1.99933225      0.998962236             0.05  0.000625026493  0.000625171769  67
      0.056776631      0.411441167    0.00535709231  -0.000934658649      0.999295657       1.99933198      0.998961882             0.05  0.000625026493  0.000625355437  66
     0.0317769783      0.411440409    0.00535735184  -0.000935685179      0.999295725       1.99933208      0.998962002             0.05  0.000625026493  0.000625586819  65
     0.0056442407      0.388919932     0.0059400105    0.00115199468      0.999551743       1.99958167      0.999342672             0.05  0.000625026493  0.000625595329  64
     0.0806445773       0.38891949    0.00594043722    0.00115194082      0.999551691       1.99958159      0.999342581             0.05  0.000625026493  0.000625019614  63
     0.0556446795      0.388916531    0.00594054561    0.00114934111      0.999551919       1.99958177      0.999342897             0.05  0.000625026493  0.000625194934  62
     0.0306445004      0.388917303    0.00594035041    0.00114986907      0.999551927        1.9995818      0.999342923             0.05  0.000625026493  0.000625419788  61
    0.00394257724      0.361984437    0.00536446703  -0.000783167194      0.999260219       1.99928004      0.998900508             0.05  0.000625026493  0.000625769495  60
     0.0789424177      0.361984518    0.00536420818  -0.000783299292      0.999260295       1.99928011      0.998900617             0.05  0.000625026493  0.000625213604  59
     0.0539422359       0.36198685    0.00536408566  -0.000780996459      0.999260296       1.99928007      0.998900599             0.05  0.000625026493  0.000625384077  58
     0.0289423841      0.361986636    0.00536423057  -0.000781119364      0.999260277       1.99928007      0.998900577             0.05  0.000625026493  0.000625601271  57
    0.00246879853       0.33821318    0.00530763481   0.000767215676      0.999462241       1.99947638      0.999200572             0.05  0.000625026493  0.000625637078  56
     0.0774689014      0.338212954    0.00530776399   0.000767424405      0.999462204       1.99947634      0.999200515             0.05  0.000625026493  0.00062510575  55
     0.0524690143      0.338210902    0.00530790389   0.000764866596      0.999462264       1.99947638      0.999200594             0.05  0.000625026493  0.000625275602  54
     0.0274689573      0.338211227    0.00530783174   0.000765008095      0.999462259       1.99947638       0.99920059             0.05  0.000625026493  0.000625484933  53
    0.00120867748      0.312582354    0.00519498514  -0.000306162686      0.999293718       1.99930186      0.998944893             0.05  0.000625026493  0.000625735645  52
     0.0762086738      0.312582324    0.00519497341  -0.000306452069      0.999293788       1.99930193      0.998944999             0.05  0.000625026493  0.000625255282  51
     0.0512085411      0.312583521    0.00519481955  -0.000304829627      0.999293889       1.99930202      0.998945147             0.05  0.000625026493  0.000625430513  50
     0.0262085578       0.31258355    0.00519485473  -0.000304747604      0.999293845       1.99930198      0.998945082             0.05  0.000625026493  0.00062562432  49
     0.0997085369      0.287645279    0.00478655831   0.000228834784      0.999335917       1.99934274      0.999007504             0.05  0.000625026493  0.000625189058  48
     0.0747085475      0.287645221    0.00478661095   0.000228848169      0.999335883        1.9993427      0.999007453             0.05  0.000625026493  0.000625289673  47
     0.0497086111      0.287644502    0.00478668391   0.000227580014      0.999335836       1.99934266      0.999007382             0.05  0.000625026493  0.000625472487  46
     0.0247086396      0.287644564    0.00478669759   0.000227534226      0.999335865       1.99934269      0.999007427             0.05  0.000625026493  0.000625639812  45
     0.0986001014      0.262918831    0.00473833629   0.000133800684      0.999306329       1.99931186        0.9989625             0.05  0.000625026493  0.000625225096  44
     0.0736001393      0.262918648    0.00473836299   0.000133677172      0.999306378       1.99931191      0.998962573             0.05  0.000625026493  0.00062535424  43
     0.0486000752      0.262918845     0.0047382897   0.000134251015      0.999306485       1.99931202      0.998962736             0.05  0.000625026493  0.000625534064  42
     0.0236000315      0.262919011    0.00473822377   0.000134376857      0.999306432       1.99931197      0.998962656             0.05  0.000625026493  0.000625680741  41
     0.0972548576      0.237396465    0.00424373034  -0.000126238411      0.999250168        1.9992557      0.998878296             0.05  0.000625026493  0.000625277305  40
     0.0722548279      0.237396586    0.00424371585  -0.000126130194      0.999250149       1.99925568      0.998878267             0.05  0.000625026493  0.000625410404  39
     0.0472548475      0.237396685    0.00424375052  -0.000126310103      0.999250094       1.99925562      0.998878185             0.05  0.000625026493  0.000625581532  38
     0.0222549046      0.237396611    0.00424378913  -0.000126394424      0.999250117       1.99925565      0.998878222             0.05  0.000625026493  0.000625714193  37
     0.0961964861      0.212954234    0.00408105333   0.000331763832      0.999297942       1.99930327       0.99894982             0.05  0.000625026493  0.000625263085  36
     0.0711965283      0.212953992    0.00408109142   0.000331546958      0.999297969       1.99930329       0.99894986             0.05  0.000625026493  0.000625387872  35
      0.046196502      0.212953726    0.00408107614   0.000331390629      0.999298018       1.99930334      0.998949934             0.05  0.000625026493  0.000625546559  34
     0.0211964572      0.212953929    0.00408102139   0.000331571126      0.999297991       1.99930332      0.998949895             0.05  0.000625026493  0.000625670319  33
     0.0950445758      0.187396551    0.00362237655   -0.00021430006      0.999222981       1.99922745      0.998837006             0.05  0.000625026493  0.000625328045  32
     0.0700445454      0.187396669    0.00362233931    -0.0002141026      0.999222975       1.99922744      0.998836998             0.05  0.000625026493  0.000625442214  31
     0.0450445451      0.187396974    0.00362233933  -0.000213779468      0.999222955       1.99922742      0.998836967             0.05  0.000625026493  0.000625586913  30
     0.0200445921      0.187396897    0.00362239322   -0.00021393114      0.999222956       1.99922743       0.99883697             0.05  0.000625026493  0.000625699699  29
     0.0940346151      0.162811489    0.00332433591   0.000290453708      0.999277018       1.99928115      0.998917854             0.05  0.000625026493  0.000625312248  28
     0.0690346392      0.162811337    0.00332436893   0.000290233267      0.999277031       1.99928117      0.998917874             0.05  0.000625026493  0.000625415169  27
     0.0440346322      0.162811067    0.00332436616   0.000289866583       0.99927704       1.99928117      0.998917886             0.05  0.000625026493  0.000625545804  26
     0.0190346091      0.162811195    0.00332432414   0.000290053402      0.999277033       1.99928117      0.998917877             0.05  0.000625026493  0.000625647525  25
     0.0930418579      0.137495899    0.00291511344  -0.000124687652      0.999227114       1.99923016      0.998842492             0.05  0.000625026493  0.000625363061  24
     0.0680418455       0.13749593     0.0029150864  -0.000124565662      0.999227118       1.99923017      0.998842498             0.05  0.000625026493  0.000625454229  23
     0.0430418359      0.137496124    0.00291508361  -0.000124258559      0.999227124       1.99923017      0.998842507             0.05  0.000625026493  0.00062556962  22
     0.0180418543      0.137496112    0.00291511482  -0.000124352751      0.999227114       1.99923016      0.998842492             0.05  0.000625026493  0.000625659444  21
     0.0920947566      0.112631059    0.00251457975   0.000131112932       0.99925231       1.99925514      0.998880159             0.05  0.000625026493  0.000625367037  20
     0.0670947598      0.112631006    0.00251459084   0.000131016994      0.999252312       1.99925514      0.998880162             0.05  0.000625026493  0.000625446053  19
     0.0420947653      0.112630888    0.00251460055   0.000130793473      0.999252303       1.99925513      0.998880148             0.05  0.000625026493  0.000625546034  18
     0.0170947614      0.112630936    0.00251458249   0.000130879244      0.999252306       1.99925514      0.998880153             0.05  0.000625026493  0.000625623774  17
     0.0912367012      0.087584363    0.00216651969   1.38921466e-05      0.999230983       1.99923318      0.998847869             0.05  0.000625026493  0.000625400808  16
      0.066236704     0.0875843415    0.00216651545   1.39035275e-05      0.999230993       1.99923319      0.998847885             0.05  0.000625026493  0.000625467353  15
     0.0412366892     0.0875843947    0.00216649836   1.40266485e-05      0.999231006       1.99923321      0.998847904             0.05  0.000625026493  0.000625551473  14
      0.016236691     0.0875844169    0.00216650724   1.40189262e-05      0.999230992       1.99923319      0.998847883             0.05  0.000625026493  0.00062561676  13
      0.090285619     0.0624895498    0.00161835507  -2.72433134e-05      0.999233871       1.99923757       0.99885295             0.05  0.000625026493  0.000625420418  12
     0.0652856162     0.0624895378     0.0016183572   -2.7255103e-05       0.99923387       1.99923757       0.99885295             0.05  0.000625026493  0.000625474413  11
     0.0402856222     0.0624895321    0.00161836888  -2.72985429e-05      0.999233861       1.99923757      0.998852935             0.05  0.000625026493  0.000625542177  10
     0.0152856285     0.0624895475    0.00161837223  -2.72840331e-05      0.999233864       1.99923757      0.998852939             0.05  0.000625026493  0.00062559443  9
     0.0896880673      0.037619578    0.00148103811   0.000109711804       0.99921414       1.99922273      0.998825808             0.05  0.000625026493  0.000625456864  8
     0.0646880557     0.0376195559    0.00148101912    0.00010968465      0.999214147       1.99922274      0.998825824             0.05  0.000625026493  0.000625496698  7
     0.0396880578     0.0376195355    0.00148102418   0.000109674372      0.999214153       1.99922275      0.998825833             0.05  0.000625026493  0.000625546383  6
     0.0146880401     0.0376195532    0.00148100175   0.000109695779      0.999214145       1.99922273      0.998825816             0.05  0.000625026493  0.000625584229  5
     0.0884780799     0.0124059384   0.000667894489  -0.000116002865      0.999209037       1.99921312      0.998815906             0.05  0.000625026493  0.000625486202  4
     0.0634780685     0.0124059424   0.000667880315  -0.000115981389      0.999209039       1.99921316      0.998815928             0.05  0.000625026493  0.000625510119  3
     0.0384780751     0.0124059759   0.000667893072  -0.000115944222      0.999209037       1.99921315      0.998815924             0.05  0.000625026493  0.000625539017  2
     0.0134780673     0.0124059762   0.000667881683  -0.000115958802      0.999209036       1.99921311      0.998815902             0.05  0.000625026493  0.000625560689  1
