title='particle position' 
variables=x, y, Ux, Uy, rho, e, p, h=supportlength/2, m, V, ID 
     0.0840634623      0.989735544     0.0376916857    0.00112489212      0.999466066       2.00210981       1.00052041             0.05  0.000625026493  0.000624261727  160
     0.0590669814      0.989733279     0.0376936776    0.00111722439      0.999466899       2.00210721       1.00051994             0.05  0.000625026493  0.000624998302  159
     0.0340639619      0.989741812      0.037692992    0.00112123268      0.999467594         2.002112       1.00052303             0.05  0.000625026493  0.00062590474  158
       0.00906717      0.989738938     0.0376948617    0.00112158347      0.999467366       2.00211537       1.00052449             0.05  0.000625026493  0.000626547787  157
     0.0680736225       0.96047291     0.0353110098   -0.00102095735      0.999035204       2.00105375      0.999561571             0.05  0.000625026493  0.000624718823  156
     0.0430773127      0.960468485     0.0353140962   -0.00102227828      0.999035287       2.00105376      0.999561659             0.05  0.000625026493  0.00062593964  155
     0.0180728239      0.960466934     0.0353099907   -0.00102028961      0.999035546        2.0010543      0.999562186             0.05  0.000625026493  0.000627023675  154
      0.093077143      0.960469158      0.035313982   -0.00102231672       0.99903533       2.00105575      0.999562698             0.05  0.000625026493  0.000623977315  153
     0.0541754711       0.93919318     0.0315686104    0.00111190079      0.999322657        2.0007337      0.999689257             0.05  0.000625026493  0.000625160742  152
     0.0291777183        0.9391974     0.0315710225    0.00111253523      0.999323117        2.0007328      0.999689269             0.05  0.000625026493  0.000626404202  151
    0.00417478055      0.939198404      0.031569449    0.00111588215      0.999323138       2.00073252      0.999689151             0.05  0.000625026493  0.000627150836  150
     0.0791774665      0.939191675     0.0315686972    0.00111417384      0.999322831       2.00073358      0.999689371             0.05  0.000625026493  0.00062406008  149
     0.0396530784      0.911133071     0.0292835156  -0.000872073492      0.999132013       2.00014882      0.999206359             0.05  0.000625026493  0.000625942164  148
     0.0146535808      0.911129297     0.0292840716  -0.000871220623       0.99913204       2.00014759      0.999205772             0.05  0.000625026493  0.000626903952  147
     0.0896535143      0.911129068     0.0292848186  -0.000870605994      0.999132019       2.00014768      0.999205796             0.05  0.000625026493  0.000624073396  146
     0.0646540723      0.911132384      0.029284837  -0.000873405359      0.999131777       2.00014861      0.999206019             0.05  0.000625026493  0.000624817234  145
     0.0298183076      0.888388158      0.025782015   0.000919930968       0.99931275       2.00001642      0.999320956             0.05  0.000625026493  0.000626183192  144
     0.0048192967       0.88839101     0.0257826417    0.00092239227      0.999312498       2.00001521      0.999320097             0.05  0.000625026493  0.000626784358  143
     0.0798177802      0.888385259     0.0257824566   0.000922622789      0.999312556       2.00001544       0.99932027             0.05  0.000625026493  0.000624355248  142
     0.0548199694      0.888386197     0.0257838242   0.000919796221      0.999312429       2.00001607      0.999320456             0.05  0.000625026493  0.00062520812  141
     0.0201350927      0.861856005     0.0187991041  -0.000552275972      0.999421655       1.99986285      0.999353122             0.05  0.000625026493  0.000626257943  140
     0.0951335996      0.861852471     0.0187971201  -0.000554061962      0.999421467       1.99986198      0.999352499             0.05  0.000625026493  0.000624317556  139
     0.0701339726      0.861853374     0.0187985462  -0.000552591756      0.999421769       1.99986258      0.999353097             0.05  0.000625026493  0.000624780144  138
     0.0451334438      0.861856589     0.0187969669  -0.000552156353      0.999421928       1.99986319      0.999353562             0.05  0.000625026493  0.000625560433  137
     0.0144142031      0.837610349     0.0149219551   0.000447882322       1.00019381        2.0004309       1.00040931             0.05  0.000625026493  0.000625701365  136
     0.0894146864      0.837610052     0.0149217232   0.000449923265       1.00019366        2.0004305       1.00040895             0.05  0.000625026493  0.00062408731  135
     0.0644137309      0.837606452     0.0149212877   0.000446524108       1.00019425       2.00043121        1.0004099             0.05  0.000625026493  0.000624566846  134
     0.0394150917      0.837608469      0.014922762   0.000446796102       1.00019439       2.00043153        1.0004102             0.05  0.000625026493  0.000625200371  133
     0.0101397211      0.812470441     0.0126116421  -0.000137408715        1.0004754       2.00060148       1.00077628             0.05  0.000625026493  0.000625407703  132
     0.0851393798      0.812467722     0.0126106117  -0.000139090895       1.00047566       2.00060168       1.00077665             0.05  0.000625026493  0.000624072441  131
     0.0601390995      0.812467586     0.0126112908  -0.000137648824       1.00047628       2.00060236        1.0007776             0.05  0.000625026493  0.000624490497  130
     0.0351388762      0.812469669     0.0126106655   -0.00013731627       1.00047617       2.00060234       1.00077749             0.05  0.000625026493  0.000625012896  129
     0.0065205674      0.787198889     0.0110805271  -2.37704879e-05       1.00057734       2.00065989       1.00090748             0.05  0.000625026493  0.000625258018  128
     0.0815206167      0.787198201     0.0110806794  -2.36074223e-05       1.00057741       2.00065994       1.00090757             0.05  0.000625026493  0.000624095462  127
     0.0565202175      0.787197272     0.0110804525  -2.60787295e-05       1.00057792       2.00066049       1.00090836             0.05  0.000625026493  0.000624456433  126
     0.0315205749      0.787198551     0.0110809389  -2.50698517e-05       1.00057762       2.00066023       1.00090792             0.05  0.000625026493  0.000624913477  125
    0.00390565703      0.762751305     0.0104733959   0.000260251709       1.00054321        2.0006023       1.00084452             0.05  0.000625026493  0.000625228083  124
     0.0789059046      0.762749788     0.0104733309   0.000259015076       1.00054364       2.00060273       1.00084517             0.05  0.000625026493  0.00062418346  123
     0.0539055462      0.762748864     0.0104732708   0.000258335571       1.00054397       2.00060308       1.00084568             0.05  0.000625026493  0.000624518073  122
     0.0289053895      0.762750272     0.0104730956   0.000259483283       1.00054368       2.00060282       1.00084526             0.05  0.000625026493  0.000624929642  121
      0.001315911      0.737139272    0.00936999259  -0.000260933233       1.00036795       2.00041422       1.00057514             0.05  0.000625026493  0.000625297792  120
      0.076315929      0.737138967    0.00936998564  -0.000261402678       1.00036814       2.00041442       1.00057543             0.05  0.000625026493  0.000624398156  119
     0.0513156002      0.737139355    0.00936965433  -0.000261349132       1.00036834       2.00041463       1.00057573             0.05  0.000625026493  0.000624726946  118
     0.0263158271      0.737139818    0.00936993905  -0.000261033708       1.00036809       2.00041439       1.00057536             0.05  0.000625026493  0.000625089812  117
     0.0992747319       0.71272514     0.0088626845   0.000390336161       1.00038158       2.00041819       1.00059075             0.05  0.000625026493  0.000624328909  116
     0.0742748305      0.712724426    0.00886290017   0.000389424953       1.00038181       2.00041843        1.0005911             0.05  0.000625026493  0.000624508657  115
     0.0492747154      0.712723711    0.00886281223   0.000388231916       1.00038198       2.00041861       1.00059136             0.05  0.000625026493  0.000624838247  114
     0.0242746256      0.712724334    0.00886253406   0.000389075361       1.00038178       2.00041841       1.00059106             0.05  0.000625026493  0.000625142102  113
      0.097372766       0.68727851    0.00804564636  -0.000227618437       1.00024613        2.0002749       1.00038361             0.05  0.000625026493  0.000624459336  112
     0.0723727762      0.687278425    0.00804565263  -0.000227524508       1.00024626       2.00027503       1.00038381             0.05  0.000625026493  0.00062468671  111
     0.0473726244      0.687278854    0.00804545405  -0.000226894118       1.00024634       2.00027512       1.00038393             0.05  0.000625026493  0.00062500172  110
     0.0223727097      0.687279036    0.00804552903  -0.000226822581       1.00024619       2.00027498       1.00038371             0.05  0.000625026493  0.000625258349  109
     0.0957416328      0.662582557    0.00737349677   0.000291078687       1.00025721       2.00028052       1.00039751             0.05  0.000625026493  0.000624491987  108
     0.0707416675      0.662582319    0.00737357939   0.000290651672       1.00025729        2.0002806       1.00039762             0.05  0.000625026493  0.000624718966  107
     0.0457416305      0.662581995     0.0073735435   0.000289890814        1.0002573       2.00028062       1.00039765             0.05  0.000625026493  0.000625011224  106
     0.0207416368      0.662582185    0.00737348516   0.000290221544       1.00025724       2.00028057       1.00039756             0.05  0.000625026493  0.000625237763  105
     0.0943266484      0.637436567    0.00666060461  -5.62932664e-05       1.00018761       2.00020575        1.0002905             0.05  0.000625026493  0.000624572278  104
     0.0693266614      0.637436466    0.00666060131  -5.62907054e-05       1.00018766       2.00020581       1.00029058             0.05  0.000625026493  0.000624779687  103
     0.0443265968      0.637436626    0.00666052574   -5.5859526e-05       1.00018769       2.00020585       1.00029064             0.05  0.000625026493  0.000625043103  102
     0.0193266211      0.637436756    0.00666055793  -5.57874137e-05       1.00018763       2.00020578       1.00029054             0.05  0.000625026493  0.000625248491  101
     0.0930824944      0.612474071    0.00592355881   0.000137461622       1.00016425       2.00017889       1.00025371             0.05  0.000625026493  0.000624622546  100
      0.068082498      0.612474016    0.00592357002   0.000137399204       1.00016427       2.00017891       1.00025373             0.05  0.000625026493  0.000624807845  99
     0.0430824895      0.612473956    0.00592358543   0.000137142309       1.00016425        2.0001789       1.00025371             0.05  0.000625026493  0.000625043264  98
     0.0180825138      0.612474007     0.0059235859    0.00013718275       1.00016424       2.00017889        1.0002537             0.05  0.000625026493  0.000625226855  97
     0.0920399548      0.587520869    0.00524516223   9.49627044e-05       1.00014395       2.00015538       1.00022165             0.05  0.000625026493  0.000624670289  96
     0.0670399743      0.587520778    0.00524517869   9.48506498e-05       1.00014398       2.00015541       1.00022169             0.05  0.000625026493  0.000624833916  95
     0.0420399416      0.587520776    0.00524513211   9.49337639e-05         1.000144       2.00015543       1.00022172             0.05  0.000625026493  0.000625041728  94
     0.0170399447      0.587520863      0.005245136   9.50543192e-05       1.00014396        2.0001554       1.00022167             0.05  0.000625026493  0.000625204005  93
     0.0911400363      0.562443014    0.00454503337   5.01232999e-05       1.00010524       2.00011415       1.00016232             0.05  0.000625026493  0.000624728578  92
     0.0661400337      0.562442993     0.0045450237   5.01352272e-05       1.00010525       2.00011416       1.00016233             0.05  0.000625026493  0.000624871148  91
     0.0411400249      0.562443021    0.00454503176   5.01514789e-05       1.00010523       2.00011415       1.00016232             0.05  0.000625026493  0.000625052234  90
     0.0161400452      0.562443051     0.0045450591   5.01495486e-05       1.00010523       2.00011414        1.0001623             0.05  0.000625026493  0.000625193755  89
     0.0903972125      0.537532675    0.00391488996   0.000159100981       1.00010478       2.00011171       1.00016064             0.05  0.000625026493  0.000624760963  88
     0.0653972249      0.537532625    0.00391490975   0.000159010371        1.0001048       2.00011173       1.00016066             0.05  0.000625026493  0.000624883667  87
     0.0403972108      0.537532594    0.00391488861   0.000158954427        1.0001048       2.00011174       1.00016068             0.05  0.000625026493  0.000625039563  86
     0.0153972106      0.537532638     0.0039148811   0.000159034158       1.00010479       2.00011172       1.00016065             0.05  0.000625026493  0.000625161512  85
     0.0897775284      0.512461365     0.0033098565   4.49814773e-05       1.00007278       2.00007791       1.00011173             0.05  0.000625026493  0.000624811104  84
     0.0647775286      0.512461346    0.00330984999   4.49717347e-05       1.00007279       2.00007792       1.00011175             0.05  0.000625026493  0.000624915256  83
     0.0397775196      0.512461371    0.00330984256   4.50336649e-05       1.00007278       2.00007792       1.00011175             0.05  0.000625026493  0.000625047575  82
     0.0147775294      0.512461394    0.00330986346   4.50556795e-05       1.00007277       2.00007791       1.00011173             0.05  0.000625026493  0.000625151188  81
      0.089272976      0.487513442    0.00276843721   0.000154679794       1.00007107       2.00007501       1.00010857             0.05  0.000625026493  0.0006248395  80
     0.0642729805      0.487513421    0.00276844819   0.000154636127       1.00007108       2.00007502       1.00010859             0.05  0.000625026493  0.000624926761  79
     0.0392729745      0.487513407    0.00276843961   0.000154590802       1.00007108       2.00007502       1.00010859             0.05  0.000625026493  0.000625037689  78
     0.0142729766      0.487513425    0.00276843855    0.00015462632       1.00007107       2.00007501       1.00010857             0.05  0.000625026493  0.000625124631  77
     0.0888656845      0.462488516    0.00228243138    8.1233359e-05       1.00005358       2.00005638       1.00008177             0.05  0.000625026493  0.000624875054  76
     0.0638656865      0.462488504    0.00228243217   8.12132977e-05       1.00005359       2.00005639       1.00008179             0.05  0.000625026493  0.000624947204  75
     0.0388656809       0.46248851    0.00228242264   8.12407641e-05       1.00005359       2.00005639       1.00008179             0.05  0.000625026493  0.000625038914  74
     0.0138656837      0.462488524    0.00228243067   8.12659618e-05       1.00005358       2.00005638       1.00008177             0.05  0.000625026493  0.000625110858  73
     0.0885404369      0.437496738    0.00185614892   0.000128607456        1.0000452       2.00004728       1.00006884             0.05  0.000625026493  0.000624901884  72
     0.0635404378       0.43749673    0.00185615181   0.000128589653        1.0000452       2.00004729       1.00006885             0.05  0.000625026493  0.000624960744  71
     0.0385404349      0.437496729     0.0018561472   0.000128578589        1.0000452       2.00004729       1.00006885             0.05  0.000625026493  0.000625035603  70
     0.0135404372      0.437496737    0.00185615078   0.000128594268        1.0000452       2.00004728       1.00006884             0.05  0.000625026493  0.000625094384  69
     0.0882849227      0.412503372    0.00149123071   0.000116346967       1.00003833       2.00003976       1.00005821             0.05  0.000625026493  0.000624924866  68
     0.0632849243      0.412503366    0.00149123402   0.000116332506       1.00003833       2.00003977       1.00005822             0.05  0.000625026493  0.000624972293  67
     0.0382849217      0.412503365    0.00149122821   0.000116334745       1.00003834       2.00003977       1.00005822             0.05  0.000625026493  0.000625032604  66
     0.0132849222      0.412503371    0.00149122975   0.000116349552       1.00003833       2.00003976       1.00005821             0.05  0.000625026493  0.000625079991  65
     0.0880857025      0.387492657     0.0011813618   0.000112436646       1.00002745       2.00002839       1.00004165             0.05  0.000625026493  0.00062494755  64
     0.0630857026      0.387492654    0.00118136205   0.000112428869       1.00002745       2.00002839       1.00004165             0.05  0.000625026493  0.000624985271  63
     0.0380857012      0.387492655    0.00118135909   0.000112431053       1.00002745       2.00002839       1.00004165             0.05  0.000625026493  0.000625033241  62
     0.0130857024      0.387492659    0.00118136229   0.000112439212       1.00002745       2.00002839       1.00004165             0.05  0.000625026493  0.000625070954  61
     0.0879327943      0.362505539   0.000925010746   0.000131444491       1.00002427        2.0000248       1.00003667             0.05  0.000625026493  0.0006249628  60
      0.062932795      0.362505536   0.000925012838   0.000131437503       1.00002427       2.00002481       1.00003668             0.05  0.000625026493  0.000624992449  59
      0.037932794      0.362505535   0.000925010237    0.00013143461       1.00002427       2.00002481       1.00003668             0.05  0.000625026493  0.000625030136  58
     0.0129327942      0.362505538   0.000925010492   0.000131440877       1.00002427        2.0000248       1.00003667             0.05  0.000625026493  0.000625059767  57
     0.0878165089      0.337496199   0.000714927044   0.000111367414       1.00001569        2.0000158       1.00002359             0.05  0.000625026493  0.000624979111  56
     0.0628165091      0.337496198   0.000714927267   0.000111363821       1.00001569        2.0000158       1.00002359             0.05  0.000625026493  0.000625002147  55
     0.0378165085      0.337496199   0.000714925604   0.000111366069       1.00001569        2.0000158       1.00002359             0.05  0.000625026493  0.000625031388  54
     0.0128165088        0.3374962   0.000714926954   0.000111370122       1.00001569        2.0000158       1.00002359             0.05  0.000625026493  0.000625054363  53
     0.0877291915      0.312502702   0.000546088895   0.000128986378       1.00001239       2.00001216       1.00001847             0.05  0.000625026493  0.000624990037  52
     0.0627291917      0.312502701   0.000546089589   0.000128983617       1.00001239       2.00001216       1.00001847             0.05  0.000625026493  0.000625007739  51
     0.0377291913      0.312502701   0.000546088543   0.000128982283       1.00001239       2.00001216       1.00001847             0.05  0.000625026493  0.00062503016  50
     0.0127291915      0.312502701   0.000546088849   0.000128984658       1.00001239       2.00001216       1.00001847             0.05  0.000625026493  0.000625047747  49
      0.087664342      0.287500242   0.000412189285    0.00011513587       1.00000759       2.00000696       1.00001108             0.05  0.000625026493  0.000625000151  48
     0.0626643421      0.287500241   0.000412189593   0.000115134342       1.00000759       2.00000696       1.00001108             0.05  0.000625026493  0.000625013626  47
     0.0376643419      0.287500242   0.000412188871   0.000115134883       1.00000759       2.00000696       1.00001108             0.05  0.000625026493  0.000625030615  46
     0.0126643419      0.287500242   0.000412189189   0.000115136515       1.00000759       2.00000696       1.00001108             0.05  0.000625026493  0.000625043889  45
     0.0876166913      0.262500476   0.000307506628   0.000118376046       1.00000411        2.0000031       1.00000566             0.05  0.000625026493  0.000625007952  44
     0.0626166914      0.262500476   0.000307506771   0.000118375074       1.00000411        2.0000031       1.00000566             0.05  0.000625026493  0.000625018118  43
     0.0376166912      0.262500476   0.000307506358   0.000118374924       1.00000411        2.0000031       1.00000566             0.05  0.000625026493  0.000625030844  42
     0.0126166913      0.262500476   0.000307506592   0.000118375815       1.00000411        2.0000031       1.00000566             0.05  0.000625026493  0.00062504072  41
     0.0875820711      0.237501809   0.000226841416   0.000112964936       1.00000212       2.00000071       1.00000247             0.05  0.000625026493  0.000625013603  40
     0.0625820712      0.237501809   0.000226841592   0.000112964354       1.00000212       2.00000071       1.00000247             0.05  0.000625026493  0.000625021227  39
     0.0375820711      0.237501809   0.000226841331   0.000112964309       1.00000212       2.00000071       1.00000247             0.05  0.000625026493  0.000625030652  38
     0.0125820711      0.237501809   0.000226841377   0.000112964858       1.00000212       2.00000071       1.00000247             0.05  0.000625026493  0.000625037876  37
     0.0875571668      0.212500041   0.000165429773   0.000104937216       0.99999968       1.99999786      0.999998611             0.05  0.000625026493  0.000625018541  36
     0.0625571668      0.212500041   0.000165429802   0.000104936905       0.99999968       1.99999786      0.999998611             0.05  0.000625026493  0.000625024236  35
     0.0375571667      0.212500041   0.000165429654    0.00010493699       0.99999968       1.99999786      0.999998611             0.05  0.000625026493  0.000625031138  34
     0.0125571668      0.212500041   0.000165429751   0.000104937302       0.99999968       1.99999786      0.999998611             0.05  0.000625026493  0.000625036319  33
     0.0875394379      0.187501497   0.000119288814   0.000100806839      0.999999098       1.99999689      0.999997541             0.05  0.000625026493  0.000625021522  32
     0.0625394379      0.187501497   0.000119288872   0.000100806642      0.999999098       1.99999689      0.999997542             0.05  0.000625026493  0.000625025775  31
     0.0375394379      0.187501497   0.000119288786   0.000100806585      0.999999098       1.99999689      0.999997542             0.05  0.000625026493  0.000625030772  30
     0.0125394379      0.187501497   0.000119288799   0.000100806752      0.999999098       1.99999689      0.999997541             0.05  0.000625026493  0.000625034397  29
     0.0875269334      0.162500367   8.49941227e-05   8.83181665e-05      0.999998231       1.99999563      0.999996046             0.05  0.000625026493  0.000625024062  28
     0.0625269334      0.162500367   8.49941356e-05   8.83180724e-05      0.999998231       1.99999563      0.999996046             0.05  0.000625026493  0.000625027252  27
     0.0375269334      0.162500367   8.49940883e-05   8.83181182e-05      0.999998231       1.99999563      0.999996046             0.05  0.000625026493  0.000625030827  26
     0.0125269334      0.162500367   8.49941134e-05   8.83182154e-05      0.999998231       1.99999563      0.999996046             0.05  0.000625026493  0.000625033274  25
     0.0875181874      0.137500745   5.97579111e-05    8.0034223e-05      0.999998269       1.99999531      0.999995925             0.05  0.000625026493  0.000625025545  24
     0.0625181874      0.137500745   5.97579217e-05   8.00341653e-05      0.999998269       1.99999531      0.999995925             0.05  0.000625026493  0.000625027961  23
     0.0375181874      0.137500745   5.97578963e-05   8.00341599e-05      0.999998269       1.99999531      0.999995925             0.05  0.000625026493  0.000625030484  22
     0.0125181874      0.137500745   5.97579056e-05   8.00342086e-05      0.999998269       1.99999531      0.999995925             0.05  0.000625026493  0.00062503205  21
     0.0875121068      0.112500528   4.13134756e-05   6.64993743e-05      0.999998519       1.99999524      0.999996141             0.05  0.000625026493  0.000625026524  20
     0.0625121068      0.112500528   4.13134812e-05   6.64993467e-05      0.999998519       1.99999524      0.999996141             0.05  0.000625026493  0.000625028379  19
     0.0375121068      0.112500528   4.13134675e-05   6.64993595e-05      0.999998519       1.99999524      0.999996141             0.05  0.000625026493  0.000625030131  18
     0.0125121068      0.112500528   4.13134718e-05   6.64993865e-05      0.999998519       1.99999524      0.999996141             0.05  0.000625026493  0.000625031039  17
      0.087507882     0.0875002751   2.78436991e-05   5.34661924e-05      0.999998808       1.99999526       0.99999644             0.05  0.000625026493  0.000625027192  16
      0.062507882     0.0875002751   2.78436989e-05   5.34661777e-05      0.999998808       1.99999526       0.99999644             0.05  0.000625026493  0.000625028641  15
      0.037507882     0.0875002751   2.78436921e-05   5.34661864e-05      0.999998808       1.99999526       0.99999644             0.05  0.000625026493  0.000625029826  14
      0.012507882     0.0875002751    2.7843697e-05   5.34662003e-05      0.999998808       1.99999526       0.99999644             0.05  0.000625026493  0.000625030247  13
      0.087504916     0.0625003664   1.79039358e-05   3.92054472e-05      0.999999367       1.99999561      0.999997173             0.05  0.000625026493  0.000625027452  12
      0.062504916     0.0625003664   1.79039366e-05   3.92054397e-05      0.999999367       1.99999561      0.999997173             0.05  0.000625026493  0.000625028593  11
      0.037504916     0.0625003664   1.79039332e-05   3.92054446e-05      0.999999367       1.99999561      0.999997173             0.05  0.000625026493  0.000625029357  10
      0.012504916     0.0625003664   1.79039343e-05   3.92054518e-05      0.999999367       1.99999561      0.999997173             0.05  0.000625026493  0.000625029423  9
     0.0875027852     0.0375000691   1.04402575e-05    2.3357373e-05       0.99999962       1.99999572       0.99999748             0.05  0.000625026493  0.00062502761  8
     0.0625027852     0.0375000691   1.04402556e-05   2.33573705e-05       0.99999962       1.99999572       0.99999748             0.05  0.000625026493  0.000625028469  7
     0.0375027852     0.0375000691   1.04402539e-05    2.3357376e-05       0.99999962       1.99999572       0.99999748             0.05  0.000625026493  0.000625028916  6
     0.0125027852     0.0375000691   1.04402561e-05   2.33573791e-05       0.99999962       1.99999572       0.99999748             0.05  0.000625026493  0.000625028764  5
     0.0875009937     0.0125001146   3.81709136e-06   8.33652277e-06      0.999999877        1.9999959      0.999997829             0.05  0.000625026493  0.000625027385  4
     0.0625009937     0.0125001146   3.81708945e-06   8.33652117e-06      0.999999877        1.9999959      0.999997829             0.05  0.000625026493  0.000625027937  3
     0.0375009937     0.0125001146   3.81708853e-06   8.33652226e-06      0.999999877        1.9999959      0.999997829             0.05  0.000625026493  0.000625028152  2
     0.0125009937     0.0125001146   3.81709031e-06   8.33652384e-06      0.999999877        1.9999959      0.999997829             0.05  0.000625026493  0.000625027945  1
