title='particle position' 
variables=x, y, Ux, Uy, rho, e, p, h=supportlength/2, m, V, ID 
    0.00961333857      0.996199177     0.0401441415    0.00305272363       1.00024776       2.00398008       1.00223829             0.05  0.000625026493  0.00062592903  160
     0.0847646992      0.996187393     0.0403049257    0.00308183269       1.00024387       2.00397149       1.00223009             0.05  0.000625026493  0.000623858153  159
     0.0596144839      0.996204514     0.0401444427    0.00305351072       1.00024781       2.00398372       1.00224016             0.05  0.000625026493  0.000624495041  158
     0.0347652646      0.996207555     0.0403047293    0.00306443491       1.00024616       2.00398384       1.00223857             0.05  0.000625026493  0.000625308337  157
     0.0870518621      0.954847539     0.0329740905   -0.00233226154       1.00059333       2.00332868       1.00225866             0.05  0.000625026493  0.000623136172  156
     0.0621806685       0.95485835     0.0331389729   -0.00231681033        1.0005905       2.00333805       1.00226051             0.05  0.000625026493  0.000624079707  155
     0.0370512533      0.954831557     0.0329773266   -0.00231920123        1.0005956       2.00333052       1.00226185             0.05  0.000625026493  0.000625313983  154
     0.0121820195      0.954855116     0.0331400127   -0.00230703771       1.00058976       2.00333683       1.00225916             0.05  0.000625026493  0.00062625446  153
     0.0601602563       0.94483568     0.0334670072    0.00242458609        1.0009293       2.00315465        1.0025081             0.05  0.000625026493  0.000623982033  152
     0.0351044489      0.944793732     0.0333617111    0.00239427997        1.0009287       2.00315524       1.00250779             0.05  0.000625026493  0.0006252384  151
     0.0101594316      0.944842568     0.0334660174    0.00241689924       1.00092855       2.00314907       1.00250455             0.05  0.000625026493  0.000626116218  150
     0.0851033169      0.944770444     0.0333649165    0.00240382229       1.00092857       2.00315447       1.00250727             0.05  0.000625026493  0.000622959124  149
     0.0444473932      0.907379116     0.0303203392   -0.00120304199       1.00041915       2.00198747        1.0014133             0.05  0.000625026493  0.000625240806  148
     0.0194480661      0.907350441     0.0302595976   -0.00122947509       1.00042986       2.00199832       1.00142945             0.05  0.000625026493  0.000626199574  147
     0.0944503404      0.907385232     0.0303187849   -0.00120375413       1.00042142       2.00198817       1.00141592             0.05  0.000625026493  0.000623208593  146
     0.0694498159      0.907366784     0.0302603043   -0.00123234764       1.00043079       2.00199956         1.001431             0.05  0.000625026493  0.000624048783  145
      0.022748172      0.891945001     0.0272013042    0.00119791209       1.00053021        2.0018539       1.00145765             0.05  0.000625026493  0.000626007921  144
     0.0977784754       0.89196316     0.0272196481    0.00124176169       1.00053333       2.00185548       1.00146156             0.05  0.000625026493  0.000623155719  143
     0.0727440691      0.891925298     0.0272001717    0.00119447625       1.00052933       2.00185139       1.00145552             0.05  0.000625026493  0.000623888702  142
     0.0477793828      0.891965038     0.0272192552    0.00124923618       1.00053202       2.00185514       1.00146008             0.05  0.000625026493  0.000625025144  141
    0.00989374861      0.860246695     0.0277877906  -0.000315557964      0.999698703       2.00074361       1.00007039             0.05  0.000625026493  0.000626643637  140
     0.0848832365      0.860238213     0.0277721947  -0.000313930245       0.99969628        2.0007406       1.00006647             0.05  0.000625026493  0.000623985927  139
     0.0598932672      0.860250908     0.0277888844  -0.000315899831      0.999699037        2.0007429       1.00007038             0.05  0.000625026493  0.000624896146  138
     0.0348803576      0.860225986     0.0277719074  -0.000320376108      0.999695922       2.00074052       1.00006607             0.05  0.000625026493  0.000625957683  137
     0.0935601698      0.838679045     0.0250890442   0.000233227735       1.00036422       2.00124452        1.0009867             0.05  0.000625026493  0.000623424656  136
     0.0685843171      0.838673083     0.0251009613   0.000215271885       1.00036564       2.00124572       1.00098872             0.05  0.000625026493  0.000624046854  135
     0.0435623426        0.8386849     0.0250889883   0.000245351344       1.00036431       2.00124382       1.00098645             0.05  0.000625026493  0.000625063846  134
     0.0185848184      0.838676956     0.0251028811   0.000223542073       1.00036573       2.00124541       1.00098866             0.05  0.000625026493  0.000625955241  133
     0.0786625574      0.813116411     0.0250827535   0.000432137769      0.999500445       2.00028752      0.999644135             0.05  0.000625026493  0.000624251386  132
     0.0536489343       0.81310488     0.0250790954   0.000421096657       0.99950185       2.00028865      0.999646106             0.05  0.000625026493  0.000625103185  131
     0.0286600457      0.813111032     0.0250814128    0.00042382743      0.999500568       2.00028667       0.99964383             0.05  0.000625026493  0.000626071208  130
    0.00364998402      0.813111727     0.0250783949   0.000425969986      0.999500663       2.00028698      0.999644079             0.05  0.000625026493  0.000626661406  129
     0.0634833246      0.785614594     0.0233636303  -0.000656636021       1.00048125       2.00113617       1.00104961             0.05  0.000625026493  0.000624119738  128
      0.038490814      0.785616874     0.0233724372  -0.000650475488        1.0004815       2.00113613       1.00104984             0.05  0.000625026493  0.000625032233  127
      0.013483006       0.78560282     0.0233648746   -0.00065626772       1.00048162       2.00113582       1.00104981             0.05  0.000625026493  0.000625810494  126
     0.0884896068      0.785607731     0.0233730633  -0.000663744755       1.00048145       2.00113588       1.00104967             0.05  0.000625026493  0.000623511466  125
      0.055018941      0.765586718     0.0217004177    0.00115789692      0.999932868       2.00047727       1.00017149             0.05  0.000625026493  0.000624806131  124
     0.0300060082      0.765585674     0.0216906774    0.00115609448      0.999933031       2.00047741       1.00017172             0.05  0.000625026493  0.000625665934  123
    0.00501835374      0.765598036      0.021702063    0.00116461152      0.999933263       2.00047738       1.00017194             0.05  0.000625026493  0.000626227812  122
     0.0800064836      0.765589054     0.0216897159    0.00116464122      0.999933415       2.00047744       1.00017212             0.05  0.000625026493  0.000624066495  121
     0.0408361053      0.733622306      0.019559526   -0.00138385399        1.0002787        2.0008128       1.00068521             0.05  0.000625026493  0.00062511064  120
     0.0158433434       0.73361544     0.0195629688    -0.0013841655       1.00028143       2.00081531       1.00068921             0.05  0.000625026493  0.000625747759  119
     0.0908356654      0.733608283     0.0195611148   -0.00139239412       1.00028084       2.00081477       1.00068833             0.05  0.000625026493  0.000623839985  118
     0.0658435328      0.733625257     0.0195638696   -0.00138197861       1.00027923       2.00081254       1.00068561             0.05  0.000625026493  0.000624352439  117
     0.0398762451      0.716964145     0.0173064138    0.00190049581       1.00037363       2.00084358       1.00079558             0.05  0.000625026493  0.000625043466  116
     0.0148732981      0.716970453     0.0173033323    0.00190385632       1.00037661       2.00084674       1.00080014             0.05  0.000625026493  0.000625618781  115
     0.0898757666      0.716974587     0.0173039802    0.00191487987       1.00037566        2.0008458       1.00079872             0.05  0.000625026493  0.000623872007  114
     0.0648737747      0.716961121     0.0173008858     0.0019034343       1.00037464       2.00084417       1.00079689             0.05  0.000625026493  0.000624349329  113
     0.0271266385      0.683358028     0.0135962124   -0.00190531745       1.00018034       2.00063569       1.00049825             0.05  0.000625026493  0.000625299247  112
    0.00213025438      0.683351615     0.0136046524   -0.00190483326       1.00018162       2.00063663       1.00049999             0.05  0.000625026493  0.000625657552  111
     0.0771256656      0.683353734     0.0135981663   -0.00190727263       1.00018054       2.00063564       1.00049842             0.05  0.000625026493  0.000624273303  110
     0.0521302187       0.68336563     0.0136043638   -0.00190089743       1.00017925       2.00063376       1.00049619             0.05  0.000625026493  0.000624747189  109
     0.0270752713      0.666755446     0.0140672769    0.00251440065       1.00036073        2.0007189       1.00072031             0.05  0.000625026493  0.000625131856  108
    0.00207706199      0.666765403       0.01406656    0.00252148438       1.00036225       2.00072074       1.00072275             0.05  0.000625026493  0.00062545547  107
      0.077075672      0.666756261     0.0140673994    0.00252433177       1.00036134       2.00071941       1.00072117             0.05  0.000625026493  0.000624230986  106
     0.0520775152      0.666749724     0.0140688997    0.00251441603       1.00036049       2.00071828       1.00071976             0.05  0.000625026493  0.000624641527  105
     0.0186668436       0.63448807    0.00744044055   -0.00190720102      0.999798332       2.00006529      0.999830969             0.05  0.000625026493  0.000625564285  104
     0.0936664328      0.634482827    0.00744011148   -0.00190996577      0.999798446       2.00006539      0.999831135             0.05  0.000625026493  0.000624640429  103
       0.06866603      0.634489333    0.00744035965   -0.00190573487       0.99979832       2.00006501      0.999830816             0.05  0.000625026493  0.000624859487  102
     0.0436653741      0.634494942    0.00743981548   -0.00190177901      0.999797685       2.00006421      0.999829785             0.05  0.000625026493  0.000625231539  101
      0.017784743      0.615253433    0.00865102808    0.00235963995       1.00043521        2.0005891       1.00072989             0.05  0.000625026493  0.000625145248  100
     0.0927855417      0.615259889    0.00865243971    0.00236869762       1.00043535       2.00058945        1.0007302             0.05  0.000625026493  0.000624323146  99
     0.0677849593      0.615249208    0.00865076183    0.00235967693       1.00043503       2.00058868        1.0007295             0.05  0.000625026493  0.000624551208  98
     0.0427859966      0.615246266    0.00865288305    0.00235487417       1.00043495       2.00058848       1.00072932             0.05  0.000625026493  0.000624875653  97
     0.0147118479      0.586182608    0.00623064946   -0.00130027815      0.999891149       1.99996839      0.999875347             0.05  0.000625026493  0.000625451489  96
     0.0897121091      0.586179346    0.00623044809   -0.00130332951      0.999891013       1.99996831      0.999875172             0.05  0.000625026493  0.000624738586  95
     0.0647116331       0.58618444    0.00623050402   -0.00129813007      0.999891466       1.99996861      0.999875774             0.05  0.000625026493  0.000624957822  94
     0.0397108317      0.586187392    0.00622951461   -0.00129540361      0.999891879       1.99996895      0.999876358             0.05  0.000625026493  0.000625235185  93
     0.0123727081      0.563472669    0.00642830228    0.00140534887       1.00034207       2.00038689       1.00053558             0.05  0.000625026493  0.000625153512  92
     0.0873726618      0.563475992     0.0064284733    0.00141096479       1.00034175       2.00038662       1.00053512             0.05  0.000625026493  0.000624476401  91
     0.0623727875       0.56346989    0.00642867862    0.00140360237       1.00034201       2.00038677       1.00053547             0.05  0.000625026493  0.000624684835  90
     0.0373733208      0.563467797    0.00642909454    0.00139995124       1.00034201       2.00038672       1.00053544             0.05  0.000625026493  0.000624949503  89
     0.0112428107      0.537658379    0.00710093201  -0.000284557055      0.999925479       1.99994986       0.99990041             0.05  0.000625026493  0.000625407765  88
     0.0862433799      0.537656691    0.00710148454  -0.000286368157      0.999925356       1.99994974      0.999900229             0.05  0.000625026493  0.000624736129  87
     0.0612431319      0.537658998    0.00710125691  -0.000283323688      0.999925938        1.9999503      0.999901092             0.05  0.000625026493  0.000624938513  86
     0.0362426409      0.537660801    0.00710074907  -0.000281570825      0.999926312       1.99995067       0.99990165             0.05  0.000625026493  0.000625200122  85
     0.0085045735      0.512258258     0.0061096003   0.000269258784      0.999933788       1.99995439      0.999910983             0.05  0.000625026493  0.000625404308  84
     0.0835042763      0.512259714     0.0061093034    0.00027191784       0.99993362        1.9999542      0.999910723             0.05  0.000625026493  0.000624736236  83
     0.0585044387      0.512257934    0.00610965605   0.000268859104      0.999933591       1.99995419      0.999910685             0.05  0.000625026493  0.000624942404  82
     0.0335047623      0.512256719    0.00610993973   0.000266760309      0.999933631       1.99995424      0.999910751             0.05  0.000625026493  0.000625203053  81
    0.00750906221       0.48843009    0.00699241068   0.000604071915      0.999857504       1.99987654      0.999795785             0.05  0.000625026493  0.000625445031  80
     0.0825095397      0.488429161    0.00699298289   0.000603331834      0.999857453       1.99987648        0.9997957             0.05  0.000625026493  0.000624786004  79
     0.0575094312      0.488429077    0.00699293116   0.000604162864      0.999857825       1.99987686      0.999796263             0.05  0.000625026493  0.000624985581  78
     0.0325091571      0.488430239    0.00699264894   0.000605149365      0.999857938       1.99987699      0.999796443             0.05  0.000625026493  0.000625242742  77
    0.00517742734      0.461863834    0.00599394855  -0.000394192853      0.999669814       1.99968917      0.999514451             0.05  0.000625026493  0.000625557071  76
     0.0801771871      0.461864388    0.00599361072   -0.00039345075      0.999669787       1.99968913      0.999514402             0.05  0.000625026493  0.000624913699  75
      0.055177167      0.461865078    0.00599374753  -0.000393507401      0.999669644       1.99968898      0.999514187             0.05  0.000625026493  0.000625111904  74
     0.0301774286      0.461864451    0.00599397627  -0.000394309062      0.999669666       1.99968902      0.999514228             0.05  0.000625026493  0.00062536253  73
    0.00396664384      0.438481838    0.00644266118   0.000956417326      0.999790519       1.99980832        0.9996947             0.05  0.000625026493  0.000625471755  72
     0.0789668823      0.438481262    0.00644300887   0.000956216677      0.999790518       1.99980831      0.999694694             0.05  0.000625026493  0.000624847631  71
     0.0539669069      0.438479917      0.006443049   0.000955281468      0.999790719        1.9998085      0.999694991             0.05  0.000625026493  0.000625037807  70
     0.0289667217      0.438480676    0.00644283421   0.000955891836      0.999790694       1.99980849      0.999694961             0.05  0.000625026493  0.00062528238  69
    0.00218830609      0.412039058    0.00581313354   -0.00047001099      0.999590419       1.99960404      0.999392523             0.05  0.000625026493  0.000625588648  68
     0.0771881821      0.412039351    0.00581292334  -0.000470075998      0.999590465       1.99960408      0.999392588             0.05  0.000625026493  0.000624998628  67
      0.052188084      0.412040684    0.00581282955  -0.000468828878      0.999590399         1.999604      0.999392483             0.05  0.000625026493  0.000625188419  66
     0.0271882517      0.412040363    0.00581297013  -0.000469140278      0.999590392       1.99960401      0.999392478             0.05  0.000625026493  0.000625420491  65
   0.000840713985      0.388136597    0.00580607516   0.000790923629      0.999730614       1.99974146      0.999601379             0.05  0.000625026493  0.000625493337  64
     0.0758408195      0.388136133    0.00580626389   0.000791029476      0.999730614       1.99974146      0.999601378             0.05  0.000625026493  0.000624957578  63
     0.0508408626      0.388134843    0.00580631011    0.00078951227      0.999730688       1.99974152      0.999601484             0.05  0.000625026493  0.000625152421  62
      0.025840785      0.388135274    0.00580621963   0.000789856909      0.999730662        1.9997415      0.999601448             0.05  0.000625026493  0.000625368915  61
     0.0994733471      0.362398161     0.0054770761  -0.000208603625      0.999595807       1.99960246      0.999397116             0.05  0.000625026493  0.000624993062  60
     0.0744733105      0.362398357     0.0054769849  -0.000208391522      0.999595846        1.9996025      0.999397174             0.05  0.000625026493  0.000625107458  59
     0.0494732263      0.362399283    0.00547689691  -0.000207206125      0.999595874       1.99960252      0.999397213             0.05  0.000625026493  0.000625315356  58
     0.0244732902      0.362399165    0.00547698226  -0.000207345909      0.999595842       1.99960249      0.999397168             0.05  0.000625026493  0.000625505047  57
     0.0981570218      0.337756212    0.00517849931   0.000424102921      0.999650869       1.99965596      0.999478907             0.05  0.000625026493  0.000624975863  56
     0.0731570515      0.337755993     0.0051785278   0.000423826083      0.999650849       1.99965594      0.999478878             0.05  0.000625026493  0.000625124144  55
     0.0481570869      0.337755336    0.00517861829   0.000422767413      0.999650823       1.99965591      0.999478838             0.05  0.000625026493  0.000625330118  54
     0.0231570729      0.337755527    0.00517859675   0.000422989485      0.999650851       1.99965594      0.999478882             0.05  0.000625026493  0.000625497932  53
     0.0970308769      0.312668831     0.0049477139   8.97662185e-05      0.999600461       1.99960373      0.999402407             0.05  0.000625026493  0.000625027773  52
     0.0720308849      0.312668797     0.0049477024   8.99058412e-05      0.999600488       1.99960376      0.999402447             0.05  0.000625026493  0.000625179262  51
     0.0470308334      0.312669118    0.00494765211   9.05571365e-05      0.999600546       1.99960382      0.999402535             0.05  0.000625026493  0.000625374287  50
     0.0220308409      0.312669166    0.00494766952   9.04507487e-05      0.999600507       1.99960378      0.999402476             0.05  0.000625026493  0.000625525753  49
     0.0958642966      0.287530613    0.00453834542   0.000128681955      0.999582667       1.99958533      0.999375417             0.05  0.000625026493  0.000625057133  48
     0.0708642901      0.287530612    0.00453835827   0.000128621624      0.999582658       1.99958532      0.999375405             0.05  0.000625026493  0.00062519987  47
     0.0458643071       0.28753051    0.00453838018    0.00012826055      0.999582623       1.99958529      0.999375352             0.05  0.000625026493  0.000625380847  46
     0.0208643323      0.287530526    0.00453837714   0.000128325113      0.999582641        1.9995853      0.999375379             0.05  0.000625026493  0.000625521747  45
     0.0948896045      0.262762954    0.00427870795   0.000254778376       0.99959102       1.99959307      0.999387637             0.05  0.000625026493  0.000625068736  44
     0.0698896289      0.262762826    0.00427872257   0.000254684832      0.999591043       1.99959309      0.999387672             0.05  0.000625026493  0.000625200997  43
     0.0448895973      0.262762782    0.00427869753   0.000254764269       0.99959108       1.99959313      0.999387727             0.05  0.000625026493  0.00062536872  42
     0.0198895792      0.262762897    0.00427867713     0.0002548487      0.999591052        1.9995931      0.999387686             0.05  0.000625026493  0.000625499396  41
     0.0939098231      0.237470119      0.003862645  -4.64680122e-06      0.999546108       1.99954748      0.999319949             0.05  0.000625026493  0.00062511492  40
     0.0689098069      0.237470162    0.00386262529  -4.55290097e-06      0.999546101       1.99954747       0.99931994             0.05  0.000625026493  0.000625236313  39
     0.0439098115      0.237470274     0.0038626433  -4.47371578e-06       0.99954608       1.99954745      0.999319908             0.05  0.000625026493  0.000625389994  38
     0.0189098418      0.237470253    0.00386267444  -4.54136346e-06      0.999546087       1.99954746      0.999319919             0.05  0.000625026493  0.000625509636  37
     0.0930594114        0.2127236    0.00354294821   0.000267098241      0.999572451        1.9995734      0.999359243             0.05  0.000625026493  0.000625116454  36
     0.0680594295      0.212723506    0.00354297051     0.0002669642      0.999572465       1.99957342      0.999359264             0.05  0.000625026493  0.000625226682  35
     0.0430594162      0.212723383    0.00354295262   0.000266810491      0.999572477       1.99957343      0.999359283             0.05  0.000625026493  0.000625366273  34
     0.0180594032      0.212723462    0.00354292738   0.000266923873      0.999572465       1.99957342      0.999359265             0.05  0.000625026493  0.000625474899  33
     0.0922504124      0.187498877    0.00315010605  -1.43134599e-05      0.999534111       1.99953426       0.99930135             0.05  0.000625026493  0.000625159264  32
     0.0672504045      0.187498887    0.00315008853  -1.42495719e-05      0.999534113       1.99953426      0.999301353             0.05  0.000625026493  0.000625258093  31
     0.0422503992      0.187498993    0.00315009262  -1.40864966e-05       0.99953411       1.99953426      0.999301349             0.05  0.000625026493  0.000625383012  30
     0.0172504151      0.187498996    0.00315011647  -1.41292374e-05      0.999534105       1.99953426      0.999301341             0.05  0.000625026493  0.000625480183  29
     0.0915182732       0.16263456    0.00278884397    0.00018969918      0.999550722       1.99955049      0.999326069             0.05  0.000625026493  0.000625167523  28
     0.0665182798      0.162634519    0.00278885577   0.000189631129      0.999550727        1.9995505      0.999326076             0.05  0.000625026493  0.000625254856  27
     0.0415182769      0.162634445    0.00278885373   0.000189495006      0.999550726       1.99955049      0.999326074             0.05  0.000625026493  0.000625365231  26
     0.0165182744      0.162634479    0.00278884193   0.000189550864      0.999550724       1.99955049      0.999326071             0.05  0.000625026493  0.000625450997  25
     0.0908454863      0.137540848    0.00241494936   2.52781582e-05      0.999532163        1.9995313      0.999297924             0.05  0.000625026493  0.00062519809  24
     0.0658454862      0.137540835    0.00241494324   2.52852812e-05      0.999532169       1.99953131      0.999297933             0.05  0.000625026493  0.00062527389  23
     0.0408454796      0.137540879     0.0024149378   2.53790459e-05      0.999532173       1.99953131       0.99929794             0.05  0.000625026493  0.000625369491  22
     0.0158454834      0.137540895    0.00241494602   2.53807029e-05      0.999532166       1.99953131      0.999297928             0.05  0.000625026493  0.000625443703  21
     0.0902203735      0.112555258    0.00203759815   9.11584435e-05       0.99953287        1.9995317      0.999298828             0.05  0.000625026493  0.00062521646  20
     0.0652203729      0.112555244    0.00203759878   9.11388089e-05      0.999532872        1.9995317      0.999298831             0.05  0.000625026493  0.000625280725  19
     0.0402203728      0.112555226    0.00203760254    9.1086424e-05      0.999532867        1.9995317      0.999298824             0.05  0.000625026493  0.000625361662  18
     0.0152203752      0.112555239    0.00203760146   9.11038319e-05      0.999532866       1.99953169      0.999298823             0.05  0.000625026493  0.0006254244  17
     0.0896544733     0.0875589824    0.00168550282   6.02187034e-05      0.999530069       1.99952851      0.999294433             0.05  0.000625026493  0.0006252369  16
     0.0646544762     0.0875589675    0.00168550488   6.02038165e-05      0.999530074       1.99952851      0.999294441             0.05  0.000625026493  0.00062528974  15
     0.0396544712      0.087558971     0.0016854977   6.02244022e-05      0.999530078       1.99952852      0.999294447             0.05  0.000625026493  0.000625356147  14
     0.0146544704     0.0875589856    0.00168549757   6.02394218e-05      0.999530072       1.99952851      0.999294439             0.05  0.000625026493  0.000625407468  13
     0.0890928266     0.0625029628    0.00127513409   9.06115247e-06      0.999523117       1.99952184       0.99928415             0.05  0.000625026493  0.000625260128  12
     0.0640928247     0.0625029562    0.00127513173   9.05607093e-06      0.999523118       1.99952184      0.999284153             0.05  0.000625026493  0.000625301604  11
     0.0390928251     0.0625029617    0.00127513469   9.05806675e-06      0.999523115       1.99952184      0.999284148             0.05  0.000625026493  0.000625353429  10
      0.014092828     0.0625029697    0.00127513838    9.0649985e-06      0.999523114       1.99952184      0.999284146             0.05  0.000625026493  0.000625393262  9
     0.0886656641     0.0375520915    0.00102579459   6.86240156e-05      0.999520544       1.99952061      0.999280965             0.05  0.000625026493  0.000625281634  8
     0.0636656615     0.0375520844    0.00102578922   6.86133005e-05      0.999520546       1.99952062      0.999280971             0.05  0.000625026493  0.00062531113  7
     0.0386656614      0.037552076    0.00102579033   6.86003955e-05      0.999520548       1.99952062      0.999280974             0.05  0.000625026493  0.000625347665  6
     0.0136656562     0.0375520819    0.00102578124   6.86089601e-05      0.999520546       1.99952061      0.999280967             0.05  0.000625026493  0.000625375439  5
     0.0880120503     0.0124698621   0.000468237249  -4.50500246e-05      0.999515819       1.99951458      0.999273226             0.05  0.000625026493  0.000625304335  4
     0.0630120469     0.0124698595   0.000468231299  -4.50500892e-05       0.99951582        1.9995146      0.999273238             0.05  0.000625026493  0.000625321433  3
     0.0380120476     0.0124698694   0.000468234408  -4.50314862e-05       0.99951582        1.9995146      0.999273236             0.05  0.000625026493  0.000625342114  2
     0.0130120456      0.012469873   0.000468230688  -4.50294641e-05      0.999515818       1.99951458      0.999273225             0.05  0.000625026493  0.000625357704  1
