title='particle position' 
variables=x, y, Ux, Uy, rho, e, p, h=supportlength/2, m, V, ID 
     0.0222647958      0.991112295     0.0374688145     0.0016054394       0.99974696        2.0027543       1.00112376             0.05  0.000625026493  0.000626179049  160
     0.0972709932      0.991108558     0.0374748649    0.00160734474      0.999748408       2.00274932       1.00112272             0.05  0.000625026493  0.000623996809  159
     0.0722647301      0.991119669     0.0374658546    0.00161442388      0.999747573       2.00274992       1.00112219             0.05  0.000625026493  0.000624524907  158
     0.0472723428      0.991114608     0.0374740092    0.00160728597      0.999748048       2.00275548       1.00112544             0.05  0.000625026493  0.000625408489  157
    0.00534277841       0.95919943     0.0375379287    -0.0014418615      0.999356305       2.00153332       1.00012247             0.05  0.000625026493  0.000627161831  156
     0.0803530616      0.959192655     0.0375522801   -0.00145322412      0.999355812       2.00153253       1.00012158             0.05  0.000625026493  0.000624059373  155
     0.0553426389      0.959191257     0.0375423677   -0.00145193659      0.999356437       2.00153164       1.00012176             0.05  0.000625026493  0.000625169544  154
     0.0303516068      0.959196932     0.0375515322   -0.00144678866      0.999356224        2.0015351       1.00012328             0.05  0.000625026493  0.000626424852  153
     0.0868280765       0.94046039     0.0320753757    0.00140303202      0.999422614       2.00102221      0.999933422             0.05  0.000625026493  0.000623757965  152
      0.061832707       0.94046041     0.0320775705     0.0013944488      0.999423377       2.00102117      0.999933666             0.05  0.000625026493  0.00062477167  151
     0.0368297417      0.940464053     0.0320757908    0.00139621332      0.999422857       2.00102027      0.999932695             0.05  0.000625026493  0.000626091554  150
     0.0118325785      0.940455189     0.0320801733    0.00138799827      0.999423194       2.00102227      0.999934032             0.05  0.000625026493  0.000627073884  149
     0.0720800785      0.910144868     0.0333082676   -0.00100984113      0.999148551       2.00037296      0.999334873             0.05  0.000625026493  0.000624572237  148
     0.0470826094      0.910141789      0.033313192   -0.00100966943      0.999149188       2.00037286      0.999335458             0.05  0.000625026493  0.000625808717  147
     0.0220794326      0.910147194     0.0333067486  -0.000999997413      0.999149176       2.00037246      0.999335249             0.05  0.000625026493  0.000626935914  146
     0.0970834996      0.910143558     0.0333130637   -0.00100817517      0.999148975       2.00037319      0.999335412             0.05  0.000625026493  0.000623850639  145
     0.0587312665      0.889264637     0.0295723669   0.000886989006      0.999503132       2.00049974      0.999752876             0.05  0.000625026493  0.000625032393  144
     0.0337356395      0.889268944     0.0295795354   0.000886608343      0.999503657       2.00049969      0.999753375             0.05  0.000625026493  0.000626216365  143
     0.0087310794      0.889264639     0.0295732177   0.000886044044      0.999503912       2.00049924      0.999753409             0.05  0.000625026493  0.00062694695  142
     0.0837359802      0.889264017     0.0295783553   0.000890248587      0.999503042        2.0004992      0.999752519             0.05  0.000625026493  0.000623991081  141
     0.0438241804      0.861305385     0.0278375874  -0.000539478812      0.999165291       1.99995611      0.999143362             0.05  0.000625026493  0.000625907893  140
     0.0188209189      0.861301611     0.0278344705  -0.000538820716      0.999165462       1.99995556      0.999143262             0.05  0.000625026493  0.000626810896  139
     0.0938241013       0.86130273     0.0278382695  -0.000538262675      0.999165372       1.99995491      0.999142845             0.05  0.000625026493  0.000624141065  138
     0.0688209649      0.861303989     0.0278350251    -0.0005432259      0.999164697       1.99995511      0.999142271             0.05  0.000625026493  0.000624847337  137
     0.0338807109      0.838035661     0.0240457304   0.000409810284      0.999353581       1.99990043      0.999303829             0.05  0.000625026493  0.000626121952  136
    0.00888180428      0.838037516     0.0240471549   0.000411270414      0.999353318       1.99989955      0.999303128             0.05  0.000625026493  0.000626675655  135
     0.0838801649       0.83803118     0.0240462359   0.000410439912      0.999353556       1.99989953      0.999303352             0.05  0.000625026493  0.000624408661  134
     0.0588823014      0.838033582      0.024047204    0.00041077259      0.999353565        1.9999001      0.999303648             0.05  0.000625026493  0.000625210534  133
     0.0250325376       0.81230931     0.0177870655  -6.71195143e-05      0.999359448       1.99969442      0.999206756             0.05  0.000625026493  0.000626231171  132
   2.95960288e-05      0.812305773     0.0177832466  -6.75119973e-05      0.999359145       1.99969355      0.999206019             0.05  0.000625026493  0.000624424863  131
     0.0750312167      0.812307787     0.0177865951  -6.56018843e-05      0.999359359       1.99969391      0.999206413             0.05  0.000625026493  0.000624847633  130
     0.0500295747       0.81230895     0.0177836743  -6.77962221e-05      0.999359619       1.99969452      0.999206979             0.05  0.000625026493  0.000625575618  129
     0.0187226503      0.787063629     0.0132762156  -0.000177332986       1.00011459       2.00029606       1.00026263             0.05  0.000625026493  0.000625694769  128
      0.093723414      0.787062944     0.0132766367    -0.0001781643       1.00011449       2.00029569       1.00026235             0.05  0.000625026493  0.000624201498  127
     0.0687220273      0.787058859     0.0132754383  -0.000180621073       1.00011503       2.00029635       1.00026322             0.05  0.000625026493  0.00062464958  126
     0.0437237868      0.787061829     0.0132770997  -0.000178220554       1.00011504       2.00029648        1.0002633             0.05  0.000625026493  0.00062523522  125
     0.0154715415      0.762997025     0.0124191993   0.000352983538       1.00037858        2.0004718       1.00061456             0.05  0.000625026493  0.000625421905  124
     0.0904712121      0.762994661     0.0124179134   0.000352864785       1.00037888       2.00047202       1.00061498             0.05  0.000625026493  0.000624170409  123
     0.0654711602      0.762994015     0.0124188846   0.000354085313       1.00037932        2.0004725       1.00061566             0.05  0.000625026493  0.000624557414  122
     0.0404706451      0.762995404     0.0124182207   0.000352330919       1.00037944       2.00047268       1.00061587             0.05  0.000625026493  0.000625047401  121
     0.0111712258      0.736683773     0.0099183307  -0.000575522215       1.00039887       2.00046847       1.00063319             0.05  0.000625026493  0.00062533135  120
      0.086171344      0.736683028    0.00991871406   -0.00057625837        1.0003988       2.00046837       1.00063308             0.05  0.000625026493  0.000624242379  119
     0.0611706449      0.736682276    0.00991802458  -0.000578543049       1.00039938       2.00046899       1.00063397             0.05  0.000625026493  0.000624582099  118
     0.0361713013      0.736683903    0.00991886769  -0.000575982111       1.00039906       2.00046868        1.0006335             0.05  0.000625026493  0.000625009026  117
    0.00894220248      0.713158124     0.0101361567   0.000616984747       1.00045249       2.00050428       1.00070475             0.05  0.000625026493  0.000625245401  116
     0.0839425453      0.713156786     0.0101363202   0.000616887925       1.00045297       2.00050474       1.00070545             0.05  0.000625026493  0.000624247968  115
     0.0589423057      0.713154693     0.0101361783   0.000615674637       1.00045332       2.00050509       1.00070598             0.05  0.000625026493  0.000624552934  114
     0.0339419974      0.713156185     0.0101360898   0.000615893306       1.00045309       2.00050489       1.00070565             0.05  0.000625026493  0.000624943346  113
    0.00603810038      0.686797123    0.00875477411  -0.000634139927       1.00023716       2.00027908       1.00037673             0.05  0.000625026493  0.000625344228  112
     0.0810380439      0.686796745     0.0087547331  -0.000634814348       1.00023731       2.00027922       1.00037696             0.05  0.000625026493  0.000624422496  111
     0.0560376398      0.686797775    0.00875441488  -0.000634601561        1.0002376       2.00027952       1.00037739             0.05  0.000625026493  0.000624706346  110
     0.0310378557      0.686798239    0.00875457258  -0.000633720365       1.00023735       2.00027927       1.00037702             0.05  0.000625026493  0.000625067331  109
    0.00397444127      0.662926478    0.00862833978    0.00055337422       1.00033073       2.00036408       1.00051283             0.05  0.000625026493  0.000625261343  108
     0.0789746808      0.662925838    0.00862860911   0.000553202879       1.00033096        2.0003643       1.00051317             0.05  0.000625026493  0.000624406217  107
     0.0539745539      0.662924113    0.00862848909   0.000551217208       1.00033116        2.0003645       1.00051347             0.05  0.000625026493  0.000624679326  106
     0.0289744683       0.66292487    0.00862842056    0.00055190445       1.00033095        2.0003643       1.00051316             0.05  0.000625026493  0.000625016206  105
    0.00189886827      0.637130765    0.00795896917  -0.000427986467       1.00016945       2.00019557       1.00026725             0.05  0.000625026493  0.000625339224  104
     0.0768988696      0.637130632    0.00795893324  -0.000428419429       1.00016958        2.0001957       1.00026744             0.05  0.000625026493  0.000624587204  103
     0.0518986548      0.637131602    0.00795873258  -0.000427278634        1.0001697       2.00019582       1.00026763             0.05  0.000625026493  0.000624861906  102
     0.0268987299      0.637131789    0.00795878329  -0.000427138121       1.00016958       2.00019571       1.00026746             0.05  0.000625026493  0.000625165148  101
   3.97845628e-05      0.612601541    0.00750113546   0.000289434754       1.00022401       2.00024545       1.00034676             0.05  0.000625026493  0.000624496283  100
     0.0750398324       0.61260129     0.0075012464   0.000289174641       1.00022407       2.00024551       1.00034685             0.05  0.000625026493  0.000624650214  99
     0.0500398458      0.612600436    0.00750122654   0.000287796155       1.00022411       2.00024556       1.00034692             0.05  0.000625026493  0.000624931006  98
     0.0250398343      0.612600649    0.00750117317   0.000288032383       1.00022405       2.00024551       1.00034683             0.05  0.000625026493  0.000625189112  97
      0.098433925      0.587426178    0.00706685769  -0.000138679216       1.00014913       2.00016627       1.00023227             0.05  0.000625026493  0.000624574684  96
     0.0734339625       0.58742603    0.00706687941  -0.000138732798        1.0001492       2.00016635       1.00023238             0.05  0.000625026493  0.000624771667  95
     0.0484338487      0.587426416    0.00706674761  -0.000137998008       1.00014929       2.00016644       1.00023252             0.05  0.000625026493  0.000625045048  94
     0.0234338609      0.587426602    0.00706673513  -0.000137881102       1.00014921       2.00016637       1.00023241             0.05  0.000625026493  0.000625267918  93
     0.0968764653      0.562391365    0.00648058066   3.30152838e-05       1.00013697       2.00015161       1.00021279             0.05  0.000625026493  0.000624610265  92
     0.0718764685      0.562391357    0.00648060994   3.29838424e-05       1.00013697       2.00015162       1.00021279             0.05  0.000625026493  0.000624811026  91
     0.0468764803      0.562391184    0.00648064061   3.24255877e-05       1.00013695        2.0001516       1.00021276             0.05  0.000625026493  0.000625069532  90
     0.0218765162      0.562391202     0.0064806457   3.24443327e-05       1.00013696       2.00015161       1.00021278             0.05  0.000625026493  0.000625270114  89
       0.09557771      0.537565548    0.00605616337   7.13347625e-05       1.00013244       2.00014463       1.00020476             0.05  0.000625026493  0.000624638614  88
     0.0705777444      0.537565355    0.00605618455   7.11877797e-05       1.00013247       2.00014467       1.00020481             0.05  0.000625026493  0.000624826044  87
     0.0455776966       0.53756533    0.00605613967   7.13472232e-05       1.00013252       2.00014472       1.00020488             0.05  0.000625026493  0.000625064449  86
     0.0205776798      0.537565511    0.00605611657    7.1499781e-05       1.00013248       2.00014468       1.00020483             0.05  0.000625026493  0.000625250558  85
     0.0943433492      0.512339592    0.00547327932  -9.67749882e-05       1.00008769       2.00009795       1.00013667             0.05  0.000625026493  0.000624692774  84
     0.0693433352      0.512339628    0.00547326708  -9.66595576e-05       1.00008769       2.00009795       1.00013667             0.05  0.000625026493  0.000624864273  83
     0.0443433327      0.512339735    0.00547327995  -9.66260782e-05       1.00008767       2.00009793       1.00013664             0.05  0.000625026493  0.000625082212  82
     0.0193433753      0.512339725    0.00547331523  -9.67127235e-05       1.00008767       2.00009794       1.00013665             0.05  0.000625026493  0.00062525234  81
     0.0932970127      0.487568226    0.00500440077   0.000142621395        1.0001121       2.00012066       1.00017244             0.05  0.000625026493  0.000624703083  80
     0.0682970397      0.487568095    0.00500443341   0.000142428799       1.00011212       2.00012068       1.00017247             0.05  0.000625026493  0.000624858735  79
     0.0432970167      0.487567972    0.00500440874   0.000142267861       1.00011214        2.0001207        1.0001725             0.05  0.000625026493  0.000625056615  78
     0.0182970049      0.487568082    0.00500438093   0.000142435524       1.00011212       2.00012068       1.00017247             0.05  0.000625026493  0.000625211152  77
     0.0923527177      0.462384529    0.00447183242  -0.000100006824       1.00007149       2.00007823       1.00011061             0.05  0.000625026493  0.000624754203  76
     0.0673527103      0.462384525    0.00447181123   -9.9930573e-05        1.0000715       2.00007824       1.00011062             0.05  0.000625026493  0.000624894131  75
     0.0423526983      0.462384631    0.00447181396  -9.97444312e-05       1.00007149       2.00007824       1.00011061             0.05  0.000625026493  0.000625071866  74
     0.0173527227      0.462384653    0.00447185072  -9.97905562e-05       1.00007148       2.00007823        1.0001106             0.05  0.000625026493  0.000625210762  73
     0.0915380344      0.437513863    0.00398789102   0.000110984861       1.00009076       2.00009625       1.00013889             0.05  0.000625026493  0.000624766828  72
     0.0665380454      0.437513808    0.00398791141   0.000110886136       1.00009077       2.00009627        1.0001389             0.05  0.000625026493  0.000624891494  71
     0.0415380373      0.437513739    0.00398790336    0.00011072937       1.00009077       2.00009627        1.0001389             0.05  0.000625026493  0.000625049923  70
     0.0165380374      0.437513784    0.00398788918   0.000110809202       1.00009076       2.00009626       1.00013889             0.05  0.000625026493  0.000625173752  69
     0.0908342269      0.412447548    0.00351349211  -4.02765599e-05       1.00007158       2.00007568       1.00010942             0.05  0.000625026493  0.000624802767  68
     0.0658342292      0.412447523    0.00351348555  -4.02816362e-05       1.00007159       2.00007569       1.00010943             0.05  0.000625026493  0.000624912766  67
     0.0408342165      0.412447561    0.00351347377  -4.01739878e-05       1.00007159       2.00007569       1.00010944             0.05  0.000625026493  0.000625052463  66
     0.0158342244      0.412447592    0.00351349105  -4.01542223e-05       1.00007158       2.00007568       1.00010942             0.05  0.000625026493  0.000625161722  65
      0.090227461      0.387468176    0.00306123405   4.79062837e-05       1.00007468       2.00007791       1.00011364             0.05  0.000625026493  0.00062482337  64
     0.0652274627      0.387468157    0.00306123933   4.78776056e-05       1.00007469       2.00007791       1.00011365             0.05  0.000625026493  0.000624919449  63
     0.0402274588      0.387468144    0.00306123922   4.78219412e-05       1.00007468       2.00007791       1.00011364             0.05  0.000625026493  0.000625041518  62
     0.0152274644      0.387468162    0.00306124133    4.7844978e-05       1.00007468       2.00007791       1.00011364             0.05  0.000625026493  0.000625137021  61
     0.0897171716      0.362484894    0.00264828781   1.76300302e-05       1.00007451       2.00007685       1.00011294             0.05  0.000625026493  0.000624844574  60
     0.0647171763      0.362484874    0.00264829207   1.76017131e-05       1.00007452       2.00007686       1.00011295             0.05  0.000625026493  0.000624927707  59
     0.0397171688      0.362484874    0.00264828071   1.76214629e-05       1.00007453       2.00007686       1.00011296             0.05  0.000625026493  0.000625033291  58
     0.0147171698      0.362484894    0.00264828327   1.76520603e-05       1.00007452       2.00007686       1.00011295             0.05  0.000625026493  0.000625115931  57
     0.0892845573      0.337453851    0.00225978919   5.03727446e-06       1.00006814       2.00006984       1.00010306             0.05  0.000625026493  0.000624868008  56
      0.064284557      0.337453843      0.002259788   5.02809762e-06       1.00006814       2.00006984       1.00010306             0.05  0.000625026493  0.000624939176  55
     0.0392845538      0.337453849    0.00225978625   5.03146356e-06       1.00006814       2.00006984       1.00010306             0.05  0.000625026493  0.000625029575  54
     0.0142845585      0.337453859    0.00225979344   5.04217677e-06       1.00006813       2.00006983       1.00010305             0.05  0.000625026493  0.000625100363  53
     0.0889266822      0.312492874    0.00191471136   4.26820743e-05       1.00007572       2.00007692       1.00011419             0.05  0.000625026493  0.000624880873  52
     0.0639266851      0.312492863     0.0019147168   4.26618753e-05       1.00007573       2.00007693       1.00011419             0.05  0.000625026493  0.000624941221  51
     0.0389266818      0.312492857    0.00191471094   4.26504638e-05       1.00007573       2.00007693        1.0001142             0.05  0.000625026493  0.000625017871  50
     0.0139266819      0.312492866    0.00191471006   4.26685521e-05       1.00007572       2.00007692       1.00011419             0.05  0.000625026493  0.00062507791  49
     0.0886302145      0.287462032    0.00160201925  -5.06175532e-06       1.00006954       2.00007027       1.00010468             0.05  0.000625026493  0.000624900581  48
     0.0636302147      0.287462027    0.00160201835  -5.06837492e-06       1.00006954       2.00007027       1.00010468             0.05  0.000625026493  0.000624951223  47
     0.0386302125      0.287462032    0.00160201536  -5.05562722e-06       1.00006954       2.00007027       1.00010468             0.05  0.000625026493  0.000625015529  46
     0.0136302146      0.287462038    0.00160202015  -5.04661534e-06       1.00006954       2.00007027       1.00010467             0.05  0.000625026493  0.000625065914  45
     0.0883883701      0.262487134    0.00132844986   3.83098481e-05       1.00007607       2.00007651       1.00011433             0.05  0.000625026493  0.000624910454  44
     0.0633883711      0.262487129    0.00132845254   3.82999385e-05       1.00007607       2.00007651       1.00011433             0.05  0.000625026493  0.000624952526  43
     0.0383883696      0.262487126    0.00132844991   3.82906117e-05       1.00007607       2.00007651       1.00011433             0.05  0.000625026493  0.00062500595  42
     0.0133883701       0.26248713    0.00132845004   3.82988509e-05       1.00007607       2.00007651       1.00011433             0.05  0.000625026493  0.000625047818  41
     0.0881923996      0.237476005    0.00108952425   3.71956396e-06       1.00007463       2.00007476       1.00011201             0.05  0.000625026493  0.000624923589  40
     0.0631924001      0.237476003    0.00108952472     3.714443e-06       1.00007463       2.00007476       1.00011201             0.05  0.000625026493  0.00062495819  39
     0.0381923989      0.237476004    0.00108952245   3.72013471e-06       1.00007463       2.00007476       1.00011201             0.05  0.000625026493  0.000625002099  38
     0.0131923995      0.237476007    0.00108952417   3.72631433e-06       1.00007463       2.00007476       1.00011201             0.05  0.000625026493  0.000625036508  37
      0.088034893      0.212482057   0.000883869714   2.27695017e-05       1.00007764       2.00007761       1.00011645             0.05  0.000625026493  0.000624932239  36
     0.0630348932      0.212482056   0.000883870435   2.27651955e-05       1.00007764       2.00007761       1.00011645             0.05  0.000625026493  0.000624960385  35
     0.0380348925      0.212482055   0.000883869107   2.27627191e-05       1.00007764       2.00007761       1.00011645             0.05  0.000625026493  0.000624996094  34
      0.013034893      0.212482057   0.000883869936   2.27665724e-05       1.00007764       2.00007761       1.00011645             0.05  0.000625026493  0.000625024075  33
     0.0879095189      0.187485956   0.000709066447   1.33368741e-05        1.0000801       2.00007991       1.00012006             0.05  0.000625026493  0.000624939716  32
     0.0629095193      0.187485955   0.000709067194   1.33337994e-05        1.0000801       2.00007991       1.00012006             0.05  0.000625026493  0.000624962363  31
     0.0379095188      0.187485955   0.000709065978   1.33344336e-05        1.0000801       2.00007991       1.00012006             0.05  0.000625026493  0.000624991066  30
     0.0129095189      0.187485956   0.000709066327   1.33376279e-05        1.0000801       2.00007991       1.00012006             0.05  0.000625026493  0.000625013547  29
     0.0878101651      0.162482826   0.000561172326   1.03577496e-05        1.0000811       2.00008081       1.00012151             0.05  0.000625026493  0.000624946722  28
     0.0628101651      0.162482826   0.000561172423   1.03558724e-05        1.0000811       2.00008081       1.00012151             0.05  0.000625026493  0.000624964705  27
     0.0378101648      0.162482826   0.000561171713   1.03561934e-05        1.0000811       2.00008081       1.00012151             0.05  0.000625026493  0.000624987478  26
     0.0128101651      0.162482827   0.000561172356   1.03581438e-05        1.0000811       2.00008081       1.00012151             0.05  0.000625026493  0.000625005304  25
     0.0877319539      0.137490776   0.000437374241   1.50891385e-05       1.00008463       2.00008428       1.00012677             0.05  0.000625026493  0.000624950932  24
      0.062731954      0.137490775    0.00043737466   1.50876471e-05       1.00008463       2.00008428       1.00012677             0.05  0.000625026493  0.000624964995  23
     0.0377319538      0.137490775   0.000437374123   1.50871238e-05       1.00008463       2.00008428       1.00012677             0.05  0.000625026493  0.00062498278  22
     0.0127319539      0.137490775   0.000437374181   1.50885111e-05       1.00008463       2.00008428       1.00012677             0.05  0.000625026493  0.000624996688  21
      0.087670385      0.112487902   0.000333677401   4.94282367e-06       1.00008535       2.00008495       1.00012783             0.05  0.000625026493  0.000624955873  20
      0.062670385      0.112487902   0.000333677427   4.94199088e-06       1.00008535       2.00008495       1.00012783             0.05  0.000625026493  0.000624966646  19
     0.0376703849      0.112487902   0.000333677087   4.94246612e-06       1.00008535       2.00008495       1.00012783             0.05  0.000625026493  0.000624980243  18
      0.012670385      0.112487903   0.000333677353   4.94339645e-06       1.00008535       2.00008495       1.00012783             0.05  0.000625026493  0.00062499086  17
      0.087621723       0.08749332   0.000246743452    1.0085047e-05       1.00008797       2.00008757       1.00013176             0.05  0.000625026493  0.000624958762  16
     0.0626217231     0.0874933198   0.000246743579   1.00844254e-05       1.00008797       2.00008757       1.00013176             0.05  0.000625026493  0.000624966761  15
      0.037621723     0.0874933198   0.000246743366     1.008415e-05       1.00008797       2.00008757       1.00013176             0.05  0.000625026493  0.000624976837  14
      0.012621723       0.08749332   0.000246743406   1.00847214e-05       1.00008797       2.00008757       1.00013176             0.05  0.000625026493  0.000624984687  13
     0.0875826029     0.0624941694   0.000172594067   3.43858406e-06       1.00008878       2.00008836       1.00013296             0.05  0.000625026493  0.000624962122  12
     0.0625826029     0.0624941693   0.000172594088    3.4382141e-06       1.00008878       2.00008836       1.00013296             0.05  0.000625026493  0.000624967756  11
     0.0375826029     0.0624941693   0.000172593966    3.4383523e-06       1.00008878       2.00008836       1.00013296             0.05  0.000625026493  0.000624974824  10
     0.0125826029     0.0624941695   0.000172594018   3.43874647e-06       1.00008878       2.00008836       1.00013296             0.05  0.000625026493  0.000624980311  9
     0.0875512559       0.03749615   0.000111063358   3.29872235e-06       1.00008999       2.00008958       1.00013478             0.05  0.000625026493  0.0006249647  8
     0.0625512559     0.0374961499   0.000111063333   3.29852603e-06       1.00008999       2.00008959       1.00013478             0.05  0.000625026493  0.00062496827  7
     0.0375512558     0.0374961499   0.000111063258   3.29850294e-06       1.00008999       2.00008959       1.00013478             0.05  0.000625026493  0.00062497272  6
     0.0125512558       0.03749615   0.000111063245   3.29869678e-06       1.00008999       2.00008958       1.00013478             0.05  0.000625026493  0.000624976165  5
     0.0875198672     0.0124997011   4.44837903e-05   1.46745168e-06       1.00009037       2.00008996       1.00013535             0.05  0.000625026493  0.000624967187  4
     0.0625198672      0.012499701   4.44837683e-05   1.46733687e-06       1.00009037       2.00008996       1.00013535             0.05  0.000625026493  0.00062496905  3
     0.0375198672      0.012499701   4.44837074e-05   1.46732303e-06       1.00009037       2.00008996       1.00013535             0.05  0.000625026493  0.000624971334  2
     0.0125198672     0.0124997011    4.4483688e-05   1.46743717e-06       1.00009037       2.00008996       1.00013535             0.05  0.000625026493  0.000624973105  1
