title='particle position' 
variables=x, y, Ux, Uy, rho, e, p, h=supportlength/2, m, V, ID 
    0.00380113432      0.999422389     0.0369801926   0.000399962079      0.998605419       2.00261509       0.99991114             0.05  0.000625026493  0.000626868416  160
      0.080943177      0.999375318     0.0395100646   0.000377109382      0.998613963       2.00270971       0.99996694             0.05  0.000625026493  0.000624889303  159
      0.053802586      0.999422247     0.0369787729   0.000401450339      0.998606387        2.0026124      0.999910766             0.05  0.000625026493  0.0006255054  158
     0.0309432957      0.999381694     0.0395110798   0.000373307647      0.998618315       2.00272745      0.999980158             0.05  0.000625026493  0.000626212242  157
     0.0755013088        0.9516075     0.0363578597  -0.000324476651       1.00017738       2.00332745        1.0018414             0.05  0.000625026493  0.000623337648  156
      0.052498722      0.951225584     0.0386372006  -0.000937693843       1.00023374       2.00334779       1.00190803             0.05  0.000625026493  0.000624316703  155
     0.0255046887      0.951602641     0.0363609882  -0.000318057277       1.00017959       2.00332747       1.00184362             0.05  0.000625026493  0.000625799939  154
    0.00249729207      0.951218647     0.0386315659  -0.000933751076       1.00023838        2.0033501       1.00191383             0.05  0.000625026493  0.00062663572  153
     0.0514507083      0.948204542     0.0384144458   0.000197355154       1.00027438        2.0030051       1.00177734             0.05  0.000625026493  0.000624367963  152
     0.0248860923      0.948679575     0.0365054305    0.00103513043       1.00021848       2.00298078        1.0017092             0.05  0.000625026493  0.000625842257  151
    0.00145147345      0.948216166     0.0384116301   0.000203957985       1.00027888       2.00300349       1.00178104             0.05  0.000625026493  0.000626659442  150
      0.074885167      0.948664448     0.0365038757     0.0010400991        1.0002166       2.00297994       1.00170689             0.05  0.000625026493  0.000623333052  149
     0.0236845334      0.904309778     0.0373473339   -0.00129196757        1.0012563       2.00330715       1.00291196             0.05  0.000625026493  0.000625696123  148
      0.097035501      0.904573343     0.0351612769  -0.000671398435       1.00120841       2.00323022       1.00282547             0.05  0.000625026493  0.000622390355  147
     0.0736827258      0.904329468     0.0373414967   -0.00129003865       1.00124831       2.00329793       1.00289933             0.05  0.000625026493  0.00062308331  146
     0.0470362903      0.904594884     0.0351586609   -0.00065787253       1.00119987       2.00322165       1.00281263             0.05  0.000625026493  0.00062456839  145
     0.0951374536      0.895081123     0.0352870882     0.0013341803       1.00154317       2.00332082       1.00320615             0.05  0.000625026493  0.000622239226  144
     0.0709376553      0.894929159     0.0365780383   0.000651586926       1.00158667       2.00335457       1.00326661             0.05  0.000625026493  0.000623042377  143
     0.0451365212      0.895022857     0.0352862863    0.00127348973       1.00153949        2.0033136       1.00319884             0.05  0.000625026493  0.000624481772  142
      0.020943135      0.894977996     0.0365862627   0.000667948099       1.00159099       2.00336088        1.0032741             0.05  0.000625026493  0.000625584778  141
     0.0774509913      0.858310492     0.0315968529  -0.000879407216        1.0006621       2.00195893       1.00164221             0.05  0.000625026493  0.000623262381  140
     0.0528660085      0.858463021     0.0328649031  -0.000748422278       1.00052918       2.00182469         1.001442             0.05  0.000625026493  0.000624410532  139
     0.0274550394      0.858311254     0.0316044532  -0.000875606998       1.00065469       2.00195024       1.00163045             0.05  0.000625026493  0.000625581327  138
    0.00285615849      0.858407152     0.0328549177  -0.000769396722       1.00054371       2.00184077       1.00146459             0.05  0.000625026493  0.000626375479  137
     0.0544317815      0.840470723     0.0290637112     0.0010508855       1.00130104       2.00238756       1.00249637             0.05  0.000625026493  0.000623824574  136
     0.0294384404      0.840049448     0.0292060776   0.000203843129       1.00127031       2.00234906       1.00244633             0.05  0.000625026493  0.000625027964  135
    0.00444161521      0.840615615     0.0290738488    0.00118744229       1.00130797       2.00239731       1.00250819             0.05  0.000625026493  0.000625792107  134
     0.0794389782      0.840058643     0.0292081787   0.000209728597       1.00127854       2.00235697       1.00245853             0.05  0.000625026493  0.000622845119  133
      0.040061556      0.812702969     0.0279174551  -0.000274373762      0.999453392       2.00029434      0.999600481             0.05  0.000625026493  0.000625843011  132
     0.0149926449      0.812653852     0.0278891974  -0.000400818254       0.99950053       2.00034239       0.99967164             0.05  0.000625026493  0.000626719297  131
     0.0900565337      0.812661049     0.0279134956  -0.000299220147      0.999468511       2.00030877      0.999622817             0.05  0.000625026493  0.000623900319  130
     0.0649910421      0.812696341      0.027886783  -0.000369298618      0.999503685       2.00034479      0.999675993             0.05  0.000625026493  0.000624687163  129
     0.0247394277      0.784975534     0.0283441301   -0.00029585667        1.0016991       2.00243529       1.00291881             0.05  0.000625026493  0.000625156355  128
     0.0998304108      0.785177962     0.0285541648  -9.94671765e-07       1.00169362       2.00243117       1.00291126             0.05  0.000625026493  0.00062248376  127
      0.074737925      0.784951545     0.0283381763  -0.000310996691       1.00170269       2.00243829       1.00292391             0.05  0.000625026493  0.000623099038  126
     0.0498226671      0.785027366     0.0285441126  -0.000156059018       1.00169019       2.00242761       1.00290604             0.05  0.000625026493  0.000624182011  125
     0.0123587348      0.766999679     0.0269059239   0.000317739982        1.0009489       2.00160942       1.00175438             0.05  0.000625026493  0.000625870029  124
     0.0872324323      0.766996443     0.0267479139   0.000311363304        1.0009484       2.00160991       1.00175412             0.05  0.000625026493  0.000623202838  123
     0.0623649084      0.767050303     0.0269153645   0.000349521232       1.00095503       2.00161657       1.00176408             0.05  0.000625026493  0.000624116965  122
     0.0372206333      0.767009871     0.0267332364    0.00029980676       1.00094596       2.00160737        1.0017504             0.05  0.000625026493  0.000625186025  121
     0.0943373545      0.730453617     0.0247362924   -0.00143449892         1.002129       2.00295216       1.00360822             0.05  0.000625026493  0.000622399398  120
      0.069305516      0.730407962     0.0246259552   -0.00151400399       1.00214752       2.00297266       1.00363704             0.05  0.000625026493  0.000623099644  119
     0.0443386604      0.730377296     0.0247345707   -0.00149527933       1.00213687        2.0029634       1.00362173             0.05  0.000625026493  0.000624098698  118
      0.019301924      0.730423161     0.0246187126    -0.0014947347       1.00214978       2.00297366        1.0036398             0.05  0.000625026493  0.000624902259  117
     0.0907672107      0.720827728     0.0254329128    0.00144971216       1.00179942       2.00264465       1.00312413             0.05  0.000625026493  0.000622698551  116
     0.0657159285      0.720826255     0.0253459093    0.00141871983       1.00180906       2.00265385       1.00313838             0.05  0.000625026493  0.00062346026  115
     0.0407627542      0.720859687     0.0254292347    0.00144705402       1.00181356       2.00266084       1.00314639             0.05  0.000625026493  0.000624426471  114
     0.0157089868      0.720800536     0.0253430598    0.00140237374        1.0018072       2.00265023       1.00313471             0.05  0.000625026493  0.000625154188  113
     0.0675835595      0.678511795     0.0198453361   -0.00258733834       1.00048264        2.0015148       1.00124041             0.05  0.000625026493  0.000624317305  112
     0.0425915115      0.678488106     0.0198207589   -0.00259786174       1.00048625       2.00151998       1.00124661             0.05  0.000625026493  0.000625115807  111
     0.0175846805       0.67849398     0.0198441875   -0.00258339486        1.0004845       2.00151748       1.00124361             0.05  0.000625026493  0.000625737212  110
     0.0925879289      0.678509433     0.0198146811   -0.00259847088       1.00047983       2.00151116       1.00123578             0.05  0.000625026493  0.000623709735  109
     0.0667877478      0.672250103     0.0205013101    0.00257304462       1.00048941       2.00146453       1.00122203             0.05  0.000625026493  0.000624357564  108
     0.0417917907      0.672268772     0.0204920599    0.00256429444       1.00049132       2.00146786       1.00122561             0.05  0.000625026493  0.000625124935  107
     0.0167810668      0.672260724     0.0204954446     0.0025584841       1.00049067       2.00146632       1.00122419             0.05  0.000625026493  0.00062570336  106
     0.0917932284      0.672243701     0.0204988814    0.00258725404        1.0004858       2.00145994       1.00121612             0.05  0.000625026493  0.000623764968  105
      0.045129282      0.630066871     0.0115671763   -0.00212160315       1.00031692       2.00115476       1.00089448             0.05  0.000625026493  0.000625038919  104
      0.020149792      0.630048287     0.0115813786   -0.00212800947       1.00032268       2.00116094       1.00090334             0.05  0.000625026493  0.000625451197  103
     0.0951256329      0.630050012     0.0115618563   -0.00213192964       1.00032075       2.00115853       1.00090021             0.05  0.000625026493  0.000624152888  102
     0.0701471538      0.630080102      0.011582707   -0.00211996544        1.0003147       2.00115073       1.00089024             0.05  0.000625026493  0.000624528407  101
     0.0453049989      0.620304733     0.0109027651    0.00214849303       1.00053684       2.00120859       1.00114146             0.05  0.000625026493  0.00062486795  100
     0.0203147092      0.620343838     0.0109145189    0.00215787655       1.00053935        2.0012135       1.00114643             0.05  0.000625026493  0.000625246749  99
     0.0953041099      0.620314789     0.0109012608    0.00216170276       1.00053954       2.00121135       1.00114554             0.05  0.000625026493  0.000624076848  98
     0.0703147703      0.620294867     0.0109145819    0.00215198874       1.00053495       2.00120571       1.00113812             0.05  0.000625026493  0.000624403179  97
     0.0319959927      0.582907307    0.00807389018   -0.00129716995       1.00024606       2.00065208       1.00057219             0.05  0.000625026493  0.000625096035  96
    0.00699779033      0.582895715    0.00808204144   -0.00129988123       1.00024861       2.00065495       1.00057617             0.05  0.000625026493  0.000625336031  95
     0.0819946187        0.5829158    0.00807113026   -0.00129986164       1.00024905       2.00065434        1.0005763             0.05  0.000625026493  0.000624452347  94
      0.056990822      0.582935183    0.00808244401   -0.00127908416       1.00024147       2.00064619       1.00056464             0.05  0.000625026493  0.000624747166  93
     0.0303630188      0.567017795     0.0086348049     0.0012368843       1.00086361       2.00108922       1.00140869             0.05  0.000625026493  0.000624690915  92
    0.00536886173      0.567049302    0.00864068162     0.0012626871        1.0008659       2.00109264       1.00141269             0.05  0.000625026493  0.000624924198  91
      0.080361087      0.566997668    0.00863342958    0.00122388056       1.00086552       2.00109012       1.00141105             0.05  0.000625026493  0.000624084146  90
     0.0553715903      0.566985199    0.00864212889     0.0012213964       1.00086436       2.00108842       1.00140904             0.05  0.000625026493  0.000624358697  89
     0.0291551281      0.536106473    0.00781182254  -0.000509661017      0.999702241       1.99981467      0.999609603             0.05  0.000625026493  0.000625429854  88
    0.00415754695      0.536098574    0.00781210158  -0.000514864678      0.999702694       1.99981538      0.999610411             0.05  0.000625026493  0.000625636076  87
     0.0791532981        0.5361203     0.0078069669  -0.000500402307      0.999705362       1.99981743      0.999614106             0.05  0.000625026493  0.000624842241  86
     0.0541502469      0.536131473    0.00780484795  -0.000493238284      0.999705532       1.99981725      0.999614183             0.05  0.000625026493  0.000625112668  85
     0.0233667476      0.513386093    0.00723786447    0.00018973743       1.00049756       2.00061298        1.0008042             0.05  0.000625026493  0.000625017082  84
     0.0983694844      0.513412524    0.00724301424   0.000210943394       1.00049682       2.00061223       1.00080309             0.05  0.000625026493  0.000624274805  83
     0.0733674386       0.51336814    0.00723919425   0.000165148534       1.00049865       2.00061379        1.0008057             0.05  0.000625026493  0.000624407856  82
     0.0483691735      0.513355269    0.00724217478   0.000162066864       1.00049851       2.00061357       1.00080545             0.05  0.000625026493  0.000624714452  81
     0.0282690502      0.489113727      0.010380234   0.000381900381      0.999132592       1.99928864      0.998777219             0.05  0.000625026493  0.000625853894  80
    0.00327262573      0.489108438     0.0103821898   0.000376206142      0.999131051       1.99928701      0.998774868             0.05  0.000625026493  0.000626029121  79
     0.0782723628      0.489121842     0.0103816956   0.000386764189      0.999135342       1.99929133      0.998781311             0.05  0.000625026493  0.000625219811  78
     0.0532736189      0.489129729     0.0103848351   0.000395080931      0.999137813       1.99929408      0.998785156             0.05  0.000625026493  0.000625521689  77
     0.0193318713       0.46048011    0.00764562251   -0.00101545361      0.999471457       1.99963113      0.999287118             0.05  0.000625026493  0.000625753748  76
     0.0943324425      0.460492671    0.00764773308   -0.00100826669       0.99947181       1.99963096       0.99928739             0.05  0.000625026493  0.000624917913  75
     0.0693320847      0.460476326     0.0076446905   -0.00103068338      0.999473871       1.99963356      0.999290745             0.05  0.000625026493  0.000625142668  74
     0.0443329715      0.460465905    0.00764579472   -0.00103516666        0.9994729        1.9996329      0.999289449             0.05  0.000625026493  0.000625478569  73
     0.0223981327      0.441138045    0.00952941995    0.00140633758      0.999149322       1.99934265      0.998820929             0.05  0.000625026493  0.000625918337  72
     0.0974008793      0.441138837    0.00953237579    0.00140949568      0.999148135       1.99934127      0.998819052             0.05  0.000625026493  0.000625149724  71
     0.0724016297      0.441140722    0.00953273509    0.00141537687      0.999151244       1.99934462      0.998823832             0.05  0.000625026493  0.000625350098  70
     0.0474007463       0.44114349     0.0095326987    0.00141615766      0.999152374       1.99934601      0.998825656             0.05  0.000625026493  0.000625655215  69
     0.0142397721      0.409288404    0.00431042575   -0.00189551981      0.999010827       1.99922222      0.998622322             0.05  0.000625026493  0.000625955302  68
     0.0892383088      0.409293184    0.00431004303    -0.0018940709      0.999010226       1.99922125      0.998621235             0.05  0.000625026493  0.000625360962  67
     0.0642399827      0.409295863    0.00431136428   -0.00189794702      0.999010749       1.99922174      0.998622002             0.05  0.000625026493  0.000625557054  66
     0.0392398051      0.409290658    0.00430979257   -0.00189982341      0.999011293       1.99922262      0.998622987             0.05  0.000625026493  0.00062579013  65
     0.0154066875       0.39156907    0.00598873613    0.00216535878      0.999241162       1.99942004      0.998951403             0.05  0.000625026493  0.000625751555  64
     0.0904085019      0.391569643    0.00599050854    0.00216898777      0.999240794       1.99941955      0.998950789             0.05  0.000625026493  0.000625253877  63
     0.0654087019      0.391562167    0.00599008599    0.00216796705      0.999242488       1.99942102      0.998953216             0.05  0.000625026493  0.00062540401  62
     0.0404080382      0.391563476    0.00598994091    0.00216605192      0.999242685       1.99942136      0.998953583             0.05  0.000625026493  0.000625599781  61
      0.010887579      0.359828617    0.00238130686   -0.00199906039      0.998891038       1.99903491      0.998409027             0.05  0.000625026493  0.000625911672  60
     0.0858862177      0.359830425    0.00238010642   -0.00199605305      0.998890577       1.99903426      0.998408243             0.05  0.000625026493  0.000625537374  59
     0.0608864846      0.359839637    0.00238114561   -0.00199078308      0.998890011        1.9990333      0.998407196             0.05  0.000625026493  0.000625656593  58
     0.0358868492      0.359837186    0.00238080163   -0.00199435696      0.998890643       1.99903411      0.998408233             0.05  0.000625026493  0.000625801717  57
     0.0102940823      0.340440753    0.00369119536    0.00205823285      0.999474908       1.99957974      0.999264891             0.05  0.000625026493  0.000625524767  56
     0.0852944913      0.340440654    0.00369124056    0.00205847271      0.999474513       1.99957926      0.999264252             0.05  0.000625026493  0.000625186149  55
     0.0602951448      0.340429844    0.00369171879    0.00204999699      0.999475103       1.99957941      0.999264921             0.05  0.000625026493  0.000625289254  54
     0.0352947116      0.340430893     0.0036911834    0.00205048319      0.999475322       1.99957972      0.999265293             0.05  0.000625026493  0.000625421722  53
    0.00867016008      0.311299223    0.00312243056   -0.00137837339      0.998869222       1.99892797      0.998333814             0.05  0.000625026493  0.00062589965  52
     0.0836698593      0.311299279    0.00312203099   -0.00137679248      0.998869242       1.99892794       0.99833382             0.05  0.000625026493  0.000625567702  51
       0.05866926        0.3113066    0.00312175318   -0.00137034075      0.998869464       1.99892793      0.998334033             0.05  0.000625026493  0.000625668582  50
     0.0336695185       0.31130623    0.00312203824   -0.00137220172      0.998869626       1.99892813      0.998334297             0.05  0.000625026493  0.000625797392  49
    0.00667701477      0.288694519     0.0031160307     0.0011608577      0.999324452       1.99935977      0.999004553             0.05  0.000625026493  0.000625620189  48
     0.0816771742       0.28869497    0.00311623545    0.00116103407      0.999324273       1.99935957      0.999004276             0.05  0.000625026493  0.000625278489  47
     0.0566776521      0.288687584    0.00311670486    0.00115231501      0.999324557       1.99935969      0.999004621             0.05  0.000625026493  0.000625383229  46
     0.0316776107      0.288687446    0.00311656985     0.0011523696      0.999324629       1.99935978      0.999004736             0.05  0.000625026493  0.000625516628  45
    0.00610739287       0.26274565    0.00399859754  -0.000448234062      0.998857746       1.99887613      0.998296455             0.05  0.000625026493  0.000625917119  44
     0.0811076237      0.262744997    0.00399875034  -0.000447993245       0.99885788       1.99887626      0.998296653             0.05  0.000625026493  0.000625563557  43
     0.0561072606      0.262748462    0.00399846118   -0.00044383421      0.998858542       1.99887688      0.998297625             0.05  0.000625026493  0.000625669653  42
     0.0311070501      0.262749051     0.0039983193  -0.000444132803      0.998858489       1.99887684      0.998297549             0.05  0.000625026493  0.00062580758  41
    0.00360662511      0.237341617     0.0030086111   0.000131603036      0.998961717       1.99897667      0.998450583             0.05  0.000625026493  0.000625856723  40
     0.0786065463      0.237342449    0.00300869412    0.00013242831      0.998961567       1.99897651      0.998450352             0.05  0.000625026493  0.000625500191  39
     0.0536068297      0.237340027    0.00300911241   0.000127989048       0.99896156       1.99897651      0.998450344             0.05  0.000625026493  0.000625610747  38
      0.028606942      0.237339241    0.00300899824   0.000127236316       0.99896168       1.99897664      0.998450529             0.05  0.000625026493  0.000625750307  37
    0.00298656129      0.213570376    0.00396965174   0.000354949494      0.998825355       1.99884035      0.998246209             0.05  0.000625026493  0.000625941041  36
     0.0779868878      0.213569396    0.00397004732   0.000354367377      0.998825446       1.99884043       0.99824634             0.05  0.000625026493  0.000625593665  35
     0.0529867383      0.213569745    0.00396990588   0.000355892194      0.998825898       1.99884089      0.998247023             0.05  0.000625026493  0.000625704271  34
      0.027986442      0.213570751     0.0039696384   0.000356525952      0.998825811       1.99884081      0.998246898             0.05  0.000625026493  0.000625841323  33
   0.000686521235      0.186808026     0.0028442436  -0.000484328235      0.998704393       1.99872137      0.998065908             0.05  0.000625026493  0.000626009627  32
     0.0756863525      0.186808932    0.00284406826  -0.000483465008      0.998704308       1.99872127      0.998065772             0.05  0.000625026493  0.000625705071  31
     0.0506864087      0.186809513    0.00284427449  -0.000484023867      0.998704164       1.99872113      0.998065555             0.05  0.000625026493  0.000625819657  30
     0.0256866484      0.186808651    0.00284437955   -0.00048513571      0.998704262       1.99872124      0.998065712             0.05  0.000625026493  0.000625942667  29
     0.0996880294      0.163613496    0.00338624277   0.000685075501      0.998824041       1.99884061      0.998245028             0.05  0.000625026493  0.000625606181  28
     0.0746882152      0.163612447    0.00338649522    0.00068399258      0.998824107       1.99884067      0.998245122             0.05  0.000625026493  0.000625668474  27
     0.0496882021      0.163611243    0.00338648261    0.00068351456      0.998824317       1.99884087      0.998245431             0.05  0.000625026493  0.000625781438  26
     0.0246879811      0.163612204    0.00338617892   0.000684584239       0.99882424       1.99884081      0.998245325             0.05  0.000625026493  0.000625885088  25
      0.097852615      0.136974949    0.00264926314   -0.00053095952      0.998626433        1.9986394      0.997947066             0.05  0.000625026493  0.000625746317  24
     0.0728524654      0.136975685    0.00264907039  -0.000530003033      0.998626433       1.99863939      0.997947062             0.05  0.000625026493  0.000625825577  23
      0.047852422      0.136976996    0.00264904332  -0.000529008368      0.998626375       1.99863932      0.997946967             0.05  0.000625026493  0.000625933552  22
     0.0228525943      0.136976348    0.00264924292  -0.000529944131      0.998626368       1.99863932      0.997946964             0.05  0.000625026493  0.000626020292  21
     0.0964098678      0.113105988    0.00255515644   0.000484338764      0.998844498       1.99885542      0.998272867             0.05  0.000625026493  0.000625620847  20
     0.0714099553      0.113105304    0.00255527697   0.000483407732      0.998844518       1.99885543      0.998272894             0.05  0.000625026493  0.000625699839  19
     0.0464100159      0.113104074    0.00255533153   0.000482127681      0.998844551       1.99885545      0.998272939             0.05  0.000625026493  0.000625801096  18
     0.0214098889      0.113104715     0.0025551694   0.000483024846      0.998844547       1.99885546      0.998272937             0.05  0.000625026493  0.000625879303  17
     0.0951992648     0.0874634663    0.00255891536  -0.000195137558      0.998623151       1.99863126      0.997939721             0.05  0.000625026493  0.000625773019  16
     0.0701992025     0.0874637773    0.00255880644  -0.000194557024       0.99862319       1.99863129      0.997939779             0.05  0.000625026493  0.000625844454  15
     0.0451991091     0.0874646057    0.00255870385  -0.000193526836      0.998623218       1.99863132      0.997939819             0.05  0.000625026493  0.000625935318  14
     0.0201992049     0.0874643126    0.00255885583  -0.000194097929       0.99862316       1.99863126      0.997939734             0.05  0.000625026493  0.000626005929  13
     0.0930025021     0.0624700753    0.00148809325   3.88482878e-05       0.99878709       1.99880292      0.998189275             0.05  0.000625026493  0.000625686831  12
     0.0680025626     0.0624698521    0.00148820705   3.84296825e-05      0.998787088       1.99880291      0.998189271             0.05  0.000625026493  0.000625750807  11
     0.0430026109     0.0624693212    0.00148825314   3.75414783e-05      0.998787081       1.99880291      0.998189263             0.05  0.000625026493  0.000625829919  10
     0.0180025833      0.062469539    0.00148817551   3.79360422e-05      0.998787096       1.99880293      0.998189287             0.05  0.000625026493  0.000625889933  9
     0.0928458291     0.0378729057     0.0024025227   0.000170091087       0.99859075       1.99863254      0.997907984             0.05  0.000625026493  0.000625831477  8
     0.0678457211     0.0378728708    0.00240239661   0.000170181401      0.998590792        1.9986326      0.997908056             0.05  0.000625026493  0.000625882152  7
     0.0428457574     0.0378730961    0.00240244142   0.000170727237      0.998590819       1.99863264      0.997908104             0.05  0.000625026493  0.000625945871  6
     0.0178456689     0.0378731139    0.00240237233   0.000170629323      0.998590768       1.99863258      0.997908022             0.05  0.000625026493  0.000625993956  5
     0.0897293735     0.0120845616   0.000771221154  -0.000250018881      0.998625272       1.99863568      0.997944048             0.05  0.000625026493  0.000625842503  4
     0.0647293302     0.0120846474   0.000771210286  -0.000250015016      0.998625279       1.99863575      0.997944093             0.05  0.000625026493  0.000625875425  3
     0.0397293897     0.0120845301   0.000771270515  -0.000250504675      0.998625291       1.99863582      0.997944137             0.05  0.000625026493  0.000625913595  2
     0.0147293267     0.0120844819   0.000771193458   -0.00025046449      0.998625289       1.99863574      0.997944095             0.05  0.000625026493  0.00062594077  1
