title='particle position' 
variables=x, y, Ux, Uy, rho, e, p, h=supportlength/2, m, V, ID 
     0.0393549231      0.999999435     0.0253652266    0.00470940382      0.999846837       2.00148882       1.00059113             0.05  0.000625026493  0.000625319017  160
     0.0148275097       0.99999951     0.0279493953    0.00471285236      0.999795111       2.00154803       1.00056897             0.05  0.000625026493  0.000625721893  159
     0.0893541456      0.999999996     0.0253604599     0.0047326871      0.999847924       2.00150257        1.0005991             0.05  0.000625026493  0.000624514211  158
     0.0648262294      0.999999426     0.0279390984     0.0047259074       0.99979468       2.00154011       1.00056458             0.05  0.000625026493  0.000624875888  157
    0.00450672156      0.948892659     0.0145375071  -0.000603007989      0.998668982       1.99991032      0.998624201             0.05  0.000625026493  0.000626658217  156
     0.0800084945      0.948761779     0.0169089362   -0.00133534465      0.998706174       1.99992439      0.998668418             0.05  0.000625026493  0.000625245106  155
      0.054510957      0.948890235     0.0145305579  -0.000694996947      0.998668282       1.99990751      0.998622097             0.05  0.000625026493  0.000625752419  154
     0.0300108209      0.948762864     0.0169107802    -0.0013949317      0.998704703       1.99992255      0.998666026             0.05  0.000625026493  0.000626273982  153
    0.00560447263      0.951220083     0.0161380579   0.000971109013       0.99864607       1.99947409      0.998383472             0.05  0.000625026493  0.000626679953  152
     0.0810346641      0.951092701     0.0186229252   0.000132788513      0.998680366       1.99947438      0.998417905             0.05  0.000625026493  0.00062524609  151
     0.0555983145      0.951215084     0.0161400857     0.0010378429      0.998645425       1.99947124      0.998381405             0.05  0.000625026493  0.000625748296  150
     0.0310338881      0.951085837     0.0186087261   0.000168052528      0.998679046       1.99947188      0.998415332             0.05  0.000625026493  0.000626281187  149
     0.0940801516      0.899608741    0.00911485356   -0.00866936682       1.00095375       2.00132377       1.00161627             0.05  0.000625026493  0.00062402606  148
      0.068959646      0.899787601    0.00829955441   -0.00776713887       1.00090473       2.00127006       1.00154033             0.05  0.000625026493  0.000624281884  147
     0.0440835769      0.899615567    0.00913065851   -0.00869559705       1.00094887        2.0013187       1.00160884             0.05  0.000625026493  0.000624574796  146
     0.0189623754      0.899789781     0.0083007817   -0.00775397436       1.00090392       2.00126959       1.00153929             0.05  0.000625026493  0.000624870154  145
      0.092891015      0.900133323    0.00392743327    0.00728954438       1.00094092       2.00135772       1.00162042             0.05  0.000625026493  0.0006240386  144
     0.0678566505      0.900340113    0.00334335125    0.00830965945       1.00088695       2.00131112       1.00154309             0.05  0.000625026493  0.000624305384  143
     0.0428858708      0.900104088    0.00392478107    0.00729353214        1.0009365       2.00135232        1.0016133             0.05  0.000625026493  0.000624598262  142
     0.0178587637      0.900336836    0.00334497265    0.00829911788       1.00088619       2.00131038       1.00154196             0.05  0.000625026493  0.000624891561  141
     0.0902653738      0.853626199    0.00951953546   -0.00848732891       1.00368535       2.00398037       1.00568287             0.05  0.000625026493  0.000622415899  140
     0.0652956362      0.853541967    0.00987822035   -0.00906228535       1.00366239       2.00395922       1.00564925             0.05  0.000625026493  0.000622621167  139
     0.0402655761      0.853627853    0.00952605763    -0.0085002783       1.00367948       2.00397421        1.0056739             0.05  0.000625026493  0.000622859048  138
     0.0152947532       0.85354093    0.00990310913    -0.0090223853       1.00366195       2.00395904       1.00564872             0.05  0.000625026493  0.000623058759  137
     0.0898918048      0.846057787     0.0047792196    0.00885376685       1.00386973        2.0041109       1.00593313             0.05  0.000625026493  0.000622330222  136
     0.0649083891      0.846081146     0.0050716769    0.00909721337       1.00385337       2.00409521       1.00590887             0.05  0.000625026493  0.000622516262  135
     0.0398905445      0.846010446    0.00476699514    0.00875733515       1.00386711        2.0041068       1.00592846             0.05  0.000625026493  0.000622735558  134
     0.0149121383      0.846083616     0.0050912345    0.00908931073       1.00385263       2.00409468       1.00590785             0.05  0.000625026493  0.000622914792  133
     0.0893543427       0.80834666   0.000425045981   -0.00758501824       1.00232884       2.00252315       1.00359335             0.05  0.000625026493  0.000623439947  132
     0.0643561852      0.808337709   0.000451281916   -0.00756346215       1.00233516        2.0025296       1.00360291             0.05  0.000625026493  0.000623504618  131
      0.039353102      0.808349297   0.000405190854   -0.00759559577       1.00233209       2.00252596       1.00359802             0.05  0.000625026493  0.000623595322  130
     0.0143516361      0.808335987   0.000435045285   -0.00755422409        1.0023342       2.00252879       1.00360155             0.05  0.000625026493  0.000623670187  129
     0.0878780539      0.790377843  -0.000468970665    0.00732475257       1.00383883       2.00396183       1.00582735             0.05  0.000625026493  0.000622541779  128
     0.0628859011       0.79035079  -0.000449547003    0.00714103784       1.00383787       2.00396025       1.00582559             0.05  0.000625026493  0.000622588762  127
     0.0378767097      0.790340049  -0.000473663943    0.00712703345       1.00384028       2.00396247       1.00582913             0.05  0.000625026493  0.000622649505  126
     0.0128846978      0.790348922  -0.000435930165    0.00714702545       1.00383883       2.00396127       1.00582707             0.05  0.000625026493  0.000622703329  125
     0.0890158458      0.763459484    0.00454865423    -0.0039897189       1.00111166       2.00118118       1.00170291             0.05  0.000625026493  0.000624246616  124
     0.0640190116      0.763465755    0.00456618475   -0.00394706976       1.00111732       2.00118689       1.00171143             0.05  0.000625026493  0.000624290549  123
     0.0390170278      0.763461952    0.00456139479   -0.00398309607       1.00111946       2.00118909       1.00171467             0.05  0.000625026493  0.000624352495  122
     0.0140162297      0.763465953    0.00454630842   -0.00395071434       1.00111768       2.00118715       1.00171192             0.05  0.000625026493  0.00062440268  121
     0.0876796187      0.734347408  -0.000573614682  -0.000609683227       1.00358184       2.00369905       1.00543799             0.05  0.000625026493  0.000622712607  120
     0.0626794199      0.734343169  -0.000570735274  -0.000655331264       1.00358428       2.00370158        1.0054417             0.05  0.000625026493  0.000622743844  119
     0.0376797427      0.734337007  -0.000579914216  -0.000696842372       1.00358478       2.00370206       1.00544245             0.05  0.000625026493  0.0006227929  118
     0.0126771863      0.734338457  -0.000584391065  -0.000676496094        1.0035836       2.00370091       1.00544069             0.05  0.000625026493  0.000622839794  117
     0.0879025785       0.71817501    0.00154065883    0.00348047897       1.00244291       2.00256508       1.00372859             0.05  0.000625026493  0.000623442264  116
     0.0629048312      0.718173896    0.00154643673    0.00347282549       1.00244385       2.00256599       1.00372998             0.05  0.000625026493  0.000623467491  115
     0.0379026521      0.718175666    0.00153981781     0.0034836415       1.00244575       2.00256802        1.0037329             0.05  0.000625026493  0.000623502239  114
      0.012903583      0.718174778     0.0015405343    0.00347441711       1.00244409       2.00256632       1.00373038             0.05  0.000625026493  0.000623533796  113
     0.0876094954      0.680881081   0.000152829583    -0.0148752712       1.00187592       2.00213776       1.00294681             0.05  0.000625026493  0.000623816136  112
     0.0626095617      0.680882428   0.000152150124    -0.0148757088       1.00187607       2.00213788       1.00294702             0.05  0.000625026493  0.000623819739  111
     0.0376099382      0.680882118   0.000155361819    -0.0148815693       1.00187677       2.00213866       1.00294811             0.05  0.000625026493  0.000623833339  110
      0.012609508      0.680880301   0.000148170026    -0.0148854646       1.00187685       2.00213879       1.00294825             0.05  0.000625026493  0.000623853348  109
     0.0875608989      0.670560752   0.000329616148     0.0175004464       1.00177457       2.00201852       1.00278562             0.05  0.000625026493  0.000623885985  108
     0.0625601651      0.670559616   0.000326944989     0.0175019092       1.00177472       2.00201865       1.00278583             0.05  0.000625026493  0.000623890555  107
     0.0375610938      0.670559952   0.000331489117     0.0175032262       1.00177536       2.00201935       1.00278683             0.05  0.000625026493  0.000623901633  106
     0.0125595121      0.670560784   0.000322660594     0.0175017715       1.00177528       2.00201929       1.00278671             0.05  0.000625026493  0.000623914815  105
     0.0875308397      0.632137885   5.93362045e-05    -0.0173653986       1.00080573       2.00105979       1.00133605             0.05  0.000625026493  0.000624499915  104
     0.0625307397      0.632138965   6.07091708e-05    -0.0173598706       1.00080546       2.00105946       1.00133562             0.05  0.000625026493  0.000624498326  103
     0.0375308386      0.632139711   6.02383719e-05    -0.0173579826       1.00080526       2.00105922       1.00133529             0.05  0.000625026493  0.000624502045  102
      0.012531159      0.632138771   6.19726201e-05    -0.0173617482       1.00080552       2.00105954       1.00133572             0.05  0.000625026493  0.000624509629  101
     0.0875050007      0.618482302   1.51299142e-05     0.0200785269       1.00152106       2.00171475       1.00237974             0.05  0.000625026493  0.00062406286  100
     0.0625053251      0.618481353   1.69666502e-05     0.0200741942         1.001521       2.00171464       1.00237963             0.05  0.000625026493  0.000624060913  99
      0.037505087      0.618481128    1.5515239e-05     0.0200743345       1.00152092       2.00171454       1.00237949             0.05  0.000625026493  0.000624063375  98
     0.0125052726      0.618481883   1.64790343e-05     0.0200776112       1.00152101       2.00171468       1.00237965             0.05  0.000625026493  0.000624068979  97
     0.0875076105      0.585480857   3.34934942e-05    -0.0117274693      0.999798008       1.99991887      0.999757451             0.05  0.000625026493  0.000625143852  96
     0.0625074489      0.585481013   3.23935186e-05    -0.0117264024      0.999798073       1.99991892      0.999757541             0.05  0.000625026493  0.000625144192  95
     0.0375074549      0.585481332   3.27488074e-05    -0.0117247361       0.99979797        1.9999188       0.99975738             0.05  0.000625026493  0.000625145166  94
     0.0125075147      0.585481152   3.34956179e-05    -0.0117258689      0.999797875       1.99991872      0.999757245             0.05  0.000625026493  0.000625146318  93
      0.087501328      0.564594585  -1.04427748e-06      0.011920256       1.00091933       2.00101802       1.00142881             0.05  0.000625026493  0.000624433971  92
      0.062501292      0.564594439   -1.2182835e-06     0.0119181558       1.00091936       2.00101804       1.00142885             0.05  0.000625026493  0.000624427495  91
     0.0375013304       0.56459422  -9.63162408e-07     0.0119168781       1.00091936       2.00101804       1.00142885             0.05  0.000625026493  0.000624428048  90
     0.0125013027       0.56459432  -1.16532401e-06     0.0119187246       1.00091935       2.00101803       1.00142883             0.05  0.000625026493  0.000624435377  89
     0.0875013091      0.538621141   7.69749092e-06   -0.00404498757       0.99956609       1.99962097      0.999376656             0.05  0.000625026493  0.000625286037  88
     0.0625013577       0.53862111   7.95452912e-06    -0.0040446209      0.999566171       1.99962105      0.999376779             0.05  0.000625026493  0.000625283882  87
     0.0375012903      0.538621217   7.64556843e-06   -0.00404390515       0.99956623       1.99962111      0.999376868             0.05  0.000625026493  0.000625284102  86
      0.012501312      0.538621238   7.77946286e-06   -0.00404424236      0.999566139       1.99962102      0.999376729             0.05  0.000625026493  0.000625286673  85
     0.0875003896      0.511741575    1.6768796e-06    0.00168051673       0.99975288       1.99983374      0.999669768             0.05  0.000625026493  0.000625156078  84
     0.0625003854      0.511741688   1.71917861e-06    0.00168067866      0.999752883       1.99983374      0.999669773             0.05  0.000625026493  0.000625146883  83
     0.0375004077      0.511741645   1.59336536e-06    0.00168007973      0.999752874       1.99983373      0.999669758             0.05  0.000625026493  0.000625147006  82
      0.012500409      0.511741521   1.54680983e-06    0.00167983716      0.999752872       1.99983373      0.999669756             0.05  0.000625026493  0.000625156391  81
     0.0875001827      0.490389663    1.2001589e-06    0.00461904618       0.99930469       1.99937093      0.998990373             0.05  0.000625026493  0.000625441539  80
     0.0625001829      0.490389599   1.11632765e-06    0.00461875599      0.999304687       1.99937092      0.998990368             0.05  0.000625026493  0.000625436293  79
     0.0375001745      0.490389619   1.11760353e-06    0.00461902596      0.999304692       1.99937093      0.998990375             0.05  0.000625026493  0.000625436353  78
     0.0125001543      0.490389674   1.03524262e-06    0.00461926738      0.999304694       1.99937093      0.998990379             0.05  0.000625026493  0.000625441697  77
     0.0875000661       0.46100076   3.62219836e-07   -0.00479695846      0.998592895       1.99866147      0.997924572             0.05  0.000625026493  0.000625890098  76
     0.0625000606      0.461000815   3.32399231e-07   -0.00479651941       0.99859288       1.99866146       0.99792455             0.05  0.000625026493  0.000625884089  75
      0.037500074      0.461000831   4.71724016e-07   -0.00479647416      0.998592875       1.99866145      0.997924542             0.05  0.000625026493  0.000625884114  74
     0.0125000839      0.461000774   5.30709054e-07   -0.00479692988      0.998592889       1.99866147      0.997924563             0.05  0.000625026493  0.00062589016  73
     0.0875000172      0.440231653   1.18332466e-07     0.0096450147      0.998892528       1.99894367      0.998364949             0.05  0.000625026493  0.000625708617  72
     0.0625000213      0.440231629   1.63635048e-07    0.00964486725      0.998892529       1.99894367       0.99836495             0.05  0.000625026493  0.000625705301  71
     0.0375000241      0.440231621   1.26262988e-07    0.00964486414      0.998892535       1.99894368      0.998364959             0.05  0.000625026493  0.000625705308  70
     0.0125000222      0.440231644    1.0538769e-07    0.00964499113      0.998892534       1.99894368      0.998364959             0.05  0.000625026493  0.000625708641  69
     0.0875000129      0.411822612   8.52723602e-08   -0.00520268798      0.998100299       1.99812108      0.997162622             0.05  0.000625026493  0.00062621358  68
      0.062500009      0.411822617   6.69382153e-08   -0.00520263129      0.998100302       1.99812108      0.997162625             0.05  0.000625026493  0.000626213172  67
     0.0375000073      0.411822626   5.60001279e-08   -0.00520255609      0.998100299       1.99812107      0.997162621             0.05  0.000625026493  0.000626213178  66
     0.0125000098      0.411822621   6.29283476e-08   -0.00520261539      0.998100296       1.99812107      0.997162617             0.05  0.000625026493  0.000626213592  65
     0.0875000017      0.388899237  -4.64808648e-10    0.00808069445      0.998664726       1.99867916      0.998005185             0.05  0.000625026493  0.000625860515  64
     0.0625000027      0.388899236   1.33709736e-08    0.00808063132       0.99866472       1.99867915      0.998005177             0.05  0.000625026493  0.000625859568  63
     0.0375000036      0.388899234   3.42235525e-08    0.00808058896      0.998664718       1.99867915      0.998005174             0.05  0.000625026493  0.000625859571  62
     0.0125000027      0.388899234     2.054003e-08    0.00808064888      0.998664724       1.99867915      0.998005183             0.05  0.000625026493  0.000625860521  61
     0.0875000018      0.362988239   1.19981705e-08   -0.00163079375      0.998188923       1.99816955      0.997275354             0.05  0.000625026493  0.000626169037  60
     0.0625000023      0.362988233    2.2795754e-10   -0.00163079446      0.998188925       1.99816955      0.997275358             0.05  0.000625026493  0.000626172594  59
     0.0375000003      0.362988233    3.7727397e-09    -0.0016307854      0.998188924       1.99816955      0.997275355             0.05  0.000625026493  0.000626172596  58
     0.0125000001      0.362988239   1.81978943e-08   -0.00163078594      0.998188922       1.99816955      0.997275352             0.05  0.000625026493  0.00062616904  57
           0.0875      0.337721301   6.78422502e-09    0.00308990901      0.998373409       1.99835719      0.997553339             0.05  0.000625026493  0.00062605218  56
     0.0624999992      0.337721307  -1.09292757e-09     0.0030899411       0.99837341       1.99835719      0.997553341             0.05  0.000625026493  0.000626054288  55
     0.0375000007      0.337721307  -1.43201667e-09    0.00308994633       0.99837341       1.99835719      0.997553341             0.05  0.000625026493  0.000626054288  54
     0.0125000014      0.337721301    5.7299926e-09    0.00308991374      0.998373409       1.99835719      0.997553339             0.05  0.000625026493  0.00062605218  53
     0.0875000006      0.313604854   4.36923543e-09    0.00254455256      0.998361208       1.99832789      0.997526523             0.05  0.000625026493  0.00062606668  52
     0.0625000006      0.313604851   1.14504123e-08    0.00254451928      0.998361208       1.99832789      0.997526524             0.05  0.000625026493  0.000626072116  51
     0.0374999997      0.313604851  -2.35346773e-09     0.0025445226      0.998361209       1.99832789      0.997526526             0.05  0.000625026493  0.000626072115  50
     0.0124999996      0.313604854  -9.69985472e-09    0.00254455559      0.998361209       1.99832789      0.997526525             0.05  0.000625026493  0.00062606668  49
           0.0875      0.287336327  -4.17707993e-09  -0.000631448902      0.998190872       1.99815282      0.997268955             0.05  0.000625026493  0.000626175944  48
     0.0625000001      0.287336329  -1.87606257e-09  -0.000631431059      0.998190871       1.99815282      0.997268953             0.05  0.000625026493  0.000626181517  47
           0.0375      0.287336329   4.72289392e-09  -0.000631434065      0.998190871       1.99815282      0.997268953             0.05  0.000625026493  0.000626181517  46
     0.0124999999      0.287336327   2.59154953e-09   -0.00063145198      0.998190872       1.99815282      0.997268954             0.05  0.000625026493  0.000626175945  45
     0.0874999998      0.263477123  -5.05372973e-10    0.00424338628      0.998455428       1.99841315      0.997663227             0.05  0.000625026493  0.000626012299  44
     0.0624999999      0.263477122  -2.58530609e-09    0.00424337685      0.998455428       1.99841315      0.997663227             0.05  0.000625026493  0.000626018998  43
     0.0375000003      0.263477122   7.05769943e-10    0.00424337408      0.998455428       1.99841314      0.997663226             0.05  0.000625026493  0.000626018998  42
     0.0125000001      0.263477123   2.77005944e-09    0.00424338347      0.998455428       1.99841315      0.997663226             0.05  0.000625026493  0.0006260123  41
     0.0875000001       0.23753756   1.92540617e-09   -0.00132265708      0.998241034       1.99818754      0.997336397             0.05  0.000625026493  0.000626150707  40
           0.0625       0.23753756   3.05191335e-10   -0.00132264749      0.998241035       1.99818754      0.997336398             0.05  0.000625026493  0.000626158703  39
     0.0374999999       0.23753756  -1.84782028e-09   -0.00132264455      0.998241035       1.99818754      0.997336398             0.05  0.000625026493  0.000626158703  38
           0.0125       0.23753756  -2.49134943e-10   -0.00132265414      0.998241034       1.99818754      0.997336397             0.05  0.000625026493  0.000626150707  37
           0.0875      0.212999231  -3.26582313e-10    0.00291226495      0.998481049       1.99843387      0.997699171             0.05  0.000625026493  0.000625998055  36
           0.0625      0.212999231   9.40978923e-10    0.00291226022      0.998481049       1.99843387      0.997699171             0.05  0.000625026493  0.000626005125  35
           0.0375      0.212999231   3.41194665e-10    0.00291226049      0.998481049       1.99843387      0.997699171             0.05  0.000625026493  0.000626005125  34
           0.0125      0.212999231  -9.17948912e-10    0.00291226521      0.998481049       1.99843387      0.997699171             0.05  0.000625026493  0.000625998055  33
           0.0875       0.18782733   1.57360556e-11  -0.000110639733      0.998404462       1.99835112      0.997581338             0.05  0.000625026493  0.000626048173  32
           0.0625       0.18782733   4.83632573e-10  -0.000110638735      0.998404462       1.99835112      0.997581338             0.05  0.000625026493  0.000626056284  31
           0.0375       0.18782733  -9.87924037e-12  -0.000110639954      0.998404462       1.99835112      0.997581338             0.05  0.000625026493  0.000626056284  30
           0.0125       0.18782733  -4.77209707e-10  -0.000110640953      0.998404462       1.99835112      0.997581338             0.05  0.000625026493  0.000626048173  29
           0.0875      0.162639381    3.0411722e-10   0.000656532104      0.998435332       1.99839129      0.997632236             0.05  0.000625026493  0.000626025248  28
           0.0625      0.162639382  -3.49306495e-10   0.000656533435      0.998435332       1.99839129      0.997632235             0.05  0.000625026493  0.000626031777  27
           0.0375      0.162639382  -3.01607741e-10   0.000656533691      0.998435332       1.99839129      0.997632235             0.05  0.000625026493  0.000626031777  26
           0.0125      0.162639381   3.50416439e-10   0.000656532359      0.998435332       1.99839129      0.997632236             0.05  0.000625026493  0.000626025248  25
           0.0875      0.137892357  -2.68940089e-10   0.000936585536      0.998479432       1.99844039      0.997700811             0.05  0.000625026493  0.000625995394  24
           0.0625      0.137892356  -2.38269903e-10   0.000936582099      0.998479432       1.99844039      0.997700811             0.05  0.000625026493  0.000626001458  23
           0.0375      0.137892356    2.6924263e-10   0.000936582552      0.998479432       1.99844039      0.997700811             0.05  0.000625026493  0.000626001458  22
           0.0125      0.137892357   2.38899577e-10   0.000936585988      0.998479432       1.99844039      0.997700811             0.05  0.000625026493  0.000625995394  21
           0.0875      0.112541705  -8.02534562e-10  -0.000473146136      0.998377755        1.9983447      0.997551447             0.05  0.000625026493  0.000626056316  20
           0.0625      0.112541705  -5.47533719e-10  -0.000473143216      0.998377755        1.9983447      0.997551447             0.05  0.000625026493  0.000626061191  19
           0.0375      0.112541705   8.02678375e-10   -0.00047314347      0.998377755        1.9983447      0.997551447             0.05  0.000625026493  0.000626061191  18
           0.0125      0.112541705    5.4779206e-10  -0.000473146391      0.998377755        1.9983447      0.997551447             0.05  0.000625026493  0.000626056316  17
           0.0875     0.0877389423   1.98350596e-12   0.000814281551      0.998434819       1.99841254       0.99764233             0.05  0.000625026493  0.00062601577  16
           0.0625     0.0877389421  -1.00657518e-10   0.000814280328      0.998434819       1.99841254       0.99764233             0.05  0.000625026493  0.000626019084  15
           0.0375      0.087738942  -1.88759229e-12   0.000814280219      0.998434819       1.99841254       0.99764233             0.05  0.000625026493  0.000626019084  14
           0.0125     0.0877389423    1.0058095e-10   0.000814281442      0.998434819       1.99841254       0.99764233             0.05  0.000625026493  0.00062601577  13
           0.0875     0.0625788961   8.81431372e-10  -0.000314804304      0.998330117       1.99831069      0.997486872             0.05  0.000625026493  0.00062607935  12
           0.0625     0.0625788962   7.99827259e-10   -0.00031480225      0.998330117       1.99831069      0.997486872             0.05  0.000625026493  0.000626081932  11
           0.0375     0.0625788962  -8.81406789e-10  -0.000314802109      0.998330117       1.99831069      0.997486872             0.05  0.000625026493  0.000626081932  10
           0.0125     0.0625788961  -7.99794598e-10  -0.000314804163      0.998330117       1.99831069      0.997486872             0.05  0.000625026493  0.00062607935  9
           0.0875     0.0375354872   5.56957581e-10   0.000148823654      0.998350509       1.99833875      0.997521256             0.05  0.000625026493  0.000626061871  8
           0.0625     0.0375354872   6.15890282e-10   0.000148822116      0.998350509       1.99833875      0.997521255             0.05  0.000625026493  0.000626062786  7
           0.0375     0.0375354873  -5.57007678e-10   0.000148822109      0.998350509       1.99833875      0.997521255             0.05  0.000625026493  0.000626062786  6
           0.0125     0.0375354872  -6.15842504e-10   0.000148823647      0.998350509       1.99833875      0.997521256             0.05  0.000625026493  0.000626061871  5
           0.0875     0.0125807805  -8.80572423e-10   7.00404901e-05      0.998309961       1.99829916      0.997460976             0.05  0.000625026493  0.000626085651  4
           0.0625     0.0125807803  -8.80025255e-10    7.0038417e-05      0.998309961       1.99829916      0.997460976             0.05  0.000625026493  0.00062608607  3
           0.0375     0.0125807803   8.80603709e-10   7.00383633e-05      0.998309961       1.99829916      0.997460976             0.05  0.000625026493  0.00062608607  2
           0.0125     0.0125807805   8.79998174e-10   7.00404363e-05      0.998309961       1.99829916      0.997460976             0.05  0.000625026493  0.000626085651  1
