title='particle position' 
variables=x, y, Ux, Uy, rho, e, p, h=supportlength/2, m, V, ID 
     0.0916664085      0.987523062     0.0172381865   0.000312743813      0.999886124       2.00049833       1.00013526             0.05  0.000625026493  0.000624719654  160
     0.0666668633      0.987522881     0.0172410539   0.000311991577      0.999886219        2.0004979       1.00013514             0.05  0.000625026493  0.000624943022  159
     0.0416665231      0.987522875     0.0172383385   0.000311909977      0.999886228       2.00049802       1.00013521             0.05  0.000625026493  0.000625242358  158
     0.0166669853      0.987523053     0.0172412333   0.000312600422      0.999886137       2.00049867       1.00013544             0.05  0.000625026493  0.000625473346  157
     0.0888267524      0.962474737    0.00582781938  -0.000262368179      0.999909477        2.0001661      0.999992521             0.05  0.000625026493  0.000624741743  156
     0.0638268926      0.962474629    0.00582878423  -0.000262389941      0.999909558       2.00016596      0.999992532             0.05  0.000625026493  0.00062496713  155
     0.0388267503      0.962474635    0.00582814401  -0.000262377304      0.999909552       2.00016605      0.999992568             0.05  0.000625026493  0.000625242962  154
     0.0138269118      0.962474757    0.00582923389  -0.000262158146      0.999909469       2.00016625      0.999992585             0.05  0.000625026493  0.000625447489  153
     0.0879918234      0.937503982    0.00325719445   0.000135911686       1.00000645       2.00005196       1.00003243             0.05  0.000625026493  0.000624812098  152
     0.0629918215      0.937503825    0.00325715388   0.000135054331       1.00000651       2.00005198        1.0000325             0.05  0.000625026493  0.000624948233  151
     0.0379917855      0.937503828    0.00325713319   0.000135022529        1.0000065         2.000052        1.0000325             0.05  0.000625026493  0.000625116931  150
     0.0129917948      0.937504005    0.00325716126   0.000136162112       1.00000644       2.00005198       1.00003243             0.05  0.000625026493  0.000625243283  149
     0.0876663679      0.912492806    0.00133276884  -4.35260715e-05        1.0000102       2.00001191       1.00001616             0.05  0.000625026493  0.00062492031  148
     0.0626663726      0.912492727     0.0013328096  -4.41116592e-05       1.00001026       2.00001197       1.00001625             0.05  0.000625026493  0.000624983454  147
     0.0376663329      0.912492738     0.0013326107  -4.39746242e-05       1.00001025       2.00001196       1.00001623             0.05  0.000625026493  0.000625060472  146
     0.0126663429      0.912492809     0.0013327085  -4.34982292e-05        1.0000102       2.00001191       1.00001615             0.05  0.000625026493  0.000625122241  145
     0.0875486347      0.887493105   0.000446425507   -1.1908043e-05       1.00000001       1.99999954      0.999999782             0.05  0.000625026493  0.000624984947  144
     0.0625486391      0.887493076   0.000446478881  -1.22065056e-05       1.00000005       1.99999958      0.999999844             0.05  0.000625026493  0.000625011066  143
     0.0375486142      0.887493077   0.000446301873  -1.21899701e-05       1.00000005       1.99999958      0.999999838             0.05  0.000625026493  0.000625043159  142
     0.0125486219      0.887493105   0.000446393789  -1.19032352e-05       1.00000001       1.99999953      0.999999775             0.05  0.000625026493  0.000625068926  141
      0.087512906      0.862497119   0.000140544524   2.54409155e-05       1.00000676       2.00000626       1.00000989             0.05  0.000625026493  0.000625007067  140
     0.0625129055      0.862497109   0.000140535193   2.53322334e-05       1.00000679       2.00000629       1.00000993             0.05  0.000625026493  0.000625016765  139
     0.0375128974       0.86249711   0.000140430248   2.53473219e-05       1.00000679       2.00000629       1.00000993             0.05  0.000625026493  0.000625028445  138
     0.0125128983       0.86249712   0.000140440577   2.54536411e-05       1.00000676       2.00000626       1.00000989             0.05  0.000625026493  0.000625037971  137
     0.0875033514       0.83749312    4.1164993e-05   -3.6400014e-05       1.00000588       2.00000525        1.0000085             0.05  0.000625026493  0.000625018073  136
     0.0625033515      0.837493125   4.11635324e-05  -3.63799438e-05       1.00000589       2.00000526       1.00000852             0.05  0.000625026493  0.000625021312  135
     0.0375033512      0.837493125   4.11159599e-05  -3.63843847e-05       1.00000589       2.00000526       1.00000852             0.05  0.000625026493  0.000625025087  134
      0.012503351       0.83749312   4.11136413e-05  -3.64062325e-05       1.00000588       2.00000525        1.0000085             0.05  0.000625026493  0.000625028143  133
     0.0875007977      0.812495911   1.08068054e-05   7.05517686e-06       1.00000871       2.00000846       1.00001294             0.05  0.000625026493  0.000625019684  132
     0.0625007979      0.812495912   1.08082073e-05    7.0424906e-06       1.00000871       2.00000846       1.00001294             0.05  0.000625026493  0.000625020682  131
     0.0375007965      0.812495912   1.07911311e-05    7.0410425e-06       1.00000871       2.00000846       1.00001294             0.05  0.000625026493  0.000625021809  130
     0.0125007966      0.812495911   1.07931832e-05   7.05345635e-06       1.00000871       2.00000846       1.00001294             0.05  0.000625026493  0.000625022705  129
     0.0875001768      0.787495165   2.65345994e-06   -1.7309238e-05       1.00000955       2.00000935       1.00001423             0.05  0.000625026493  0.000625020198  128
     0.0625001768      0.787495165   2.65370987e-06   -1.7296306e-05       1.00000955       2.00000935       1.00001422             0.05  0.000625026493  0.0006250205  127
     0.0375001771      0.787495165   2.67278983e-06   -1.7296145e-05       1.00000955       2.00000935       1.00001422             0.05  0.000625026493  0.000625020812  126
     0.0125001772      0.787495165   2.67285698e-06  -1.73091453e-05       1.00000955       2.00000935       1.00001423             0.05  0.000625026493  0.000625021039  125
     0.0875000381      0.762495416     6.245964e-07  -1.23446011e-05       1.00000907       2.00000874       1.00001343             0.05  0.000625026493  0.000625020828  124
     0.0625000381      0.762495417    6.2525331e-07  -1.23280893e-05       1.00000907       2.00000874       1.00001343             0.05  0.000625026493  0.000625020934  123
     0.0375000389      0.762495417    6.3552177e-07  -1.23287292e-05       1.00000907       2.00000874       1.00001343             0.05  0.000625026493  0.000625021014  122
     0.0125000389      0.762495416    6.3471146e-07   -1.2345259e-05       1.00000907       2.00000874       1.00001343             0.05  0.000625026493  0.000625021046  121
     0.0875000078      0.737495922   1.40730975e-07  -8.59027949e-06       1.00001093        2.0000104       1.00001612             0.05  0.000625026493  0.000625019815  120
     0.0625000079      0.737495922   1.40725269e-07  -8.58968956e-06       1.00001093        2.0000104       1.00001613             0.05  0.000625026493  0.000625019894  119
     0.0375000079      0.737495922   1.36864719e-07  -8.58980322e-06       1.00001093        2.0000104       1.00001613             0.05  0.000625026493  0.000625019913  118
     0.0125000079      0.737495922   1.36907258e-07  -8.59039604e-06       1.00001093        2.0000104       1.00001612             0.05  0.000625026493  0.000625019868  117
     0.0875000016      0.712495935   2.98667087e-08  -1.60477507e-05       1.00001294       2.00001208       1.00001898             0.05  0.000625026493  0.000625018728  116
     0.0625000016      0.712495935   2.97853022e-08  -1.60502029e-05       1.00001294       2.00001208       1.00001898             0.05  0.000625026493  0.000625018846  115
     0.0375000015      0.712495935   2.86193072e-08  -1.60501167e-05       1.00001294       2.00001208       1.00001898             0.05  0.000625026493  0.00062501885  114
     0.0125000015      0.712495935   2.87087237e-08  -1.60476651e-05       1.00001294       2.00001208       1.00001898             0.05  0.000625026493  0.00062501874  113
     0.0875000003      0.687496387   5.39968201e-09  -1.74443087e-05       1.00001584       2.00001493        1.0000233             0.05  0.000625026493  0.000625016978  112
     0.0625000003      0.687496387    5.4179619e-09  -1.74443063e-05       1.00001583       2.00001493        1.0000233             0.05  0.000625026493  0.000625017111  111
     0.0375000003      0.687496387    6.4940433e-09  -1.74442876e-05       1.00001583       2.00001493        1.0000233             0.05  0.000625026493  0.000625017112  110
     0.0125000003      0.687496387   6.47370968e-09  -1.74442901e-05       1.00001584       2.00001493        1.0000233             0.05  0.000625026493  0.00062501698  109
           0.0875      0.662496763   1.04431577e-09  -2.27921007e-05       1.00001876       2.00001813       1.00002782             0.05  0.000625026493  0.00062501508  108
           0.0625      0.662496763   1.05362501e-09  -2.27917496e-05       1.00001876       2.00001813       1.00002782             0.05  0.000625026493  0.000625015188  107
     0.0375000001      0.662496763   1.25653039e-09   -2.2791759e-05       1.00001876       2.00001813       1.00002782             0.05  0.000625026493  0.000625015188  106
     0.0125000001      0.662496763   1.24739723e-09  -2.27921101e-05       1.00001876       2.00001813       1.00002782             0.05  0.000625026493  0.000625015081  105
           0.0875      0.637497267   3.16629156e-10  -2.57488968e-05       1.00002046       2.00002029        1.0000306             0.05  0.000625026493  0.000625013854  104
           0.0625      0.637497267   3.12672678e-10  -2.57489716e-05       1.00002046       2.00002029        1.0000306             0.05  0.000625026493  0.000625013905  103
           0.0375      0.637497267   1.13712847e-10  -2.57489713e-05       1.00002046       2.00002029        1.0000306             0.05  0.000625026493  0.000625013905  102
           0.0125      0.637497267   1.17763295e-10  -2.57488965e-05       1.00002046       2.00002029        1.0000306             0.05  0.000625026493  0.000625013855  101
           0.0875       0.61249783   5.93642244e-11  -2.64154261e-05       1.00002047       2.00002083       1.00003089             0.05  0.000625026493  0.000625013627  100
           0.0625       0.61249783   5.80332911e-11  -2.64154949e-05       1.00002047       2.00002083       1.00003089             0.05  0.000625026493  0.000625013603  99
           0.0375       0.61249783   1.86380984e-11  -2.64154933e-05       1.00002047       2.00002083       1.00003089             0.05  0.000625026493  0.000625013603  98
           0.0125       0.61249783   1.99536583e-11  -2.64154245e-05       1.00002047       2.00002083       1.00003089             0.05  0.000625026493  0.000625013627  97
           0.0875      0.587498346  -4.82175658e-12  -2.49585226e-05       1.00001876       2.00001955       1.00002854             0.05  0.000625026493  0.000625014496  96
           0.0625      0.587498346  -4.40798264e-12  -2.49585148e-05       1.00001876       2.00001955       1.00002854             0.05  0.000625026493  0.000625014403  95
           0.0375      0.587498346   1.84481505e-11  -2.49585149e-05       1.00001876       2.00001955       1.00002854             0.05  0.000625026493  0.000625014403  94
           0.0125      0.587498346   1.80335574e-11  -2.49585227e-05       1.00001876       2.00001955       1.00002854             0.05  0.000625026493  0.000625014496  93
           0.0875      0.562498827  -5.76805228e-13   -2.1099548e-05       1.00001587        2.0000169       1.00002432             0.05  0.000625026493  0.000625016175  92
           0.0625      0.562498827  -4.81368092e-13  -2.10995402e-05       1.00001587        2.0000169       1.00002432             0.05  0.000625026493  0.000625016036  91
           0.0375      0.562498827   2.89222492e-12  -2.10995403e-05       1.00001587        2.0000169       1.00002432             0.05  0.000625026493  0.000625016036  90
           0.0125      0.562498827   2.79750811e-12  -2.10995481e-05       1.00001587        2.0000169       1.00002432             0.05  0.000625026493  0.000625016175  89
           0.0875      0.537499213   1.48907059e-12  -1.66378572e-05       1.00001242       2.00001348       1.00001916             0.05  0.000625026493  0.000625018287  88
           0.0625      0.537499213   1.45180704e-12  -1.66378579e-05       1.00001242       2.00001348       1.00001916             0.05  0.000625026493  0.000625018132  87
           0.0375      0.537499213  -1.10586687e-12  -1.66378579e-05       1.00001242       2.00001348       1.00001916             0.05  0.000625026493  0.000625018132  86
           0.0125      0.537499213  -1.06874232e-12  -1.66378572e-05       1.00001242       2.00001348       1.00001916             0.05  0.000625026493  0.000625018287  85
           0.0875        0.5124995   1.35284247e-13  -1.21121131e-05       1.00000902       2.00000997       1.00001401             0.05  0.000625026493  0.000625020436  84
           0.0625        0.5124995   1.31731484e-13  -1.21121137e-05       1.00000902       2.00000997       1.00001401             0.05  0.000625026493  0.00062502029  83
           0.0375        0.5124995  -7.32998202e-14  -1.21121137e-05       1.00000902       2.00000997       1.00001401             0.05  0.000625026493  0.00062502029  82
           0.0125        0.5124995  -6.94265582e-14  -1.21121131e-05       1.00000902       2.00000997       1.00001401             0.05  0.000625026493  0.000625020436  81
           0.0875      0.487499703  -1.39240677e-13  -8.12743721e-06       1.00000612       2.00000689       1.00000957             0.05  0.000625026493  0.000625022315  80
           0.0625      0.487499703  -1.35938989e-13  -8.12743706e-06       1.00000612       2.00000689       1.00000957             0.05  0.000625026493  0.000625022193  79
           0.0375      0.487499703   1.49449397e-13  -8.12743706e-06       1.00000612       2.00000689       1.00000957             0.05  0.000625026493  0.000625022193  78
           0.0125      0.487499703   1.46378892e-13  -8.12743722e-06       1.00000612       2.00000689       1.00000957             0.05  0.000625026493  0.000625022315  77
           0.0875      0.462499833   -1.2618512e-14  -5.12722701e-06       1.00000389       2.00000444       1.00000611             0.05  0.000625026493  0.000625023798  76
           0.0625      0.462499833  -1.23114402e-14  -5.12722693e-06       1.00000389       2.00000444       1.00000611             0.05  0.000625026493  0.000625023706  75
           0.0375      0.462499833   1.47637454e-14  -5.12722693e-06       1.00000389       2.00000444       1.00000611             0.05  0.000625026493  0.000625023706  74
           0.0125      0.462499833   1.44796417e-14  -5.12722701e-06       1.00000389       2.00000444       1.00000611             0.05  0.000625026493  0.000625023798  73
           0.0875      0.437499911   9.38481298e-15  -3.01300715e-06       1.00000231       2.00000268       1.00000365             0.05  0.000625026493  0.000625024865  72
           0.0625      0.437499911   9.99829649e-15  -3.01300715e-06       1.00000231       2.00000268       1.00000365             0.05  0.000625026493  0.000625024801  71
           0.0375      0.437499911  -9.21886989e-15  -3.01300715e-06       1.00000231       2.00000268       1.00000365             0.05  0.000625026493  0.000625024801  70
           0.0125      0.437499911  -9.24125532e-15  -3.01300715e-06       1.00000231       2.00000268       1.00000365             0.05  0.000625026493  0.000625024865  69
           0.0875      0.412499956   7.85509718e-16  -1.64726886e-06       1.00000129       2.00000152       1.00000205             0.05  0.000625026493  0.000625025568  68
           0.0625      0.412499956   4.64007719e-16  -1.64726886e-06       1.00000129       2.00000152       1.00000205             0.05  0.000625026493  0.000625025527  67
           0.0375      0.412499956  -4.26788035e-16  -1.64726886e-06       1.00000129       2.00000152       1.00000205             0.05  0.000625026493  0.000625025527  66
           0.0125      0.412499956   8.71506064e-17  -1.64726886e-06       1.00000129       2.00000152       1.00000205             0.05  0.000625026493  0.000625025568  65
           0.0875       0.38749998  -7.24995891e-16  -8.46230482e-07       1.00000068       2.00000081       1.00000108             0.05  0.000625026493  0.000625026  64
           0.0625       0.38749998  -7.70516446e-16  -8.46230481e-07       1.00000068       2.00000081       1.00000108             0.05  0.000625026493  0.000625025976  63
           0.0375       0.38749998   5.56126533e-16  -8.46230481e-07       1.00000068       2.00000081       1.00000108             0.05  0.000625026493  0.000625025976  62
           0.0125       0.38749998   8.64334052e-16  -8.46230482e-07       1.00000068       2.00000081       1.00000108             0.05  0.000625026493  0.000625026  61
           0.0875      0.362499991   2.36761893e-16  -4.03800782e-07       1.00000033        2.0000004       1.00000053             0.05  0.000625026493  0.000625026247  60
           0.0625      0.362499991  -6.89734247e-17  -4.03800782e-07       1.00000033        2.0000004       1.00000053             0.05  0.000625026493  0.000625026234  59
           0.0375      0.362499991   2.14679115e-16  -4.03800782e-07       1.00000033        2.0000004       1.00000053             0.05  0.000625026493  0.000625026234  58
           0.0125      0.362499991  -7.53349199e-17  -4.03800782e-07       1.00000033        2.0000004       1.00000053             0.05  0.000625026493  0.000625026247  57
           0.0875      0.337499997   4.86619803e-17  -1.77633137e-07       1.00000015       2.00000019       1.00000024             0.05  0.000625026493  0.000625026378  56
           0.0625      0.337499997   6.65488521e-16  -1.77633137e-07       1.00000015       2.00000019       1.00000024             0.05  0.000625026493  0.000625026371  55
           0.0375      0.337499997   2.65226238e-16  -1.77633136e-07       1.00000015       2.00000019       1.00000024             0.05  0.000625026493  0.000625026371  54
           0.0125      0.337499997  -1.29847752e-16  -1.77633137e-07       1.00000015       2.00000019       1.00000024             0.05  0.000625026493  0.000625026378  53
           0.0875      0.312499999   1.15926741e-15  -7.20039954e-08       1.00000006       2.00000008        1.0000001             0.05  0.000625026493  0.000625026443  52
           0.0625      0.312499999   3.05073876e-16  -7.20039952e-08       1.00000006       2.00000008        1.0000001             0.05  0.000625026493  0.00062502644  51
           0.0375      0.312499999   1.02927259e-16  -7.20039951e-08       1.00000006       2.00000008        1.0000001             0.05  0.000625026493  0.00062502644  50
           0.0125      0.312499999   1.95294378e-16  -7.20039955e-08       1.00000006       2.00000008        1.0000001             0.05  0.000625026493  0.000625026443  49
           0.0875           0.2875   4.41834108e-16  -2.60865844e-08       1.00000002       2.00000003       1.00000004             0.05  0.000625026493  0.000625026473  48
           0.0625           0.2875  -6.83565814e-16  -2.60865853e-08       1.00000002       2.00000003       1.00000004             0.05  0.000625026493  0.000625026472  47
           0.0375           0.2875  -2.21974547e-16  -2.60865844e-08       1.00000002       2.00000003       1.00000004             0.05  0.000625026493  0.000625026472  46
           0.0125           0.2875   5.75651398e-16  -2.60865847e-08       1.00000002       2.00000003       1.00000004             0.05  0.000625026493  0.000625026473  45
           0.0875           0.2625   2.41449442e-17  -8.01846239e-09       1.00000001       2.00000001       1.00000001             0.05  0.000625026493  0.000625026486  44
           0.0625           0.2625   4.16271834e-16  -8.01846258e-09       1.00000001       2.00000001       1.00000001             0.05  0.000625026493  0.000625026485  43
           0.0375           0.2625    4.1630564e-16  -8.01846227e-09       1.00000001       2.00000001       1.00000001             0.05  0.000625026493  0.000625026485  42
           0.0125           0.2625  -6.14106308e-17  -8.01846227e-09       1.00000001       2.00000001       1.00000001             0.05  0.000625026493  0.000625026486  41
           0.0875           0.2375   4.89737047e-16  -1.85288882e-09                1                2                1             0.05  0.000625026493  0.000625026491  40
           0.0625           0.2375   9.57188181e-16  -1.85288873e-09                1                2                1             0.05  0.000625026493  0.000625026491  39
           0.0375           0.2375   2.50971908e-16   -1.8528885e-09                1                2                1             0.05  0.000625026493  0.000625026491  38
           0.0125           0.2375  -4.20161767e-17  -1.85288929e-09                1                2                1             0.05  0.000625026493  0.000625026491  37
           0.0875           0.2125   9.92559268e-16  -9.26029763e-11                1                2                1             0.05  0.000625026493  0.000625026493  36
           0.0625           0.2125   2.75399147e-16  -9.26024731e-11                1                2                1             0.05  0.000625026493  0.000625026492  35
           0.0375           0.2125  -4.28865428e-16  -9.26031545e-11                1                2                1             0.05  0.000625026493  0.000625026492  34
           0.0125           0.2125   2.86660161e-16  -9.26033778e-11                1                2                1             0.05  0.000625026493  0.000625026493  33
           0.0875           0.1875   1.24934879e-15   2.25946622e-10                1                2                1             0.05  0.000625026493  0.000625026493  32
           0.0625           0.1875  -2.91220921e-16   2.25946454e-10                1                2                1             0.05  0.000625026493  0.000625026493  31
           0.0375           0.1875  -5.48662196e-16   2.25946163e-10                1                2                1             0.05  0.000625026493  0.000625026493  30
           0.0125           0.1875   2.70457405e-17   2.25946017e-10                1                2                1             0.05  0.000625026493  0.000625026493  29
           0.0875           0.1625    9.4210188e-16   1.74321555e-10                1                2                1             0.05  0.000625026493  0.000625026493  28
           0.0625           0.1625   6.80531257e-16   1.74320879e-10                1                2                1             0.05  0.000625026493  0.000625026493  27
           0.0375           0.1625   2.32849575e-16   1.74321636e-10                1                2                1             0.05  0.000625026493  0.000625026493  26
           0.0125           0.1625  -1.91129823e-16   1.74321398e-10                1                2                1             0.05  0.000625026493  0.000625026493  25
           0.0875           0.1375   4.48402646e-16   9.05613384e-11                1                2                1             0.05  0.000625026493  0.000625026493  24
           0.0625           0.1375  -5.12408246e-16   9.05615943e-11                1                2                1             0.05  0.000625026493  0.000625026493  23
           0.0375           0.1375   1.58615505e-16   9.05613386e-11                1                2                1             0.05  0.000625026493  0.000625026493  22
           0.0125           0.1375  -1.22177771e-16   9.05617645e-11                1                2                1             0.05  0.000625026493  0.000625026493  21
           0.0875           0.1125   3.79046327e-16   3.81850144e-11                1                2                1             0.05  0.000625026493  0.000625026493  20
           0.0625           0.1125   7.18103556e-16   3.81848024e-11                1                2                1             0.05  0.000625026493  0.000625026493  19
           0.0375           0.1125   6.17870849e-16    3.8184986e-11                1                2                1             0.05  0.000625026493  0.000625026493  18
           0.0125           0.1125   1.37740914e-16   3.81852093e-11                1                2                1             0.05  0.000625026493  0.000625026493  17
           0.0875           0.0875   5.84933087e-16   1.32215212e-11                1                2                1             0.05  0.000625026493  0.000625026493  16
           0.0625           0.0875   4.65505153e-16    1.3221229e-11                1                2                1             0.05  0.000625026493  0.000625026493  15
           0.0375           0.0875   2.66208394e-16   1.32218336e-11                1                2                1             0.05  0.000625026493  0.000625026493  14
           0.0125           0.0875  -1.72206408e-16   1.32213645e-11                1                2                1             0.05  0.000625026493  0.000625026493  13
           0.0875           0.0625   2.01365385e-16   3.69221685e-12                1                2                1             0.05  0.000625026493  0.000625026493  12
           0.0625           0.0625   3.33719307e-16   3.69251086e-12                1                2                1             0.05  0.000625026493  0.000625026493  11
           0.0375           0.0625   -2.4641828e-16   3.69209125e-12                1                2                1             0.05  0.000625026493  0.000625026493  10
           0.0125           0.0625   2.19867073e-16   3.69204465e-12                1                2                1             0.05  0.000625026493  0.000625026493  9
           0.0875           0.0375   7.50066451e-16     7.318065e-13                1                2                1             0.05  0.000625026493  0.000625026493  8
           0.0625           0.0375   8.12505857e-16   7.31965517e-13                1                2                1             0.05  0.000625026493  0.000625026493  7
           0.0375           0.0375   1.85869111e-16   7.32154205e-13                1                2                1             0.05  0.000625026493  0.000625026493  6
           0.0125           0.0375   1.84771245e-17   7.32213819e-13                1                2                1             0.05  0.000625026493  0.000625026493  5
           0.0875           0.0125   7.70718332e-17   6.32113672e-14                1                2                1             0.05  0.000625026493  0.000625026493  4
           0.0625           0.0125   5.37101053e-16   6.30319546e-14                1                2                1             0.05  0.000625026493  0.000625026493  3
           0.0375           0.0125   2.98848343e-16   6.33879308e-14                1                2                1             0.05  0.000625026493  0.000625026493  2
           0.0125           0.0125   5.80649642e-17   6.30082255e-14                1                2                1             0.05  0.000625026493  0.000625026493  1
