title='particle position' 
variables=x, y, Ux, Uy, rho, e, p, h=supportlength/2, m, V, ID 
    0.00498175271       0.99003586     0.0269889672     0.0112564776      0.999952711       2.00079463       1.00035001             0.05  0.000625026493  0.000625731204  160
     0.0799888306      0.990034576     0.0270168052     0.0112544065      0.999952744       2.00079389       1.00034967             0.05  0.000625026493  0.000624594553  159
     0.0549818391      0.990033651     0.0269883355     0.0112522372      0.999952508       2.00079396       1.00034947             0.05  0.000625026493  0.000624989398  158
     0.0299889939      0.990033434     0.0270161327     0.0112416215      0.999952629        2.0007955       1.00035036             0.05  0.000625026493  0.000625444032  157
     0.0936426254      0.960310059    0.00946559399   -0.00989701531      0.999575893       2.00024427      0.999697978             0.05  0.000625026493  0.000624735119  156
      0.068646302      0.960311447    0.00948007324   -0.00989197631      0.999575462       2.00024405      0.999697435             0.05  0.000625026493  0.000625079603  155
     0.0436427969      0.960311905    0.00946586563   -0.00988762011      0.999575619       2.00024438       0.99969776             0.05  0.000625026493  0.000625585999  154
     0.0186464266       0.96031166     0.0094802298   -0.00988993925      0.999575542       2.00024533      0.999698153             0.05  0.000625026493  0.000625991373  153
     0.0924493415      0.939254937     0.0101937026    0.00896683471       1.00036525       2.00049944       1.00061506             0.05  0.000625026493  0.000624336914  152
     0.0674502405      0.939255137     0.0102007396    0.00897299873       1.00036518       2.00049901       1.00061477             0.05  0.000625026493  0.000624624645  151
     0.0424493527      0.939252781     0.0101938953    0.00895646302       1.00036508       2.00049949       1.00061492             0.05  0.000625026493  0.000625010284  150
     0.0174502174      0.939255905     0.0102013735    0.00897172831       1.00036518       2.00049946         1.000615             0.05  0.000625026493  0.000625311273  149
     0.0895254884      0.911381763     0.0026725189    -0.0062514171      0.999954577       1.99997446      0.999941808             0.05  0.000625026493  0.000624781128  148
     0.0645250255      0.911381666    0.00266794819   -0.00624886951      0.999954711        1.9999746      0.999942012             0.05  0.000625026493  0.000624961975  147
      0.039525393      0.911382536    0.00267211906   -0.00624522484      0.999954722       1.99997462      0.999942033             0.05  0.000625026493  0.000625177043  146
     0.0145251312      0.911382093     0.0026681105   -0.00624862918      0.999954704       1.99997462      0.999942013             0.05  0.000625026493  0.000625341142  145
     0.0887859056      0.888124385    0.00395788865    0.00436400366       1.00025897       2.00027855       1.00039828             0.05  0.000625026493  0.000624684698  144
     0.0637866085      0.888123629    0.00396214429    0.00436121083       1.00025893        2.0002785       1.00039822             0.05  0.000625026493  0.000624794563  143
     0.0387858756       0.88812348    0.00395825993     0.0043589927       1.00025902        2.0002786       1.00039835             0.05  0.000625026493  0.000624935271  142
     0.0137865619      0.888124166    0.00396184409    0.00436193916       1.00025891       2.00027849       1.00039819             0.05  0.000625026493  0.000625044096  141
     0.0881579064      0.862335223    0.00243803316   -0.00186499428       1.00002265       2.00002455       1.00003492             0.05  0.000625026493  0.000624893141  140
     0.0631579177      0.862335033    0.00243858233   -0.00186464797       1.00002286       2.00002476       1.00003524             0.05  0.000625026493  0.000624968538  139
     0.0381577846      0.862335274    0.00243789429   -0.00186320624       1.00002277       2.00002468       1.00003511             0.05  0.000625026493  0.000625061707  138
     0.0131578745      0.862335455     0.0024385606   -0.00186354739       1.00002272       2.00002463       1.00003504             0.05  0.000625026493  0.000625134289  137
     0.0877756468      0.837397247    0.00113801778   0.000220725647      0.999992812       1.99999694      0.999991282             0.05  0.000625026493  0.000624955018  136
      0.062775503      0.837397044    0.00113698703   0.000219985325      0.999992845       1.99999697      0.999991332             0.05  0.000625026493  0.000625000656  135
      0.037775608      0.837397029    0.00113809537   0.000219592855      0.999992813       1.99999694      0.999991283             0.05  0.000625026493  0.000625059346  134
     0.0127755053      0.837397202    0.00113720497   0.000220289923      0.999992761       1.99999689      0.999991205             0.05  0.000625026493  0.000625105839  133
     0.0876239349      0.812763426   0.000643623617    0.00106759712       1.00003315       2.00003444       1.00005037             0.05  0.000625026493  0.000624964861  132
     0.0626239758      0.812763247   0.000643892196    0.00106684937       1.00003325       2.00003454       1.00005052             0.05  0.000625026493  0.000624990374  131
     0.0376238581      0.812763312   0.000643446657     0.0010674153       1.00003324       2.00003454       1.00005051             0.05  0.000625026493  0.000625021877  130
     0.0126239126      0.812763452   0.000643730228    0.00106783872       1.00003314       2.00003443       1.00005036             0.05  0.000625026493  0.000625046642  129
     0.0875480369      0.787220552     0.0002701048   -0.00152243527      0.999897358       1.99989596      0.999845345             0.05  0.000625026493  0.000625071786  128
     0.0625480484      0.787220561   0.000270227308     -0.001522555      0.999897394         1.999896      0.999845399             0.05  0.000625026493  0.000625084125  127
     0.0375480103      0.787220562   0.000270013509    -0.0015224999      0.999897373       1.99989598      0.999845368             0.05  0.000625026493  0.000625099313  126
     0.0125480458      0.787220543   0.000270319193   -0.00152245988      0.999897337       1.99989594      0.999845313             0.05  0.000625026493  0.000625111398  125
     0.0875178753      0.762751625   0.000113439535    0.00167942942       1.00001705       2.00001891        1.0000265             0.05  0.000625026493  0.000625006411  124
     0.0625178656      0.762751578   0.000113351113    0.00167897742       1.00001708       2.00001895       1.00002656             0.05  0.000625026493  0.000625011953  123
     0.0375178542      0.762751576   0.000113320519    0.00167900672       1.00001708       2.00001895       1.00002656             0.05  0.000625026493  0.000625018934  122
     0.0125178384      0.762751617   0.000113193528    0.00167940185       1.00001705       2.00001892       1.00002651             0.05  0.000625026493  0.000625024617  121
     0.0875064336      0.737338691    4.5321685e-05   -0.00125742949      0.999919032       1.99991675      0.999877411             0.05  0.000625026493  0.00062507436  120
     0.0625064319      0.737338728   4.52835604e-05   -0.00125728287      0.999919044       1.99991676       0.99987743             0.05  0.000625026493  0.000625077095  119
     0.0375064325      0.737338727    4.5262878e-05   -0.00125727058      0.999919041       1.99991676      0.999877424             0.05  0.000625026493  0.000625079973  118
     0.0125064338      0.737338688   4.52809442e-05   -0.00125743817      0.999919028       1.99991675      0.999877404             0.05  0.000625026493  0.000625081927  117
      0.087502129      0.712591363   1.60980778e-05   0.000907217842      0.999982431       1.99998349      0.999974175             0.05  0.000625026493  0.000625035723  116
     0.0625021334       0.71259137   1.61325096e-05   0.000907162817      0.999982432       1.99998349      0.999974177             0.05  0.000625026493  0.000625036481  115
     0.0375021329      0.712591365   1.60686111e-05   0.000907135607      0.999982434       1.99998349       0.99997418             0.05  0.000625026493  0.000625037626  114
     0.0125021332      0.712591358   1.60839968e-05   0.000907180105      0.999982433       1.99998349      0.999974179             0.05  0.000625026493  0.000625038736  113
     0.0875006993      0.687481198   5.80245119e-06  -0.000349850898       0.99996163       1.99996053      0.999941896             0.05  0.000625026493  0.00062505035  112
     0.0625006989      0.687481207   5.80060307e-06  -0.000349768445      0.999961628       1.99996053      0.999941893             0.05  0.000625026493  0.000625050959  111
     0.0375007019      0.687481208   5.80743113e-06   -0.00034976377      0.999961629       1.99996053      0.999941895             0.05  0.000625026493  0.000625051382  110
     0.0125007013      0.687481199   5.80100669e-06  -0.000349850304      0.999961631       1.99996053      0.999941897             0.05  0.000625026493  0.00062505147  109
     0.0875002126      0.662484638   1.88275328e-06   8.74933019e-05      0.999956901       1.99995638       0.99993509             0.05  0.000625026493  0.000625053474  108
      0.062500213      0.662484645   1.88446083e-06   8.75364994e-05      0.999956895       1.99995637      0.999935081             0.05  0.000625026493  0.000625053592  107
     0.0375002172      0.662484644   1.90061894e-06   8.75234872e-05      0.999956896       1.99995637      0.999935082             0.05  0.000625026493  0.000625053742  106
     0.0125002164      0.662484637   1.89385128e-06   8.74787809e-05      0.999956901       1.99995638      0.999935091             0.05  0.000625026493  0.000625053872  105
     0.0875000646      0.637537018    6.1102017e-07   0.000212231949      0.999979406       1.99997899      0.999968901             0.05  0.000625026493  0.00062503946  104
     0.0625000647      0.637537016   6.11866093e-07   0.000212225588      0.999979404       1.99997899      0.999968896             0.05  0.000625026493  0.000625039628  103
     0.0375000644      0.637537016   6.09716918e-07    0.00021223026      0.999979404       1.99997899      0.999968897             0.05  0.000625026493  0.000625039679  102
     0.0125000646      0.637537018   6.11538996e-07   0.000212236027      0.999979407       1.99997899      0.999968901             0.05  0.000625026493  0.000625039595  101
     0.0875000184      0.612465245   1.79079246e-07  -0.000211409605      0.999957017       1.99995566      0.999934846             0.05  0.000625026493  0.000625053878  100
     0.0625000183      0.612465246   1.79884458e-07  -0.000211400536      0.999957014       1.99995565      0.999934842             0.05  0.000625026493  0.000625054045  99
     0.0375000188      0.612465246   1.94060219e-07  -0.000211399685      0.999957014       1.99995565      0.999934842             0.05  0.000625026493  0.000625054062  98
     0.0125000189      0.612465246   1.93289621e-07  -0.000211408937      0.999957017       1.99995566      0.999934846             0.05  0.000625026493  0.000625053922  97
     0.0875000052      0.587526731   5.10143587e-08   0.000271664032      0.999980854       1.99998035      0.999971027             0.05  0.000625026493  0.000625038695  96
     0.0625000053       0.58752673   5.15355872e-08   0.000271655639      0.999980854       1.99998035      0.999971027             0.05  0.000625026493  0.000625038792  95
     0.0375000051       0.58752673    5.9137109e-08   0.000271654883      0.999980854       1.99998035      0.999971027             0.05  0.000625026493  0.000625038797  94
      0.012500005      0.587526731   5.82890486e-08   0.000271663214      0.999980854       1.99998035      0.999971027             0.05  0.000625026493  0.000625038708  93
     0.0875000014      0.562484781   1.59487573e-08  -0.000137178533      0.999970834       1.99996962      0.999955644             0.05  0.000625026493  0.000625045229  92
     0.0625000013       0.56248478   1.50946543e-08  -0.000137173706      0.999970836       1.99996962      0.999955646             0.05  0.000625026493  0.000625045413  91
     0.0375000014       0.56248478   1.55515329e-08  -0.000137172779      0.999970835       1.99996962      0.999955646             0.05  0.000625026493  0.000625045415  90
     0.0125000015      0.562484781   1.64847812e-08  -0.000137177624      0.999970834       1.99996962      0.999955643             0.05  0.000625026493  0.000625045233  89
     0.0875000003      0.537503221    8.3506185e-09   0.000115575032      0.999978822       1.99997828      0.999967962             0.05  0.000625026493  0.000625039998  88
     0.0625000003      0.537503221   8.34769294e-09   0.000115577142      0.999978823       1.99997828      0.999967963             0.05  0.000625026493  0.000625040076  87
     0.0375000004      0.537503221   3.05970916e-10    0.00011557728      0.999978823       1.99997828      0.999967963             0.05  0.000625026493  0.000625040076  86
     0.0125000005      0.537503221     3.252608e-10   0.000115575164      0.999978822       1.99997828      0.999967962             0.05  0.000625026493  0.000625039999  85
     0.0875000003      0.512500617   3.33898753e-09   4.50200663e-06      0.999981593       1.99998105      0.999972119             0.05  0.000625026493  0.000625038242  84
     0.0625000003      0.512500617   3.36937103e-09   4.49396323e-06      0.999981593       1.99998105      0.999972118             0.05  0.000625026493  0.000625038344  83
     0.0374999999      0.512500617  -1.00323001e-09   4.49382015e-06      0.999981593       1.99998105      0.999972118             0.05  0.000625026493  0.000625038344  82
     0.0124999999      0.512500617  -1.04525037e-09   4.50186197e-06      0.999981593       1.99998105      0.999972119             0.05  0.000625026493  0.000625038242  81
     0.0875000001      0.487492744  -2.14953321e-09   3.93872132e-07      0.999979209       1.99997873      0.999968576             0.05  0.000625026493  0.000625039699  80
     0.0625000001      0.487492744  -2.21688679e-09   3.92375667e-07      0.999979208       1.99997873      0.999968575             0.05  0.000625026493  0.00062503976  79
           0.0375      0.487492744   2.75418162e-09   3.92441155e-07      0.999979208       1.99997873      0.999968575             0.05  0.000625026493  0.00062503976  78
           0.0125      0.487492744   2.82276965e-09   3.93937199e-07      0.999979209       1.99997873      0.999968576             0.05  0.000625026493  0.000625039699  77
     0.0874999999       0.46250243  -1.25264706e-09   6.25092359e-05      0.999985436        1.9999851      0.999977984             0.05  0.000625026493  0.000625035737  76
     0.0624999999       0.46250243  -1.18692258e-09    6.2513601e-05      0.999985436        1.9999851      0.999977985             0.05  0.000625026493  0.000625035793  75
     0.0375000001       0.46250243   1.40560025e-09   6.25136204e-05      0.999985436        1.9999851      0.999977985             0.05  0.000625026493  0.000625035793  74
     0.0125000001       0.46250243   1.34063458e-09   6.25092552e-05      0.999985436        1.9999851      0.999977984             0.05  0.000625026493  0.000625035737  73
           0.0875      0.437493551   1.17660135e-09  -1.88810323e-05      0.999983033       1.99998248      0.999974273             0.05  0.000625026493  0.000625037315  72
           0.0625      0.437493552   1.20637865e-09  -1.88803643e-05      0.999983033       1.99998248      0.999974274             0.05  0.000625026493  0.000625037388  71
           0.0375      0.437493552  -1.13860329e-09  -1.88804422e-05      0.999983033       1.99998248      0.999974274             0.05  0.000625026493  0.000625037388  70
           0.0125      0.437493551  -1.16864949e-09  -1.88811102e-05      0.999983033       1.99998248      0.999974273             0.05  0.000625026493  0.000625037315  69
           0.0875      0.412498077   5.99668242e-10   4.48428237e-05      0.999987249       1.99998691      0.999980702             0.05  0.000625026493  0.000625034608  68
           0.0625      0.412498077   5.58180204e-10   4.48410399e-05      0.999987249       1.99998691      0.999980702             0.05  0.000625026493  0.000625034657  67
           0.0375      0.412498077  -5.90559181e-10    4.4841046e-05      0.999987248       1.99998691      0.999980702             0.05  0.000625026493  0.000625034657  66
           0.0125      0.412498077  -5.49069096e-10   4.48428298e-05      0.999987249       1.99998691      0.999980702             0.05  0.000625026493  0.000625034608  65
           0.0875      0.387496287  -4.39835998e-10   5.43599788e-06      0.999988619       1.99998827      0.999982754             0.05  0.000625026493  0.000625033754  64
           0.0625      0.387496287  -4.46921659e-10   5.43584011e-06      0.999988618       1.99998827      0.999982754             0.05  0.000625026493  0.000625033808  63
           0.0375      0.387496287   4.41971591e-10   5.43587042e-06      0.999988618       1.99998827      0.999982754             0.05  0.000625026493  0.000625033808  62
           0.0125      0.387496287   4.49075714e-10   5.43602818e-06      0.999988619       1.99998827      0.999982754             0.05  0.000625026493  0.000625033754  61
           0.0875      0.362495248  -2.13866658e-10   1.44458921e-05      0.999989679       1.99998953      0.999984442             0.05  0.000625026493  0.000625033009  60
           0.0625      0.362495248  -1.95979987e-10   1.44465013e-05      0.999989679       1.99998953      0.999984442             0.05  0.000625026493  0.000625033029  59
           0.0375      0.362495248   2.14362667e-10    1.4446494e-05      0.999989679       1.99998953      0.999984442             0.05  0.000625026493  0.000625033029  58
           0.0125      0.362495248   1.96470387e-10   1.44458849e-05      0.999989679       1.99998953      0.999984442             0.05  0.000625026493  0.000625033009  57
           0.0875       0.33749665   1.37756807e-10    2.2532523e-05      0.999992476       1.99999248      0.999988716             0.05  0.000625026493  0.000625031182  56
           0.0625       0.33749665    1.3855589e-10   2.25325532e-05      0.999992476       1.99999248      0.999988716             0.05  0.000625026493  0.00062503118  55
           0.0375       0.33749665  -1.37646104e-10   2.25325447e-05      0.999992476       1.99999248      0.999988716             0.05  0.000625026493  0.00062503118  54
           0.0125       0.33749665  -1.38444074e-10   2.25325145e-05      0.999992476       1.99999248      0.999988716             0.05  0.000625026493  0.000625031182  53
           0.0875       0.31249501   6.17339034e-11   7.88986845e-06      0.999993323       1.99999331      0.999989977             0.05  0.000625026493  0.00062503064  52
           0.0625       0.31249501   5.62141164e-11    7.8896949e-06      0.999993323       1.99999331      0.999989977             0.05  0.000625026493  0.00062503063  51
           0.0375       0.31249501  -6.17083174e-11   7.88969792e-06      0.999993323       1.99999331      0.999989977             0.05  0.000625026493  0.00062503063  50
           0.0125       0.31249501  -5.61884733e-11   7.88987146e-06      0.999993323       1.99999331      0.999989977             0.05  0.000625026493  0.00062503064  49
           0.0875      0.287495688  -3.68655966e-11   2.24145116e-05      0.999996455       1.99999645      0.999994681             0.05  0.000625026493  0.000625028668  48
           0.0625      0.287495688  -3.67496934e-11   2.24145066e-05      0.999996455       1.99999645      0.999994681             0.05  0.000625026493  0.000625028653  47
           0.0375      0.287495688   3.68730033e-11   2.24145086e-05      0.999996455       1.99999645      0.999994681             0.05  0.000625026493  0.000625028653  46
           0.0125      0.287495688   3.67529813e-11   2.24145136e-05      0.999996455       1.99999645      0.999994681             0.05  0.000625026493  0.000625028668  45
           0.0875       0.26249544  -1.49983349e-11   1.50835583e-05      0.999999855       1.99999977      0.999999739             0.05  0.000625026493  0.000625026579  44
           0.0625       0.26249544  -1.36418027e-11   1.50836007e-05      0.999999855       1.99999977      0.999999739             0.05  0.000625026493  0.000625026577  43
           0.0375       0.26249544    1.5000971e-11   1.50835998e-05      0.999999855       1.99999977      0.999999739             0.05  0.000625026493  0.000625026577  42
           0.0125       0.26249544   1.36431362e-11   1.50835574e-05      0.999999855       1.99999977      0.999999739             0.05  0.000625026493  0.000625026579  41
           0.0875      0.237495273   8.73676198e-12   1.64512501e-05       1.00000402       2.00000397         1.000006             0.05  0.000625026493  0.000625023982  40
           0.0625      0.237495273   8.63835394e-12   1.64512503e-05       1.00000402       2.00000397         1.000006             0.05  0.000625026493  0.00062502398  39
           0.0375      0.237495273   -8.7376317e-12   1.64512499e-05       1.00000402       2.00000397         1.000006             0.05  0.000625026493  0.00062502398  38
           0.0125      0.237495273  -8.63508432e-12   1.64512497e-05       1.00000402       2.00000397         1.000006             0.05  0.000625026493  0.000625023982  37
           0.0875      0.212495726   3.18216205e-12   1.88430269e-05       1.00000921        2.0000093       1.00001386             0.05  0.000625026493  0.000625020709  36
           0.0625      0.212495726    2.8967075e-12   1.88430177e-05       1.00000921        2.0000093       1.00001386             0.05  0.000625026493  0.000625020699  35
           0.0375      0.212495726  -3.18211609e-12   1.88430179e-05       1.00000921        2.0000093       1.00001386             0.05  0.000625026493  0.000625020699  34
           0.0125      0.212495726  -2.89522963e-12   1.88430271e-05       1.00000921        2.0000093       1.00001386             0.05  0.000625026493  0.000625020709  33
           0.0875      0.187495824  -1.85942676e-12   1.56308163e-05       1.00001365       2.00001389        1.0000206             0.05  0.000625026493  0.000625017894  32
           0.0625      0.187495824  -1.82736322e-12   1.56308164e-05       1.00001365       2.00001389        1.0000206             0.05  0.000625026493  0.000625017871  31
           0.0375      0.187495824   1.86152268e-12   1.56308165e-05       1.00001365       2.00001389        1.0000206             0.05  0.000625026493  0.000625017871  30
           0.0125      0.187495824   1.82501026e-12   1.56308163e-05       1.00001365       2.00001389        1.0000206             0.05  0.000625026493  0.000625017894  29
           0.0875      0.162496307   -5.9318154e-13   1.87268496e-05       1.00001766       2.00001803       1.00002668             0.05  0.000625026493  0.000625015349  28
           0.0625      0.162496307  -5.43737798e-13   1.87268514e-05       1.00001766       2.00001803       1.00002668             0.05  0.000625026493  0.000625015312  27
           0.0375      0.162496307   5.98431732e-13   1.87268514e-05       1.00001766       2.00001803       1.00002668             0.05  0.000625026493  0.000625015312  26
           0.0125      0.162496307   5.42630361e-13   1.87268496e-05       1.00001766       2.00001803       1.00002668             0.05  0.000625026493  0.000625015349  25
           0.0875      0.137496838   3.59719644e-13   1.94571367e-05        1.0000207       2.00002102       1.00003121             0.05  0.000625026493  0.000625013474  24
           0.0625      0.137496838   3.50688758e-13   1.94571366e-05        1.0000207       2.00002102       1.00003121             0.05  0.000625026493  0.000625013446  23
           0.0375      0.137496838  -3.60147034e-13   1.94571366e-05        1.0000207       2.00002102       1.00003121             0.05  0.000625026493  0.000625013446  22
           0.0125      0.137496838  -3.52977659e-13   1.94571367e-05        1.0000207       2.00002102       1.00003121             0.05  0.000625026493  0.000625013474  21
           0.0875      0.112497357   1.00860808e-13   1.97759354e-05       1.00002256        2.0000226       1.00003386             0.05  0.000625026493  0.000625012419  20
           0.0625      0.112497357   9.11922594e-14    1.9775935e-05       1.00002256        2.0000226       1.00003386             0.05  0.000625026493  0.000625012428  19
           0.0375      0.112497357  -9.84973994e-14    1.9775935e-05       1.00002256        2.0000226       1.00003386             0.05  0.000625026493  0.000625012428  18
           0.0125      0.112497357  -9.03953076e-14   1.97759354e-05       1.00002256        2.0000226       1.00003386             0.05  0.000625026493  0.000625012419  17
           0.0875     0.0874979766  -6.89811831e-14   1.97517185e-05       1.00002374       2.00002333       1.00003541             0.05  0.000625026493  0.000625011857  16
           0.0625     0.0874979766  -6.80740528e-14   1.97517185e-05       1.00002374       2.00002333       1.00003541             0.05  0.000625026493  0.000625011928  15
           0.0375     0.0874979766   6.97683317e-14   1.97517185e-05       1.00002374       2.00002333       1.00003541             0.05  0.000625026493  0.000625011928  14
           0.0125     0.0874979766   6.71027038e-14   1.97517185e-05       1.00002374       2.00002333       1.00003541             0.05  0.000625026493  0.000625011857  13
           0.0875     0.0624985558  -2.46367314e-14   1.64915338e-05       1.00002436       2.00002339       1.00003605             0.05  0.000625026493  0.000625011681  12
           0.0625     0.0624985558  -2.33173669e-14   1.64915337e-05       1.00002436       2.00002339       1.00003605             0.05  0.000625026493  0.000625011824  11
           0.0375     0.0624985558   2.49982271e-14   1.64915337e-05       1.00002436       2.00002339       1.00003605             0.05  0.000625026493  0.000625011824  10
           0.0125     0.0624985558   2.36272318e-14   1.64915338e-05       1.00002436       2.00002339       1.00003605             0.05  0.000625026493  0.000625011681  9
           0.0875     0.0374991369   1.59365665e-15   1.11765284e-05       1.00002464       2.00002317       1.00003623             0.05  0.000625026493  0.000625011629  8
           0.0625     0.0374991369    2.8120464e-15   1.11765283e-05       1.00002464       2.00002317       1.00003623             0.05  0.000625026493  0.000625011814  7
           0.0375     0.0374991369  -2.06456676e-15   1.11765283e-05       1.00002464       2.00002317       1.00003623             0.05  0.000625026493  0.000625011814  6
           0.0125     0.0374991369  -1.05031903e-15   1.11765284e-05       1.00002464       2.00002317       1.00003623             0.05  0.000625026493  0.000625011629  5
           0.0875     0.0124997179  -3.98722152e-15   4.03411378e-06       1.00002477       2.00002302       1.00003628             0.05  0.000625026493  0.000625011482  4
           0.0625     0.0124997179  -4.44813648e-15   4.03411374e-06       1.00002477       2.00002302       1.00003628             0.05  0.000625026493  0.000625011646  3
           0.0375     0.0124997179   4.45419812e-15   4.03411374e-06       1.00002477       2.00002302       1.00003628             0.05  0.000625026493  0.000625011646  2
           0.0125     0.0124997179   4.40911803e-15   4.03411378e-06       1.00002477       2.00002302       1.00003628             0.05  0.000625026493  0.000625011482  1
