title='particle position' 
variables=x, y, Ux, Uy, rho, e, p, h=supportlength/2, m, V, ID 
     0.0475960431      0.999999901   -0.00749221119    0.00079388422       1.00106037       2.00302434       1.00257414             0.05  0.000625026493  0.000624528786  160
     0.0382244313        0.9999999      0.061994047   0.000719883177       1.00097328        2.0039284       1.00293939             0.05  0.000625026493  0.000624803672  159
     0.0975942961                1   -0.00750097504    0.00080150452       1.00106628       2.00307349       1.00260466             0.05  0.000625026493  0.000623613473  158
     0.0882214224        0.9999999     0.0620146737   0.000725252437       1.00097932       2.00393404       1.00294826             0.05  0.000625026493  0.000623778732  157
     0.0176333759       0.95297008     0.0290277784    0.00806990158      0.996370653       1.99878129      0.995763512             0.05  0.000625026493  0.000628344291  156
      0.097507506      0.947736612     0.0354736304   -0.00821896348       0.99747726       1.99860508      0.996781557             0.05  0.000625026493  0.00062541297  155
     0.0676268109      0.952958363     0.0289986703    0.00816967769      0.996363184       1.99876372       0.99574729             0.05  0.000625026493  0.000626640399  154
     0.0475106365       0.94772297     0.0354601574   -0.00818961866      0.997458903       1.99858364      0.996752525             0.05  0.000625026493  0.000626661063  153
      0.020138034      0.951645983     0.0233279704    0.00433546497      0.996429424       1.99826419      0.995564617             0.05  0.000625026493  0.000628236032  152
   0.000537384492      0.947744473     0.0380849261   -0.00351200551      0.997454195        1.9982833       0.99659803             0.05  0.000625026493  0.000627871566  151
     0.0701308776      0.951648346     0.0233068133    0.00430062468      0.996422108       1.99825054      0.995550509             0.05  0.000625026493  0.000626519251  150
     0.0505335525      0.947729516     0.0380682518   -0.00357416522      0.997436067       1.99825944       0.99656802             0.05  0.000625026493  0.000626559274  149
      0.095137583      0.899369939   -0.00315746622    0.00356433501       1.00080404       2.00142843       1.00151883             0.05  0.000625026493  0.000624070737  148
     0.0688939187      0.900907709    0.00585804883    0.00117949627       1.00024463       2.00092452       1.00070701             0.05  0.000625026493  0.000624525715  147
     0.0451311664      0.899299475   -0.00316759292    0.00336268486       1.00077787       2.00140054       1.00147869             0.05  0.000625026493  0.000624495375  146
     0.0189074404      0.900908279    0.00588948563    0.00118006015       1.00023708       2.00091669       1.00069553             0.05  0.000625026493  0.000625163725  145
      0.092967341      0.899662512   -0.00254412682    0.00204526092       1.00076177       2.00144186       1.00148324             0.05  0.000625026493  0.000624090903  144
     0.0686748839      0.899968117     0.0103109085    -0.0066006757       1.00025359        2.0009546       1.00073101             0.05  0.000625026493  0.000624532551  143
     0.0429738887      0.899625271   -0.00254493086    0.00187437614       1.00073456       2.00141297       1.00144156             0.05  0.000625026493  0.000624550363  142
     0.0186866099      0.899983441     0.0103865332   -0.00659352951       1.00024608       2.00094698       1.00071969             0.05  0.000625026493  0.000625149578  141
     0.0938374533      0.853451493   -0.00057727904     0.0043922169       1.00339082       2.00370888       1.00525155             0.05  0.000625026493  0.000622693234  140
     0.0708681551      0.853268133    0.00590845758    0.00625364726       1.00323275       2.00355977       1.00501839             0.05  0.000625026493  0.00062288126  139
     0.0438222678      0.853451001  -0.000566048522    0.00447275009       1.00334922       2.00366664       1.00518868             0.05  0.000625026493  0.000622986119  138
     0.0208639664      0.853285046    0.00584930973    0.00627322423        1.0031964       2.00352322       1.00496364             0.05  0.000625026493  0.000623213103  137
     0.0946098889      0.845839249    0.00411645423   -0.00768587329       1.00347225       2.00375454       1.00535604             0.05  0.000625026493  0.00062262674  136
     0.0711405982      0.846737214     0.0103825243   -0.00376463434       1.00334007       2.00364056       1.00516643             0.05  0.000625026493  0.000622815187  135
     0.0446064443      0.845594707    0.00403411206   -0.00863677692       1.00343209       2.00371337       1.00529515             0.05  0.000625026493  0.000622945752  134
     0.0211748432      0.846689852     0.0105306978   -0.00400954511       1.00330567       2.00360625       1.00511476             0.05  0.000625026493  0.000623168735  133
     0.0922696872       0.80831489      0.011020107    0.00455212142        1.0015107        2.0016692       1.00234656             0.05  0.000625026493  0.000623832699  132
     0.0659805467      0.808254097    0.00254429324    0.00404160444       1.00141735       2.00157129       1.00220411             0.05  0.000625026493  0.000624096702  131
     0.0422207978      0.808356722     0.0107231784    0.00481977372       1.00146693       2.00162597       1.00228111             0.05  0.000625026493  0.000624274539  130
      0.015997082      0.808244232     0.0026101552    0.00394644262       1.00140733       2.00156079       1.00218883             0.05  0.000625026493  0.000624464103  129
     0.0873839455      0.790145296  -0.000588214546   -0.00632045936        1.0027591       2.00286663       1.00419637             0.05  0.000625026493  0.000623078451  128
     0.0623608753      0.790414956  -0.000982430442   -0.00221330408        1.0027279       2.00282841       1.00414596             0.05  0.000625026493  0.000623324507  127
     0.0373858096      0.789627257  -0.000506308397   -0.00840623549       1.00274601       2.00285912       1.00417949             0.05  0.000625026493  0.000623539504  126
     0.0123622258      0.790404352   -0.00103344648   -0.00228698962       1.00273695       2.00283737       1.00415951             0.05  0.000625026493  0.00062366744  125
     0.0955102123      0.763553157      0.015279595    0.00155913193      0.999597725       1.99970887      0.999452217             0.05  0.000625026493  0.000625025904  124
     0.0706516437      0.763632584     0.0174262564     0.0025094552      0.999613544       1.99972905      0.999478121             0.05  0.000625026493  0.000625191824  123
     0.0455272219      0.763625249     0.0153572439    0.00204185826      0.999632754         1.999746      0.999505799             0.05  0.000625026493  0.000625394563  122
     0.0206351146      0.763651489     0.0174328567    0.00268175945      0.999614726       1.99973067      0.999480114             0.05  0.000625026493  0.000625561388  121
     0.0858034073      0.733607021   -0.00374335149   -0.00111014278       1.00293845       2.00302427       1.00445503             0.05  0.000625026493  0.000623144201  120
     0.0607501065      0.733439271   -0.00407471051   -0.00134043913       1.00291878       2.00300364       1.00442498             0.05  0.000625026493  0.000623242713  119
     0.0357893343      0.733214222   -0.00383315024   -0.00276431064       1.00296417       2.00305106       1.00449423             0.05  0.000625026493  0.000623281629  118
     0.0107413145      0.733415821    -0.0040792208   -0.00129346128       1.00290712       2.00299219       1.00440756             0.05  0.000625026493  0.000623341438  117
     0.0885141149      0.718900267   -0.00094814732  -0.000703180168        1.0021777       2.00229768       1.00332904             0.05  0.000625026493  0.000623674031  116
     0.0636051786      0.718907974  -0.000563077078   -0.00048570303       1.00221335       2.00233336       1.00338261             0.05  0.000625026493  0.000623678353  115
     0.0385396898      0.718934429   -0.00080175299  -0.000520233024        1.0022388       2.00236019       1.00342154             0.05  0.000625026493  0.000623674661  114
     0.0135762141      0.718913134   -0.00066153605  -0.000477011314       1.00221836       2.00233889        1.0033904             0.05  0.000625026493  0.000623684924  113
     0.0878097633      0.673635265   0.000930554288   -0.00698948864       1.00229025       2.00270668       1.00364668             0.05  0.000625026493  0.000623639639  112
     0.0627897006      0.673628448   0.000744136141   -0.00701546165       1.00230068       2.00271724       1.00366243             0.05  0.000625026493  0.000623643438  111
     0.0378102444      0.673588949   0.000912421446   -0.00705781251        1.0023184       2.00273706       1.00369011             0.05  0.000625026493  0.00062362963  110
     0.0127758271      0.673618455   0.000694180454   -0.00699619811        1.0023031       2.00272018       1.00366633             0.05  0.000625026493  0.000623625607  109
     0.0878348783      0.677787723  -0.000408278693    0.00568573394       1.00235003       2.00269419       1.00370029             0.05  0.000625026493  0.000623606499  108
     0.0628193994      0.677775675  -0.000532995269    0.00550189202       1.00236217       2.00270631       1.00371852             0.05  0.000625026493  0.000623606854  107
     0.0378378678      0.677734577  -0.000383402697    0.00525371465       1.00237994       2.00272447       1.00374541             0.05  0.000625026493  0.00062358936  106
     0.0128036235      0.677773172  -0.000614001923    0.00545566889       1.00236443       2.00270874         1.003722             0.05  0.000625026493  0.000623583017  105
     0.0876451716      0.624100505   0.000368109841    0.00793492092      0.998369115       1.99911484      0.997927257             0.05  0.000625026493  0.0006260082  104
     0.0626555476      0.624096248   0.000420068951    0.00790002557      0.998372955       1.99911864      0.997932991             0.05  0.000625026493  0.000626010242  103
     0.0376454586      0.624087197    0.00036545251    0.00784103779        0.9983818       1.99912774      0.997946376             0.05  0.000625026493  0.000626019173  102
     0.0126512538      0.624093929   0.000401200807    0.00788738845      0.998374435       1.99912028       0.99793529             0.05  0.000625026493  0.000626041527  101
     0.0876603963      0.626970152   0.000451547506   -0.00949384793      0.998371595       1.99904068      0.997892715             0.05  0.000625026493  0.00062600694  100
     0.0626741835      0.626969844   0.000545604507   -0.00950064943      0.998375724       1.99904482      0.997898911             0.05  0.000625026493  0.000626008391  99
     0.0376614329      0.626970573   0.000459491455   -0.00948924334       0.99838486       1.99905411      0.997912678             0.05  0.000625026493  0.000626017098  98
     0.0126671686      0.626970883   0.000502511313   -0.00948988008      0.998377295       1.99904641      0.997901275             0.05  0.000625026493  0.000626039908  97
     0.0875615469        0.5788988   0.000242064294   -0.00465572323       1.00170147        2.0020296         1.002718             0.05  0.000625026493  0.000623970473  96
     0.0625556866      0.578899161   0.000210522134   -0.00465626394       1.00170101       2.00202914       1.00271731             0.05  0.000625026493  0.000623984582  95
     0.0375617954      0.578896443   0.000238693204   -0.00466304616       1.00170074       2.00202889       1.00271691             0.05  0.000625026493  0.000623994507  94
     0.0125561918      0.578898212   0.000206619832   -0.00465156876       1.00170066        2.0020288       1.00271678             0.05  0.000625026493  0.000623995778  93
     0.0875439187      0.571778291    0.00025237835    0.00288799398       1.00184302       2.00210385       1.00289689             0.05  0.000625026493  0.000623886391  92
     0.0625411488      0.571779218   0.000230383742     0.0028958762       1.00184273       2.00210359       1.00289646             0.05  0.000625026493  0.000623900681  91
     0.0375431598      0.571780042   0.000253499761    0.00290385146       1.00184258       2.00210347       1.00289625             0.05  0.000625026493  0.000623909493  90
     0.0125411406      0.571778971   0.000236741873    0.00289957809       1.00184255       2.00210339       1.00289618             0.05  0.000625026493  0.000623908671  89
     0.0875162782      0.533244233   3.80608226e-05   -0.00419804139        1.0014317       2.00159611        1.0022309             0.05  0.000625026493  0.000624150375  88
     0.0625178077      0.533243631   5.04847662e-05   -0.00420658299       1.00143119       2.00159557       1.00223012             0.05  0.000625026493  0.000624161298  87
     0.0375168438      0.533242684   3.97030098e-05   -0.00421455024       1.00143085       2.00159521       1.00222959             0.05  0.000625026493  0.000624164708  86
     0.0125180823      0.533242831   5.07486628e-05   -0.00421157097       1.00143118       2.00159557       1.00223011             0.05  0.000625026493  0.000624159028  85
     0.0874986188      0.516361481   6.47943544e-06    0.00213436377       1.00269753       2.00277021       1.00408637             0.05  0.000625026493  0.000623368825  84
     0.0624979373      0.516360005   3.84952955e-07    0.00213336736       1.00269729        2.0027699       1.00408598             0.05  0.000625026493  0.000623379715  83
      0.037498573      0.516358127   1.41724138e-06    0.00212872135       1.00269708       2.00276966       1.00408564             0.05  0.000625026493  0.00062338155  82
     0.0124980311      0.516359348   8.17257589e-07    0.00212917008       1.00269728       2.00276992       1.00408597             0.05  0.000625026493  0.000623373348  81
     0.0875066725      0.488399955    3.3844006e-05   -0.00439351558       0.99970529       1.99974995        0.9995803             0.05  0.000625026493  0.000625233353  80
     0.0625065899      0.488400157    3.2644402e-05    -0.0043953361      0.999705359       1.99975001        0.9995804             0.05  0.000625026493  0.000625242767  79
     0.0375064188      0.488400354   3.49344942e-05   -0.00439649417      0.999705833        1.9997505      0.999581118             0.05  0.000625026493  0.000625243128  78
     0.0125057953      0.488400031   3.17020118e-05   -0.00439432849      0.999705747       1.99975042      0.999580994             0.05  0.000625026493  0.000625234821  77
      0.087500252      0.459812873  -3.63971773e-06  -0.000171504692       1.00264617       2.00269906       1.00399927             0.05  0.000625026493  0.000623399075  76
     0.0625005024      0.459812148  -1.66119522e-06  -0.000176872084       1.00264621        2.0026991       1.00399933             0.05  0.000625026493  0.000623406049  75
     0.0375003525      0.459810633  -1.31002217e-06  -0.000185391407       1.00264636       2.00269923       1.00399955             0.05  0.000625026493  0.000623406297  74
     0.0125003911      0.459811221  -1.22729288e-06  -0.000181050933       1.00264632       2.00269918       1.00399948             0.05  0.000625026493  0.000623399883  73
     0.0875008624      0.443557451   5.28434019e-06   -0.00204749526       1.00116957       2.00122619       1.00178339             0.05  0.000625026493  0.00062432074  72
     0.0625010982      0.443557532    7.3594964e-06    -0.0020436118       1.00116985       2.00122648       1.00178381             0.05  0.000625026493  0.000624330685  71
      0.037501141      0.443557841   5.63082968e-06   -0.00204398231       1.00117001       2.00122663       1.00178404             0.05  0.000625026493  0.000624330778  70
     0.0125011573      0.443557766   4.67169614e-06   -0.00204751183       1.00116974       2.00122635       1.00178363             0.05  0.000625026493  0.000624321138  69
     0.0875002306      0.404938443   1.08202233e-06     -0.014628837       1.00165532       2.00195701       1.00263545             0.05  0.000625026493  0.000623989071  68
     0.0625002689      0.404938715   7.66790071e-07    -0.0146310907       1.00165539       2.00195705       1.00263553             0.05  0.000625026493  0.000623985455  67
     0.0375002079      0.404938374   1.48924703e-07    -0.0146340036        1.0016555       2.00195719       1.00263572             0.05  0.000625026493  0.000623985406  66
     0.0125000762      0.404938103  -7.54663172e-08    -0.0146317496       1.00165544       2.00195716       1.00263564             0.05  0.000625026493  0.000623989074  65
      0.087500141      0.397141327   1.00484891e-06     0.0122929381        1.0015131       2.00179052       1.00240972             0.05  0.000625026493  0.00062407475  64
     0.0625001633      0.397141052   5.49764816e-07     0.0122911713       1.00151308       2.00179048       1.00240967             0.05  0.000625026493  0.00062407453  63
     0.0375000796      0.397141038   1.03594339e-06     0.0122917556       1.00151323       2.00179064        1.0024099             0.05  0.000625026493  0.000624074454  62
     0.0125000138       0.39714128   1.15764478e-06     0.0122934506       1.00151325       2.00179069       1.00240996             0.05  0.000625026493  0.000624074708  61
     0.0874999954      0.356205455  -4.37119511e-07    -0.0216545409       1.00026354        2.0006503       1.00058878             0.05  0.000625026493  0.000624836717  60
     0.0624999907      0.356205606    3.7256749e-07    -0.0216528185       1.00026355       2.00065031       1.00058879             0.05  0.000625026493  0.000624828718  59
      0.037500063      0.356205786    4.7538588e-07    -0.0216526843       1.00026362       2.00065037       1.00058889             0.05  0.000625026493  0.000624828677  58
     0.0125000898      0.356205642  -2.12567484e-07    -0.0216543312       1.00026361       2.00065036       1.00058887             0.05  0.000625026493  0.000624836681  57
     0.0874999735      0.344864992   9.45662625e-08     0.0205891509       1.00081082       2.00109544       1.00135899             0.05  0.000625026493  0.000624502822  56
     0.0625000232      0.344865036   5.14599539e-07     0.0205896226       1.00081086       2.00109547       1.00135904             0.05  0.000625026493  0.000624498374  55
     0.0375000298       0.34486498  -2.55015457e-08     0.0205889483       1.00081086       2.00109547       1.00135904             0.05  0.000625026493  0.000624498374  54
     0.0124999754      0.344864927  -4.42434548e-07      0.020588425       1.00081083       2.00109543       1.00135899             0.05  0.000625026493  0.000624502823  53
     0.0875000371      0.310258513   2.34554932e-07    -0.0167043842      0.998289356       1.99851812      0.997549685             0.05  0.000625026493  0.000626071082  52
     0.0624999973      0.310258476  -2.90149219e-07    -0.0167047767      0.998289318       1.99851807      0.997549622             0.05  0.000625026493  0.000626064461  51
     0.0374999828      0.310258501  -1.32578333e-07    -0.0167045689      0.998289252       1.99851801      0.997549525             0.05  0.000625026493  0.0006260645  50
     0.0125000156       0.31025854   3.56859165e-07    -0.0167041542       0.99828929       1.99851805      0.997549585             0.05  0.000625026493  0.000626071121  49
     0.0874999946       0.28985357  -1.12064142e-07      0.013353013      0.999800167       1.99996805      0.999784195             0.05  0.000625026493  0.000625118217  48
     0.0624999897      0.289853615  -1.03123545e-07     0.0133532805      0.999800133       1.99996801      0.999784144             0.05  0.000625026493  0.000625106178  47
     0.0375000049      0.289853599   8.73512303e-08     0.0133533182      0.999800149       1.99996803      0.999784169             0.05  0.000625026493  0.000625106166  46
     0.0125000128      0.289853552   9.87338213e-08     0.0133530438      0.999800183       1.99996807      0.999784221             0.05  0.000625026493  0.000625118205  45
     0.0874999982      0.264106585  -5.91393253e-08   -0.00824159701      0.997867217       1.99795801      0.996848399             0.05  0.000625026493  0.000626343338  44
     0.0625000063      0.264106565   7.69250862e-08   -0.00824154154      0.997867226       1.99795802      0.996848414             0.05  0.000625026493  0.000626338475  43
     0.0375000033       0.26410658   6.73796423e-08   -0.00824147399      0.997867257       1.99795805      0.996848462             0.05  0.000625026493  0.000626338456  42
     0.0124999967        0.2641066  -5.44716305e-08   -0.00824153093      0.997867248       1.99795804      0.996848446             0.05  0.000625026493  0.000626343321  41
      0.087499999      0.235991349   4.34755538e-10  -0.000365195622      0.998325141       1.99847829      0.997565559             0.05  0.000625026493  0.000626029089  40
     0.0624999977      0.235991385   2.27696392e-09  -0.000365043122      0.998325145       1.99847829      0.997565565             0.05  0.000625026493  0.000626012215  39
      0.037500002       0.23599138   4.98235284e-09  -0.000365147078      0.998325138       1.99847828      0.997565554             0.05  0.000625026493  0.00062601222  38
     0.0125000025      0.235991344  -2.30712988e-09  -0.000365301914      0.998325135       1.99847828      0.997565549             0.05  0.000625026493  0.000626029096  37
     0.0874999992      0.216443856   1.79959111e-08    0.00414429329      0.997690793       1.99781569      0.996601159             0.05  0.000625026493  0.000626436692  36
     0.0624999994      0.216443825  -1.88218815e-09    0.00414422579      0.997690787       1.99781568       0.99660115             0.05  0.000625026493  0.000626426744  35
      0.037500001      0.216443828  -1.56572045e-08    0.00414427265      0.997690781       1.99781567       0.99660114             0.05  0.000625026493  0.000626426748  34
     0.0125000008      0.216443859     3.494274e-09    0.00414433946      0.997690786       1.99781568      0.996601149             0.05  0.000625026493  0.000626436696  33
     0.0875000014      0.184931595   1.28055181e-09    -0.0100201489      0.996592026       1.99673397      0.994964574             0.05  0.000625026493  0.00062713265  32
     0.0625000007      0.184931616  -5.70405167e-09    -0.0100201116      0.996592024       1.99673396      0.994964571             0.05  0.000625026493  0.000627121773  31
     0.0374999986      0.184931618  -1.12863873e-09    -0.0100201039      0.996592023       1.99673396      0.994964569             0.05  0.000625026493  0.000627121773  30
     0.0124999995      0.184931598   6.84814598e-09    -0.0100201415      0.996592025       1.99673396      0.994964572             0.05  0.000625026493  0.000627132651  29
     0.0874999999      0.166210736  -1.45530991e-08     0.0119969939      0.996861296       1.99696828      0.995350193             0.05  0.000625026493  0.000626974106  28
     0.0625000002      0.166210716  -1.62120347e-08     0.0119968896      0.996861295       1.99696828      0.995350191             0.05  0.000625026493  0.000626968129  27
     0.0375000001      0.166210715   1.49308434e-08     0.0119968857      0.996861296       1.99696828      0.995350192             0.05  0.000625026493  0.000626968128  26
     0.0124999998      0.166210735   1.61168138e-08     0.0119969893      0.996861297       1.99696828      0.995350195             0.05  0.000625026493  0.000626974105  25
     0.0875000003       0.13607051   7.99333528e-09   -0.00917184499      0.995804413       1.99585063      0.993738434             0.05  0.000625026493  0.000627656485  24
     0.0624999997      0.136070516   3.98538847e-09   -0.00917179895      0.995804419       1.99585064      0.993738444             0.05  0.000625026493  0.000627656294  23
     0.0374999997      0.136070517  -7.82517787e-09   -0.00917178461       0.99580442       1.99585064      0.993738444             0.05  0.000625026493  0.000627656293  22
     0.0125000003      0.136070511  -3.97578861e-09   -0.00917183068      0.995804414       1.99585063      0.993738435             0.05  0.000625026493  0.000627656485  21
     0.0874999997      0.114121215   5.22141431e-09    0.00797998146      0.996496907       1.99653146      0.994768714             0.05  0.000625026493  0.000627218669  20
     0.0624999997      0.114121217   1.21040474e-08      0.007979968      0.996496907       1.99653146      0.994768714             0.05  0.000625026493  0.000627216575  19
     0.0375000003      0.114121217   -5.2631115e-09     0.0079799659      0.996496907       1.99653146      0.994768714             0.05  0.000625026493  0.000627216574  18
     0.0125000003      0.114121215  -1.20285457e-08    0.00797997927      0.996496907       1.99653146      0.994768714             0.05  0.000625026493  0.000627218669  17
     0.0875000002     0.0878677054  -3.28824665e-09   -0.00234218395      0.995618921       1.99559157      0.993424362             0.05  0.000625026493  0.000627789115  16
     0.0625000004     0.0878676971  -4.74365357e-11   -0.00234223604      0.995618921       1.99559157       0.99342436             0.05  0.000625026493  0.000627794536  15
     0.0374999998     0.0878676971   3.29611779e-09   -0.00234223945       0.99561892       1.99559157       0.99342436             0.05  0.000625026493  0.000627794536  14
     0.0124999996     0.0878677054   5.89365308e-11   -0.00234218739      0.995618921       1.99559157      0.993424361             0.05  0.000625026493  0.000627789115  13
     0.0874999995     0.0619018675  -4.38373475e-09   -0.00125104447      0.995857911       1.99584594      0.993789486             0.05  0.000625026493  0.000627657733  12
     0.0624999995     0.0619018824  -9.24659497e-09   -0.00125093784      0.995857908       1.99584594      0.993789483             0.05  0.000625026493  0.000627668789  11
     0.0375000005     0.0619018823   4.39369001e-09   -0.00125094079      0.995857908       1.99584594      0.993789482             0.05  0.000625026493  0.000627668789  10
     0.0125000005     0.0619018674   9.24266127e-09   -0.00125104744       0.99585791       1.99584594      0.993789485             0.05  0.000625026493  0.000627657733  9
     0.0874999999     0.0391730488   2.11014977e-09     0.0047123919      0.995321577       1.99528907      0.992977132             0.05  0.000625026493  0.000628059334  8
     0.0624999999     0.0391730234  -1.73350153e-09    0.00471223146      0.995321579       1.99528908      0.992977137             0.05  0.000625026493  0.000628092837  7
     0.0375000001     0.0391730233  -2.11259454e-09    0.00471223482      0.995321579       1.99528908      0.992977137             0.05  0.000625026493  0.000628092837  6
     0.0125000001     0.0391730488   1.73793388e-09    0.00471239525      0.995321577       1.99528907      0.992977132             0.05  0.000625026493  0.000628059334  5
     0.0875000006     0.0106829349   3.06130971e-09   -0.00671922222      0.995253484       1.99523149      0.992880547             0.05  0.000625026493  0.000628073599  4
     0.0625000006     0.0106829643   7.05279731e-09   -0.00671901838      0.995253485        1.9952315      0.992880553             0.05  0.000625026493  0.000628096042  3
     0.0374999994     0.0106829644  -3.06003061e-09   -0.00671901473      0.995253486        1.9952315      0.992880553             0.05  0.000625026493  0.000628096041  2
     0.0124999994     0.0106829349  -7.05335729e-09   -0.00671921857      0.995253484       1.99523149      0.992880547             0.05  0.000625026493  0.000628073599  1
