title='particle position' 
variables=x, y, Ux, Uy, rho, e, p, h=supportlength/2, m, V, ID 
     0.0875002726           1.2375   0.000434890016    1.9924214e-10                1       2.50000017       1.00000007            0.025  0.000624461818  0.000624461408  200
     0.0625002726           1.2375   0.000434889985   2.08905643e-10                1       2.50000017       1.00000007            0.025  0.000624461818  0.000624461818  199
     0.0375002726           1.2375   0.000434889996   2.08905717e-10                1       2.50000017       1.00000007            0.025  0.000624461818  0.000624461818  198
     0.0125002726           1.2375   0.000434889964   1.99241655e-10                1       2.50000017       1.00000007            0.025  0.000624461818  0.000624462228  197
     0.0875004503           1.2125   0.000817282314   -5.4874316e-11                1       2.50000004       1.00000002            0.025  0.000624461818  0.000624461075  196
     0.0625004503           1.2125   0.000817282274   -4.0628336e-11                1       2.50000004       1.00000002            0.025  0.000624461818  0.000624461818  195
     0.0375004503           1.2125   0.000817282247  -4.06284026e-11                1       2.50000004       1.00000002            0.025  0.000624461818  0.000624461818  194
     0.0125004503           1.2125   0.000817282207  -5.48737336e-11                1       2.50000004       1.00000002            0.025  0.000624461818  0.000624462562  193
     0.0875005003           1.1875   0.000957828022  -5.22514111e-11                1              2.5                1            0.025  0.000624461818  0.000624460921  192
     0.0625005003           1.1875   0.000957828003  -4.22828941e-11                1              2.5                1            0.025  0.000624461818  0.000624461818  191
     0.0375005003           1.1875   0.000957827981  -4.22829029e-11                1              2.5                1            0.025  0.000624461818  0.000624461818  190
     0.0125005003           1.1875   0.000957827961  -5.22512482e-11                1              2.5                1            0.025  0.000624461818  0.000624462716  189
     0.0875005126           1.1625    0.00100123675   -1.8374153e-11                1              2.5                1            0.025  0.000624461818  0.000624460871  188
     0.0625005126           1.1625    0.00100123675  -1.39191157e-11                1              2.5                1            0.025  0.000624461818  0.000624461818  187
     0.0375005126           1.1625    0.00100123674  -1.39191162e-11                1              2.5                1            0.025  0.000624461818  0.000624461818  186
     0.0125005126           1.1625    0.00100123673   -1.8374151e-11                1              2.5                1            0.025  0.000624461818  0.000624462765  185
     0.0875005152           1.1375    0.00101256532  -4.99765933e-12                1              2.5                1            0.025  0.000624461818  0.000624460858  184
     0.0625005152           1.1375    0.00101256532  -3.53775079e-12                1              2.5                1            0.025  0.000624461818  0.000624461818  183
     0.0375005152           1.1375    0.00101256532  -3.53775703e-12                1              2.5                1            0.025  0.000624461818  0.000624461818  182
     0.0125005152           1.1375    0.00101256531  -4.99767297e-12                1              2.5                1            0.025  0.000624461818  0.000624462779  181
     0.0875005157           1.1125    0.00101507098  -1.16050336e-12                1              2.5                1            0.025  0.000624461818  0.000624460855  180
     0.0625005157           1.1125    0.00101507098  -7.84204646e-13                1              2.5                1            0.025  0.000624461818  0.000624461818  179
     0.0375005157           1.1125    0.00101507098  -7.84209329e-13                1              2.5                1            0.025  0.000624461818  0.000624461818  178
     0.0125005157           1.1125    0.00101507098  -1.16050933e-12                1              2.5                1            0.025  0.000624461818  0.000624462782  177
     0.0875005157           1.0875    0.00101554024  -2.33542248e-13                1              2.5                1            0.025  0.000624461818  0.000624460854  176
     0.0625005157           1.0875    0.00101554024  -1.54646712e-13                1              2.5                1            0.025  0.000624461818  0.000624461818  175
     0.0375005157           1.0875    0.00101554024  -1.54642826e-13                1              2.5                1            0.025  0.000624461818  0.000624461818  174
     0.0125005157           1.0875    0.00101554024  -2.33543879e-13                1              2.5                1            0.025  0.000624461818  0.000624462783  173
     0.0875005157           1.0625     0.0010156142  -4.04231509e-14                1              2.5                1            0.025  0.000624461818  0.000624460854  172
     0.0625005157           1.0625     0.0010156142  -2.68535194e-14                1              2.5                1            0.025  0.000624461818  0.000624461818  171
     0.0375005157           1.0625     0.0010156142  -2.68527908e-14                1              2.5                1            0.025  0.000624461818  0.000624461818  170
     0.0125005157           1.0625     0.0010156142   -4.0425302e-14                1              2.5                1            0.025  0.000624461818  0.000624462783  169
     0.0875005157           1.0375    0.00101562388  -5.96234867e-15                1              2.5                1            0.025  0.000624461818  0.000624460854  168
     0.0625005157           1.0375    0.00101562388  -4.05828149e-15                1              2.5                1            0.025  0.000624461818  0.000624461818  167
     0.0375005157           1.0375    0.00101562388  -4.05966927e-15                1              2.5                1            0.025  0.000624461818  0.000624461818  166
     0.0125005157           1.0375    0.00101562388  -5.96148131e-15                1              2.5                1            0.025  0.000624461818  0.000624462783  165
     0.0875005157           1.0125    0.00101562491  -6.28663788e-16                1              2.5                1            0.025  0.000624461818  0.000624460854  164
     0.0625005157           1.0125    0.00101562491  -4.15223411e-16                1              2.5                1            0.025  0.000624461818  0.000624461818  163
     0.0375005157           1.0125    0.00101562491  -4.15015244e-16                1              2.5                1            0.025  0.000624461818  0.000624461818  162
     0.0125005157           1.0125    0.00101562491  -6.27137231e-16                1              2.5                1            0.025  0.000624461818  0.000624462783  161
     0.0875005157           0.9875    0.00101562499  -9.46812073e-17                1              2.5                1            0.025  0.000624461818  0.000624460854  160
     0.0625005157           0.9875    0.00101562499  -7.72992781e-17                1              2.5                1            0.025  0.000624461818  0.000624461818  159
     0.0375005157           0.9875    0.00101562499  -7.55645546e-17                1              2.5                1            0.025  0.000624461818  0.000624461818  158
     0.0125005157           0.9875    0.00101562499  -9.39526235e-17                1              2.5                1            0.025  0.000624461818  0.000624462783  157
     0.0875005157           0.9625      0.001015625   3.46944695e-19                1              2.5                1            0.025  0.000624461818  0.000624460854  156
     0.0625005157           0.9625      0.001015625   1.94289029e-18                1              2.5                1            0.025  0.000624461818  0.000624461818  155
     0.0375005157           0.9625      0.001015625   1.94289029e-18                1              2.5                1            0.025  0.000624461818  0.000624461818  154
     0.0125005157           0.9625      0.001015625  -1.38777878e-19                1              2.5                1            0.025  0.000624461818  0.000624462783  153
     0.0875005157           0.9375      0.001015625  -5.55111512e-19                1              2.5                1            0.025  0.000624461818  0.000624460854  152
     0.0625005157           0.9375      0.001015625  -4.16333634e-19                1              2.5                1            0.025  0.000624461818  0.000624461818  151
     0.0375005157           0.9375      0.001015625  -3.81639165e-19                1              2.5                1            0.025  0.000624461818  0.000624461818  150
     0.0125005157           0.9375      0.001015625  -9.71445147e-19                1              2.5                1            0.025  0.000624461818  0.000624462783  149
     0.0875005157           0.9125      0.001015625  -4.82253126e-18                1              2.5                1            0.025  0.000624461818  0.000624460854  148
     0.0625005157           0.9125      0.001015625  -6.10622664e-18                1              2.5                1            0.025  0.000624461818  0.000624461818  147
     0.0375005157           0.9125      0.001015625  -4.99600361e-18                1              2.5                1            0.025  0.000624461818  0.000624461818  146
     0.0125005157           0.9125      0.001015625  -4.16333634e-18                1              2.5                1            0.025  0.000624461818  0.000624462783  145
     0.0875005157           0.8875      0.001015625   3.20923843e-17                1              2.5                1            0.025  0.000624461818  0.000624460854  144
     0.0625005157           0.8875      0.001015625   3.10862447e-17                1              2.5                1            0.025  0.000624461818  0.000624461818  143
     0.0375005157           0.8875      0.001015625   2.96984659e-17                1              2.5                1            0.025  0.000624461818  0.000624461818  142
     0.0125005157           0.8875      0.001015625   3.13638004e-17                1              2.5                1            0.025  0.000624461818  0.000624462783  141
     0.0875005157           0.8625      0.001015625  -3.28556626e-17                1              2.5                1            0.025  0.000624461818  0.000624460854  140
     0.0625005157           0.8625      0.001015625  -3.16413562e-17                1              2.5                1            0.025  0.000624461818  0.000624461818  139
     0.0375005157           0.8625      0.001015625  -3.18842175e-17                1              2.5                1            0.025  0.000624461818  0.000624461818  138
     0.0125005157           0.8625      0.001015625  -3.20576898e-17                1              2.5                1            0.025  0.000624461818  0.000624462783  137
     0.0875005157           0.8375      0.001015625   3.26128013e-18                1              2.5                1            0.025  0.000624461818  0.000624460854  136
     0.0625005157           0.8375      0.001015625   4.85722573e-18                1              2.5                1            0.025  0.000624461818  0.000624461818  135
     0.0375005157           0.8375      0.001015625    6.0368377e-18                1              2.5                1            0.025  0.000624461818  0.000624461818  134
     0.0125005157           0.8375      0.001015625   3.05311332e-18                1              2.5                1            0.025  0.000624461818  0.000624462783  133
     0.0875005157           0.8125      0.001015625  -2.08166817e-19                1              2.5                1            0.025  0.000624461818  0.000624460854  132
     0.0625005157           0.8125      0.001015625  -9.71445147e-19                1              2.5                1            0.025  0.000624461818  0.000624461818  131
     0.0375005157           0.8125      0.001015625  -2.77555756e-19                1              2.5                1            0.025  0.000624461818  0.000624461818  130
     0.0125005157           0.8125      0.001015625  -1.38777878e-19                1              2.5                1            0.025  0.000624461818  0.000624462783  129
     0.0875005157           0.7875      0.001015625  -3.40005801e-18                1              2.5                1            0.025  0.000624461818  0.000624460854  128
     0.0625005157           0.7875      0.001015625  -5.82867088e-18                1              2.5                1            0.025  0.000624461818  0.000624461818  127
     0.0375005157           0.7875      0.001015625  -4.16333634e-18                1              2.5                1            0.025  0.000624461818  0.000624461818  126
     0.0125005157           0.7875      0.001015625  -3.05311332e-18                1              2.5                1            0.025  0.000624461818  0.000624462783  125
     0.0875005157           0.7625      0.001015625   3.37230244e-17                1              2.5                1            0.025  0.000624461818  0.000624460854  124
     0.0625005157           0.7625      0.001015625   3.21964677e-17                1              2.5                1            0.025  0.000624461818  0.000624461818  123
     0.0375005157           0.7625      0.001015625   3.27862737e-17                1              2.5                1            0.025  0.000624461818  0.000624461818  122
     0.0125005157           0.7625      0.001015625   3.33066907e-17                1              2.5                1            0.025  0.000624461818  0.000624462783  121
     0.0875005157           0.7375      0.001015625  -3.16760507e-17                1              2.5                1            0.025  0.000624461818  0.000624460854  120
     0.0625005157           0.7375      0.001015625  -3.10862447e-17                1              2.5                1            0.025  0.000624461818  0.000624461818  119
     0.0375005157           0.7375      0.001015625  -3.00107161e-17                1              2.5                1            0.025  0.000624461818  0.000624461818  118
     0.0125005157           0.7375      0.001015625  -3.09474668e-17                1              2.5                1            0.025  0.000624461818  0.000624462783  117
     0.0875005157           0.7125      0.001015625   3.74700271e-18                1              2.5                1            0.025  0.000624461818  0.000624460854  116
     0.0625005157           0.7125      0.001015625   3.88578059e-18                1              2.5                1            0.025  0.000624461818  0.000624461818  115
     0.0375005157           0.7125      0.001015625   4.71844785e-18                1              2.5                1            0.025  0.000624461818  0.000624461818  114
     0.0125005157           0.7125      0.001015625   3.74700271e-18                1              2.5                1            0.025  0.000624461818  0.000624462783  113
     0.0875005157           0.6875      0.001015625  -2.42861287e-19                1              2.5                1            0.025  0.000624461818  0.000624460854  112
     0.0625005157           0.6875      0.001015625  -1.38777878e-19                1              2.5                1            0.025  0.000624461818  0.000624461818  111
     0.0375005157           0.6875      0.001015625  -1.00613962e-18                1              2.5                1            0.025  0.000624461818  0.000624461818  110
     0.0125005157           0.6875      0.001015625  -8.77694424e-31                1              2.5                1            0.025  0.000624461818  0.000624462783  109
     0.0875005157           0.6625      0.001015625  -4.68375339e-18                1              2.5                1            0.025  0.000624461818  0.000624460854  108
     0.0625005157           0.6625      0.001015625  -6.10622664e-18                1              2.5                1            0.025  0.000624461818  0.000624461818  107
     0.0375005157           0.6625      0.001015625  -4.68375339e-18                1              2.5                1            0.025  0.000624461818  0.000624461818  106
     0.0125005157           0.6625      0.001015625  -4.30211422e-18                1              2.5                1            0.025  0.000624461818  0.000624462783  105
     0.0875005157           0.6375      0.001015625   3.25781069e-17                1              2.5                1            0.025  0.000624461818  0.000624460854  104
     0.0625005157           0.6375      0.001015625   3.10862447e-17                1              2.5                1            0.025  0.000624461818  0.000624461818  103
     0.0375005157           0.6375      0.001015625   3.06699111e-17                1              2.5                1            0.025  0.000624461818  0.000624461818  102
     0.0125005157           0.6375      0.001015625   3.16413562e-17                1              2.5                1            0.025  0.000624461818  0.000624462783  101
     0.0875005157           0.6125      0.001015625  -3.29250516e-17                1              2.5                1            0.025  0.000624461818  0.000624460854  100
     0.0625005157           0.6125      0.001015625  -3.16413562e-17                1              2.5                1            0.025  0.000624461818  0.000624461818  99
     0.0375005157           0.6125      0.001015625  -3.16760507e-17                1              2.5                1            0.025  0.000624461818  0.000624461818  98
     0.0125005157           0.6125      0.001015625  -3.20576898e-17                1              2.5                1            0.025  0.000624461818  0.000624462783  97
     0.0875005157           0.5875      0.001015625   3.26128013e-18                1              2.5                1            0.025  0.000624461818  0.000624460854  96
     0.0625005157           0.5875      0.001015625   4.85722573e-18                1              2.5                1            0.025  0.000624461818  0.000624461818  95
     0.0375005157           0.5875      0.001015625   5.41233725e-18                1              2.5                1            0.025  0.000624461818  0.000624461818  94
     0.0125005157           0.5875      0.001015625   2.49800181e-18                1              2.5                1            0.025  0.000624461818  0.000624462783  93
     0.0875005157           0.5625      0.001015625  -4.51028104e-19                1              2.5                1            0.025  0.000624461818  0.000624460854  92
     0.0625005157           0.5625      0.001015625  -2.63677968e-18                1              2.5                1            0.025  0.000624461818  0.000624461818  91
     0.0375005157           0.5625      0.001015625  -5.89805982e-19                1              2.5                1            0.025  0.000624461818  0.000624461818  90
     0.0125005157           0.5625      0.001015625  -8.32667268e-19                1              2.5                1            0.025  0.000624461818  0.000624462783  89
     0.0875005157           0.5375      0.001015625  -4.51028104e-19                1              2.5                1            0.025  0.000624461818  0.000624460854  88
     0.0625005157           0.5375      0.001015625  -2.35922393e-18                1              2.5                1            0.025  0.000624461818  0.000624461818  87
     0.0375005157           0.5375      0.001015625  -1.00613962e-18                1              2.5                1            0.025  0.000624461818  0.000624461818  86
     0.0125005157           0.5375      0.001015625   8.32667268e-19                1              2.5                1            0.025  0.000624461818  0.000624462783  85
     0.0875005157           0.5125    0.00101562499   7.59114993e-17                1              2.5                1            0.025  0.000624461818  0.000624460854  84
     0.0625005157           0.5125    0.00101562499   5.91193761e-17                1              2.5                1            0.025  0.000624461818  0.000624461818  83
     0.0375005157           0.5125    0.00101562499    5.8009153e-17                1              2.5                1            0.025  0.000624461818  0.000624461818  82
     0.0125005157           0.5125    0.00101562499    7.5078832e-17                1              2.5                1            0.025  0.000624461818  0.000624462783  81
     0.0875005157           0.4875    0.00101562491   6.99579283e-16                1              2.5                1            0.025  0.000624461818  0.000624460854  80
     0.0625005157           0.4875    0.00101562491   4.86277685e-16                1              2.5                1            0.025  0.000624461818  0.000624461818  79
     0.0375005157           0.4875    0.00101562491   4.85653184e-16                1              2.5                1            0.025  0.000624461818  0.000624461818  78
     0.0125005157           0.4875    0.00101562491   6.99856839e-16                1              2.5                1            0.025  0.000624461818  0.000624462783  77
     0.0875005157           0.4625    0.00101562388   5.88275956e-15                1              2.5                1            0.025  0.000624461818  0.000624460854  76
     0.0625005157           0.4625    0.00101562388   3.97890054e-15                1              2.5                1            0.025  0.000624461818  0.000624461818  75
     0.0375005157           0.4625    0.00101562388   3.98202304e-15                1              2.5                1            0.025  0.000624461818  0.000624461818  74
     0.0125005157           0.4625    0.00101562388    5.8825167e-15                1              2.5                1            0.025  0.000624461818  0.000624462783  73
     0.0875005157           0.4375     0.0010156142   4.04204101e-14                1              2.5                1            0.025  0.000624461818  0.000624460854  72
     0.0625005157           0.4375     0.0010156142   2.68503275e-14                1              2.5                1            0.025  0.000624461818  0.000624461818  71
     0.0375005157           0.4375     0.0010156142   2.68514377e-14                1              2.5                1            0.025  0.000624461818  0.000624461818  70
     0.0125005157           0.4375     0.0010156142    4.0421555e-14                1              2.5                1            0.025  0.000624461818  0.000624462783  69
     0.0875005157           0.4125    0.00101554024    2.3364248e-13                1              2.5                1            0.025  0.000624461818  0.000624460854  68
     0.0625005157           0.4125    0.00101554024    1.5474802e-13                1              2.5                1            0.025  0.000624461818  0.000624461818  67
     0.0375005157           0.4125    0.00101554024   1.54744724e-13                1              2.5                1            0.025  0.000624461818  0.000624461818  66
     0.0125005157           0.4125    0.00101554024   2.33640191e-13                1              2.5                1            0.025  0.000624461818  0.000624462783  65
     0.0875005157           0.3875    0.00101507098   1.16040663e-12                1              2.5                1            0.025  0.000624461818  0.000624460855  64
     0.0625005157           0.3875    0.00101507098   7.84131093e-13                1              2.5                1            0.025  0.000624461818  0.000624461818  63
     0.0375005157           0.3875    0.00101507098   7.84134875e-13                1              2.5                1            0.025  0.000624461818  0.000624461818  62
     0.0125005157           0.3875    0.00101507098   1.16041135e-12                1              2.5                1            0.025  0.000624461818  0.000624462782  61
     0.0875005152           0.3625    0.00101256532   4.99768171e-12                1              2.5                1            0.025  0.000624461818  0.000624460858  60
     0.0625005152           0.3625    0.00101256532   3.53780963e-12                1              2.5                1            0.025  0.000624461818  0.000624461818  59
     0.0375005152           0.3625    0.00101256532   3.53781678e-12                1              2.5                1            0.025  0.000624461818  0.000624461818  58
     0.0125005152           0.3625    0.00101256531   4.99769531e-12                1              2.5                1            0.025  0.000624461818  0.000624462779  57
     0.0875005126           0.3375    0.00100123675   1.83741522e-11                1              2.5                1            0.025  0.000624461818  0.000624460871  56
     0.0625005126           0.3375    0.00100123675   1.39190313e-11                1              2.5                1            0.025  0.000624461818  0.000624461818  55
     0.0375005126           0.3375    0.00100123674   1.39190324e-11                1              2.5                1            0.025  0.000624461818  0.000624461818  54
     0.0125005126           0.3375    0.00100123673   1.83741511e-11                1              2.5                1            0.025  0.000624461818  0.000624462765  53
     0.0875005003           0.3125   0.000957828022   5.22513757e-11                1              2.5                1            0.025  0.000624461818  0.000624460921  52
     0.0625005003           0.3125   0.000957828003   4.22829192e-11                1              2.5                1            0.025  0.000624461818  0.000624461818  51
     0.0375005003           0.3125   0.000957827981   4.22829265e-11                1              2.5                1            0.025  0.000624461818  0.000624461818  50
     0.0125005003           0.3125   0.000957827961   5.22512145e-11                1              2.5                1            0.025  0.000624461818  0.000624462716  49
     0.0875004503           0.2875   0.000817282314    5.4874464e-11                1       2.50000004       1.00000002            0.025  0.000624461818  0.000624461075  48
     0.0625004503           0.2875   0.000817282274   4.06284537e-11                1       2.50000004       1.00000002            0.025  0.000624461818  0.000624461818  47
     0.0375004503           0.2875   0.000817282247   4.06285206e-11                1       2.50000004       1.00000002            0.025  0.000624461818  0.000624461818  46
     0.0125004503           0.2875   0.000817282207    5.4873881e-11                1       2.50000004       1.00000002            0.025  0.000624461818  0.000624462562  45
     0.0875002726           0.2625   0.000434890016  -1.99242304e-10                1       2.50000017       1.00000007            0.025  0.000624461818  0.000624461408  44
     0.0625002726           0.2625   0.000434889985  -2.08905819e-10                1       2.50000017       1.00000007            0.025  0.000624461818  0.000624461818  43
     0.0375002726           0.2625   0.000434889996  -2.08905896e-10                1       2.50000017       1.00000007            0.025  0.000624461818  0.000624461818  42
     0.0125002726           0.2625   0.000434889964  -1.99241818e-10                1       2.50000017       1.00000007            0.025  0.000624461818  0.000624462228  41
