title='particle position' 
variables=x, rho, p, U, e 
         1.97426        0.129841          0.1021       -0.322496         1.96588  599
         1.96023         0.12814        0.100725         0.12382         1.96514  598
           1.945         0.12413       0.0995972     -0.00409721          2.0059  597
            1.93        0.125018        0.100008     0.000615149         1.99987  596
           1.915        0.124998        0.099999    -9.99144e-06         2.00002  595
             1.9           0.125             0.1     1.02646e-06               2  594
           1.885           0.125             0.1    -9.87161e-09               2  593
            1.87           0.125             0.1      7.9395e-10               2  592
           1.855           0.125             0.1    -5.06997e-12               2  591
            1.84           0.125             0.1     3.45894e-13               2  590
           1.825           0.125             0.1     -1.0246e-14               2  589
            1.81           0.125             0.1     9.34719e-15               2  588
           1.795           0.125             0.1     -9.3312e-15               2  587
            1.78           0.125             0.1      9.3312e-15               2  586
           1.765           0.125             0.1    -6.40554e-15               2  585
            1.75           0.125             0.1               0               2  584
           1.735           0.125             0.1     6.40554e-15               2  583
            1.72           0.125             0.1     -9.3312e-15               2  582
           1.705           0.125             0.1      9.3312e-15               2  581
            1.69           0.125             0.1     -9.3312e-15               2  580
           1.675           0.125             0.1      9.3312e-15               2  579
            1.66           0.125             0.1     -9.3312e-15               2  578
           1.645           0.125             0.1      9.3312e-15               2  577
            1.63           0.125             0.1    -6.40554e-15               2  576
           1.615           0.125             0.1               0               2  575
             1.6           0.125             0.1     6.40554e-15               2  574
           1.585           0.125             0.1     -9.3312e-15               2  573
            1.57           0.125             0.1      9.3312e-15               2  572
           1.555           0.125             0.1     -9.3312e-15               2  571
            1.54           0.125             0.1      9.3312e-15               2  570
           1.525           0.125             0.1    -6.40554e-15               2  569
            1.51           0.125             0.1               0               2  568
           1.495           0.125             0.1     6.40554e-15               2  567
            1.48           0.125             0.1     -9.3312e-15               2  566
           1.465           0.125             0.1      9.3312e-15               2  565
            1.45           0.125             0.1     -9.3312e-15               2  564
           1.435           0.125             0.1      9.3312e-15               2  563
            1.42           0.125             0.1     -9.3312e-15               2  562
           1.405           0.125             0.1      9.3312e-15               2  561
            1.39           0.125             0.1    -6.40554e-15               2  560
           1.375           0.125             0.1               0               2  559
            1.36           0.125             0.1     6.40554e-15               2  558
           1.345           0.125             0.1     -9.3312e-15               2  557
            1.33           0.125             0.1      9.3312e-15               2  556
           1.315           0.125             0.1     -9.3312e-15               2  555
             1.3           0.125             0.1      9.3312e-15               2  554
           1.285           0.125             0.1     -9.3312e-15               2  553
            1.27           0.125             0.1      9.3312e-15               2  552
           1.255           0.125             0.1    -6.40554e-15               2  551
            1.24           0.125             0.1               0               2  550
           1.225           0.125             0.1     6.40554e-15               2  549
            1.21           0.125             0.1     -9.3312e-15               2  548
           1.195           0.125             0.1      9.3312e-15               2  547
            1.18           0.125             0.1     -9.1589e-15               2  546
           1.165           0.125             0.1    -3.85292e-15               2  545
            1.15           0.125             nan             nan             nan  544
           1.135           0.125             nan             nan             nan  543
             nan             nan             nan             nan             nan  542
             nan             nan             nan             nan             nan  541
             nan             nan             nan             nan             nan  540
             nan             nan             nan             nan             nan  539
             nan               0             nan             nan             nan  538
             nan               0             nan             nan             nan  537
             nan               0             nan             nan             nan  536
             nan               0             nan             nan             nan  535
             nan               0             nan             nan             nan  534
             nan               0             nan             nan             nan  533
             nan               0             nan             nan             nan  532
             nan               0             nan             nan             nan  531
             nan               0             nan             nan             nan  530
             nan               0             nan             nan             nan  529
             nan               0             nan             nan             nan  528
             nan               0             nan             nan             nan  527
             nan               0             nan             nan             nan  526
             nan               0             nan             nan             nan  525
             nan               0             nan             nan             nan  524
             nan               0             nan             nan             nan  523
             nan               0             nan             nan             nan  522
             nan               0             nan             nan             nan  521
             nan               0             nan             nan             nan  520
             nan               0             nan             nan             nan  519
             nan               0             nan             nan             nan  518
             nan               0             nan             nan             nan  517
             nan               0             nan             nan             nan  516
             nan               0             nan             nan             nan  515
             nan               0             nan             nan             nan  514
             nan               0             nan             nan             nan  513
             nan               0             nan             nan             nan  512
             nan               0             nan             nan             nan  511
             nan               0             nan             nan             nan  510
             nan               0             nan             nan             nan  509
             nan               0             nan             nan             nan  508
             nan               0             nan             nan             nan  507
             nan               0             nan             nan             nan  506
             nan               0             nan             nan             nan  505
             nan               0             nan             nan             nan  504
             nan               0             nan             nan             nan  503
             nan               0             nan             nan             nan  502
             nan               0             nan             nan             nan  501
             nan               0             nan             nan             nan  500
             nan               0             nan             nan             nan  499
             nan               0             nan             nan             nan  498
             nan               0             nan             nan             nan  497
             nan               0             nan             nan             nan  496
             nan               0             nan             nan             nan  495
             nan               0             nan             nan             nan  494
             nan               0             nan             nan             nan  493
             nan               0             nan             nan             nan  492
             nan               0             nan             nan             nan  491
             nan               0             nan             nan             nan  490
             nan               0             nan             nan             nan  489
             nan               0             nan             nan             nan  488
             nan               0             nan             nan             nan  487
             nan               0             nan             nan             nan  486
             nan               0             nan             nan             nan  485
             nan               0             nan             nan             nan  484
             nan               0             nan             nan             nan  483
             nan               0             nan             nan             nan  482
             nan               0             nan             nan             nan  481
             nan               0             nan             nan             nan  480
             nan               0             nan             nan             nan  479
             nan               0             nan             nan             nan  478
             nan               0             nan             nan             nan  477
             nan               0             nan             nan             nan  476
             nan               0             nan             nan             nan  475
             nan               0             nan             nan             nan  474
             nan               0             nan             nan             nan  473
             nan               0             nan             nan             nan  472
             nan               0             nan             nan             nan  471
             nan               0             nan             nan             nan  470
             nan             nan             nan             nan             nan  469
             nan             nan             nan             nan             nan  468
             nan             nan             nan             nan             nan  467
             nan             nan             nan             nan             nan  466
             nan             nan             nan             nan             nan  465
             nan             nan             nan             nan             nan  464
             nan             nan             nan             nan             nan  463
             nan             nan             nan             nan             nan  462
             nan             nan             nan             nan             nan  461
             nan             nan             nan             nan             nan  460
             nan             nan             nan             nan             nan  459
             nan             nan             nan             nan             nan  458
             nan             nan             nan             nan             nan  457
             nan             nan             nan             nan             nan  456
             nan             nan             nan             nan             nan  455
             nan             nan             nan             nan             nan  454
             nan             nan             nan             nan             nan  453
             nan             nan             nan             nan             nan  452
             nan             nan             nan             nan             nan  451
             nan             nan             nan             nan             nan  450
             nan             nan             nan             nan             nan  449
             nan             nan             nan             nan             nan  448
             nan             nan             nan             nan             nan  447
             nan             nan             nan             nan             nan  446
             nan             nan             nan             nan             nan  445
             nan             nan             nan             nan             nan  444
             nan             nan             nan             nan             nan  443
             nan             nan             nan             nan             nan  442
             nan             nan             nan             nan             nan  441
             nan             nan             nan             nan             nan  440
        0.821875               1             nan             nan             nan  439
            0.82               1             nan             nan             nan  438
        0.818125               1             nan             nan             nan  437
         0.81625               1             nan             nan             nan  436
        0.814375               1             nan             nan             nan  435
          0.8125               1             nan             nan             nan  434
        0.810625               1             nan             nan             nan  433
         0.80875               1             nan             nan             nan  432
        0.806875               1             nan             nan             nan  431
           0.805               1             nan             nan             nan  430
        0.803125               1             nan             nan             nan  429
         0.80125               1             nan             nan             nan  428
        0.799375               1             nan             nan             nan  427
          0.7975               1             nan             nan             nan  426
        0.795625               1             nan             nan             nan  425
         0.79375               1               1    -6.38531e-16             2.5  424
        0.791875               1               1     -3.8472e-16             2.5  423
            0.79               1               1    -1.02744e-16             2.5  422
        0.788125               1               1      1.3007e-16             2.5  421
         0.78625               1               1     4.64156e-16             2.5  420
        0.784375               1               1     6.23335e-16             2.5  419
          0.7825               1               1     4.37282e-16             2.5  418
        0.780625               1               1      4.7435e-16             2.5  417
         0.77875               1               1     4.63511e-16             2.5  416
        0.776875               1               1     7.28445e-17             2.5  415
           0.775               1               1    -1.25448e-16             2.5  414
        0.773125               1               1    -3.00884e-16             2.5  413
         0.77125               1               1    -2.70277e-16             2.5  412
        0.769375               1               1    -6.20684e-17             2.5  411
          0.7675               1               1    -6.12843e-17             2.5  410
        0.765625               1               1    -3.35634e-17             2.5  409
         0.76375               1               1     1.57312e-16             2.5  408
        0.761875               1               1      2.7435e-16             2.5  407
            0.76               1               1     3.20535e-16             2.5  406
        0.758125               1               1     1.40769e-16             2.5  405
         0.75625               1               1     1.14651e-16             2.5  404
        0.754375               1               1    -2.03927e-16             2.5  403
          0.7525               1               1    -4.85167e-16             2.5  402
        0.750625               1               1    -4.48787e-16             2.5  401
         0.74875               1               1    -4.03629e-16             2.5  400
        0.746875               1               1    -4.28775e-16             2.5  399
           0.745               1               1    -3.28515e-16             2.5  398
        0.743125               1               1    -1.67345e-16             2.5  397
         0.74125               1               1     6.98747e-17             2.5  396
        0.739375               1               1     4.18034e-16             2.5  395
          0.7375               1               1     6.51965e-16             2.5  394
        0.735625               1               1     4.36422e-16             2.5  393
         0.73375               1               1     5.51767e-16             2.5  392
        0.731875               1               1     4.96568e-16             2.5  391
            0.73               1               1     3.19883e-17             2.5  390
        0.728125               1               1    -1.99278e-16             2.5  389
         0.72625               1               1    -3.07442e-16             2.5  388
        0.724375               1               1    -4.21017e-16             2.5  387
          0.7225               1               1    -1.79301e-16             2.5  386
        0.720625               1               1    -1.20126e-16             2.5  385
         0.71875               1               1    -1.20251e-17             2.5  384
        0.716875               1               1     1.56201e-16             2.5  383
           0.715               1               1     3.14519e-16             2.5  382
        0.713125               1               1     2.96888e-16             2.5  381
         0.71125               1               1     3.29896e-16             2.5  380
        0.709375               1               1     5.41234e-18             2.5  379
          0.7075               1               1    -1.42088e-16             2.5  378
        0.705625               1               1    -4.47087e-16             2.5  377
         0.70375               1               1    -4.95319e-16             2.5  376
        0.701875               1               1    -5.14068e-16             2.5  375
             0.7               1               1    -6.18144e-16             2.5  374
        0.698125               1               1    -4.32189e-16             2.5  373
         0.69625               1               1    -1.05541e-16             2.5  372
        0.694375               1               1     1.43975e-16             2.5  371
          0.6925               1               1     4.00985e-16             2.5  370
        0.690625               1               1     6.94944e-16             2.5  369
         0.68875               1               1     4.87915e-16             2.5  368
        0.686875               1               1     5.73298e-16             2.5  367
           0.685               1               1     5.56596e-16             2.5  366
        0.683125               1               1     1.13333e-16             2.5  365
         0.68125               1               1    -6.63358e-18             2.5  364
        0.679375               1               1    -3.18634e-16             2.5  363
          0.6775               1               1    -3.79946e-16             2.5  362
        0.675625               1               1    -1.35919e-16             2.5  361
         0.67375               1               1     -1.4877e-16             2.5  360
        0.671875               1               1    -1.27821e-16             2.5  359
            0.67               1               1     9.31408e-17             2.5  358
        0.668125               1               1     1.20313e-16             2.5  357
         0.66625               1               1     2.91059e-16             2.5  356
        0.664375               1               1     3.74804e-16             2.5  355
          0.6625               1               1    -6.25403e-17             2.5  354
        0.660625               1               1     -2.2949e-16             2.5  353
         0.65875               1               1    -5.06817e-16             2.5  352
        0.656875               1               1    -3.35947e-16             2.5  351
           0.655               1               1    -4.00395e-16             2.5  350
        0.653125               1               1    -6.11421e-16             2.5  349
         0.65125               1               1    -3.06026e-16             2.5  348
        0.649375               1               1     5.67324e-17             2.5  347
          0.6475               1               1     2.03698e-16             2.5  346
        0.645625               1               1     3.29618e-16             2.5  345
         0.64375               1               1     6.31439e-16             2.5  344
        0.641875               1               1     5.77184e-16             2.5  343
            0.64               1               1     5.75047e-16             2.5  342
        0.638125               1               1     5.31512e-16             2.5  341
         0.63625               1               1      1.1173e-16             2.5  340
        0.634375               1               1    -8.62782e-17             2.5  339
          0.6325               1               1    -3.14436e-16             2.5  338
        0.630625               1               1    -3.20591e-16             2.5  337
         0.62875               1               1    -1.51879e-16             2.5  336
        0.626875               1               1    -2.03948e-16             2.5  335
           0.625               1               1    -5.38805e-17             2.5  334
        0.623125               1               1     4.60396e-17             2.5  333
         0.62125               1               1     1.28078e-16             2.5  332
        0.619375               1               1     1.95358e-16             2.5  331
          0.6175               1               1     3.56985e-16             2.5  330
        0.615625               1               1     5.20348e-17             2.5  329
         0.61375               1               1    -2.24466e-16             2.5  328
        0.611875               1               1    -5.07372e-16             2.5  327
            0.61               1               1    -5.65596e-16             2.5  326
        0.608125               1               1    -5.53557e-16             2.5  325
         0.60625               1               1    -6.43201e-16             2.5  324
        0.604375               1               1    -3.25844e-16             2.5  323
          0.6025               1               1     1.22471e-17             2.5  322
        0.600625               1               1     1.52531e-16             2.5  321
         0.59875               1               1      4.1344e-16             2.5  320
        0.596875               1               1     7.39908e-16             2.5  319
           0.595               1               1       5.261e-16             2.5  318
        0.593125               1               1     6.22342e-16             2.5  317
         0.59125               1               1     5.35669e-16             2.5  316
        0.589375               1               1     1.14832e-16             2.5  315
          0.5875               1               1      -4.554e-17             2.5  314
        0.585625               1               1    -3.08503e-16             2.5  313
         0.58375               1               1    -3.31929e-16             2.5  312
        0.581875               1               1    -1.15359e-16             2.5  311
            0.58               1               1    -6.55101e-17             2.5  310
        0.578125               1               1    -9.46188e-17             2.5  309
         0.57625               1               1     1.35655e-17             2.5  308
        0.574375               1               1     1.26781e-16             2.5  307
          0.5725               1               1     2.89178e-16             2.5  306
        0.570625               1               1     3.77635e-16             2.5  305
         0.56875               1               1     7.74589e-17             2.5  304
        0.566875               1               1    -1.84942e-16             2.5  303
           0.565               1               1    -6.13842e-16             2.5  302
        0.563125               1               1     -5.7037e-16             2.5  301
         0.56125               1               1    -6.09901e-16             2.5  300
        0.559375               1               1    -6.18387e-16             2.5  299
          0.5575               1               1    -4.43715e-16             2.5  298
        0.555625               1               1    -1.08073e-16             2.5  297
         0.55375               1               1     9.58816e-17             2.5  296
        0.551875               1               1     4.58772e-16             2.5  295
            0.55               1               1     7.26676e-16             2.5  294
        0.548125               1               1      4.6535e-16             2.5  293
         0.54625               1               1     5.44023e-16             2.5  292
        0.544375               1               1      5.8855e-16             2.5  291
          0.5425               1               1      1.1495e-16             2.5  290
        0.540625               1               1    -8.09838e-17             2.5  289
         0.53875               1               1    -2.33945e-16             2.5  288
        0.536875               1               1    -3.34267e-16             2.5  287
           0.535               1               1    -1.17718e-16             2.5  286
        0.533125               1               1    -8.27047e-17             2.5  285
         0.53125               1               1     -1.4156e-16             2.5  284
        0.529375               1               1     6.91114e-17             2.5  283
          0.5275               1               1     8.12822e-17             2.5  282
        0.525625               1               1     2.74128e-16             2.5  281
         0.52375               1               1     2.91787e-16             2.5  280
        0.521875               1               1     3.94962e-17             2.5  279
            0.52               1               1    -2.33376e-16             2.5  278
        0.518125               1               1    -5.25274e-16             2.5  277
         0.51625               1               1    -4.18492e-16             2.5  276
        0.514375               1               1    -2.85716e-16             2.5  275
          0.5125               1               1    -3.70384e-16             2.5  274
        0.510625               1               1    -1.92263e-16             2.5  273
         0.50875               1               1    -2.82073e-16             2.5  272
        0.506875               1               1    -1.00767e-16             2.5  271
           0.505               1               1      2.7145e-16             2.5  270
        0.503125               1               1      6.4819e-16             2.5  269
         0.50125               1               1     2.89525e-16             2.5  268
        0.499375               1               1     3.59275e-16             2.5  267
          0.4975               1               1     3.81112e-16             2.5  266
        0.495625               1               1     7.29139e-17             2.5  265
         0.49375               1               1     6.65787e-17             2.5  264
        0.491875               1               1     9.56804e-17             2.5  263
            0.49               1               1    -1.14478e-16             2.5  262
        0.488125               1               1    -3.10758e-16             2.5  261
         0.48625               1               1    -1.43718e-16             2.5  260
        0.484375               1               1    -1.97585e-16             2.5  259
          0.4825               1               1    -2.13975e-16             2.5  258
        0.480625               1               1    -3.65541e-17             2.5  257
         0.47875               1               1    -5.80647e-17             2.5  256
        0.476875               1               1     8.89289e-17             2.5  255
           0.475               1               1    -3.25434e-18             2.5  254
        0.473125               1               1     2.38802e-16             2.5  253
         0.47125               1               1     1.44863e-16             2.5  252
        0.469375               1               1     2.22496e-16             2.5  251
          0.4675               1               1       2.452e-16             2.5  250
        0.465625               1               1     2.02074e-16             2.5  249
         0.46375               1               1     5.44981e-17             2.5  248
        0.461875               1               1    -4.65322e-17             2.5  247
            0.46               1               1     1.13826e-16             2.5  246
        0.458125               1               1    -4.08701e-17             2.5  245
         0.45625               1               1    -1.22589e-16             2.5  244
        0.454375               1               1     -2.1709e-16             2.5  243
          0.4525               1               1     -1.9286e-16             2.5  242
        0.450625               1               1    -2.71283e-16             2.5  241
         0.44875               1               1    -1.55778e-16             2.5  240
        0.446875               1               1    -5.07233e-18             2.5  239
           0.445               1               1    -6.19643e-18             2.5  238
        0.443125               1               1     -1.1794e-16             2.5  237
         0.44125               1               1    -7.58976e-17             2.5  236
        0.439375               1               1     9.20167e-17             2.5  235
          0.4375               1               1     -3.9406e-17             2.5  234
        0.435625               1               1    -1.44967e-16             2.5  233
         0.43375               1               1     1.23901e-16             2.5  232
        0.431875               1               1     9.38069e-17             2.5  231
            0.43               1               1     2.73601e-17             2.5  230
        0.428125               1               1    -1.06679e-16             2.5  229
         0.42625               1               1      1.9923e-16             2.5  228
        0.424375               1               1     2.07764e-16             2.5  227
          0.4225               1               1     2.62575e-16             2.5  226
        0.420625               1               1     2.15078e-16             2.5  225
         0.41875               1               1     1.59185e-16             2.5  224
        0.416875               1               1    -1.46758e-17             2.5  223
           0.415               1               1    -1.17982e-16             2.5  222
        0.413125               1               1     3.99056e-17             2.5  221
         0.41125               1               1     -9.9136e-17             2.5  220
        0.409375               1               1    -7.07698e-17             2.5  219
          0.4075               1               1    -3.29035e-16             2.5  218
        0.405625               1               1    -2.38164e-16             2.5  217
         0.40375               1               1    -1.71967e-16             2.5  216
        0.401875               1               1    -3.26954e-16             2.5  215
             0.4               1               1     5.01127e-17             2.5  214
        0.398125               1               1    -8.04704e-17             2.5  213
         0.39625               1               1     6.69881e-17             2.5  212
        0.394375               1               1    -1.05589e-16             2.5  211
          0.3925               1               1     7.92699e-17             2.5  210
        0.390625               1               1    -4.12101e-17             2.5  209
         0.38875               1               1     -1.2803e-16             2.5  208
        0.386875               1               1     1.23374e-16             2.5  207
           0.385               1               1     1.03001e-16             2.5  206
        0.383125               1               1     4.03844e-17             2.5  205
         0.38125               1               1     3.73798e-17             2.5  204
        0.379375               1               1     2.40509e-16             2.5  203
          0.3775               1               1     1.52801e-16             2.5  202
        0.375625               1               1     2.34597e-16             2.5  201
         0.37375               1               1     2.83024e-16             2.5  200
        0.371875               1               1      8.8908e-17             2.5  199
            0.37               1               1     -9.9358e-17             2.5  198
        0.368125               1               1    -1.63113e-16             2.5  197
         0.36625               1               1     6.29705e-17             2.5  196
        0.364375               1               1    -1.12459e-16             2.5  195
          0.3625               1               1    -1.34275e-16             2.5  194
        0.360625               1               1    -3.27682e-16             2.5  193
         0.35875               1               1    -2.50154e-16             2.5  192
        0.356875               1               1    -1.43101e-16             2.5  191
           0.355               1               1    -1.51094e-16             2.5  190
        0.353125               1               1      3.5881e-17             2.5  189
         0.35125               1               1    -9.73666e-17             2.5  188
        0.349375               1               1      -9.754e-17             2.5  187
          0.3475               1               1    -1.04507e-16             2.5  186
        0.345625               1               1     1.82784e-16             2.5  185
         0.34375               1               1     2.95319e-17             2.5  184
        0.341875               1               1    -1.35142e-16             2.5  183
            0.34               1               1     8.11087e-17             2.5  182
        0.338125               1               1     1.06248e-16             2.5  181
         0.33625               1               1     4.54914e-17             2.5  180
        0.334375               1               1     3.15997e-17             2.5  179
          0.3325               1               1     2.41376e-16             2.5  178
        0.330625               1               1     1.48562e-16             2.5  177
         0.32875               1               1     1.24664e-16             2.5  176
        0.326875               1               1     1.97675e-16             2.5  175
           0.325               1               1     1.33872e-16             2.5  174
        0.323125               1               1     3.29806e-17             2.5  173
         0.32125               1               1    -1.44766e-16             2.5  172
        0.319375               1               1      2.1904e-16             2.5  171
          0.3175               1               1    -1.30361e-16             2.5  170
        0.315625               1               1    -2.14127e-16             2.5  169
         0.31375               1               1    -2.80186e-16             2.5  168
        0.311875               1               1    -1.95281e-16             2.5  167
            0.31               1               1    -1.84401e-16             2.5  166
        0.308125               1               1    -2.10297e-16             2.5  165
         0.30625               1               1     2.75543e-17             2.5  164
        0.304375               1               1    -3.23214e-17             2.5  163
          0.3025               1               1    -2.53547e-17             2.5  162
        0.300625               1               1     -5.5532e-17             2.5  161
         0.29875               1               1     1.31978e-16             2.5  160
        0.296875               1               1    -1.79023e-18             2.5  159
           0.295               1               1    -2.82413e-17             2.5  158
        0.293125               1               1     1.20133e-16             2.5  157
         0.29125               1               1     1.11515e-16             2.5  156
        0.289375               1               1    -1.89362e-17             2.5  155
          0.2875               1               1    -2.66662e-17             2.5  154
        0.285625               1               1      2.0807e-16             2.5  153
         0.28375               1               1      1.1887e-16             2.5  152
        0.281875               1               1     1.36793e-16             2.5  151
            0.28               1               1     2.52777e-16             2.5  150
        0.278125               1               1     3.77823e-17             2.5  149
         0.27625               1               1     3.25365e-17             2.5  148
        0.274375               1               1    -1.16122e-16             2.5  147
          0.2725               1               1     1.09378e-16             2.5  146
        0.270625               1               1    -8.71456e-17             2.5  145
         0.26875               1               1    -2.11935e-16             2.5  144
        0.266875               1               1    -3.68566e-16             2.5  143
           0.265               1               1    -2.73441e-16             2.5  142
        0.263125               1               1    -3.18072e-16             2.5  141
         0.26125               1               1    -8.24826e-17             2.5  140
        0.259375               1               1    -4.66849e-17             2.5  139
          0.2575               1               1     1.79717e-18             2.5  138
        0.255625               1               1     5.90569e-17             2.5  137
         0.25375               1               1     1.66749e-16             2.5  136
        0.251875               1               1     2.32273e-16             2.5  135
            0.25               1               1     2.74697e-16             2.5  134
        0.248125               1               1      1.6067e-16             2.5  133
         0.24625               1               1     1.26309e-16             2.5  132
        0.244375               1               1     4.58661e-17             2.5  131
          0.2425               1               1    -3.98639e-17             2.5  130
        0.240625               1               1     4.36318e-17             2.5  129
         0.23875               1               1     -1.4154e-16             2.5  128
        0.236875               1               1     -1.4571e-16             2.5  127
           0.235               1               1    -2.00027e-16             2.5  126
        0.233125               1               1    -7.86662e-17             2.5  125
         0.23125               1               1    -1.13458e-16             2.5  124
        0.229375               1               1    -5.00502e-17             2.5  123
          0.2275               1               1     6.30954e-17             2.5  122
        0.225625               1               1     2.27041e-17             2.5  121
         0.22375               1               1     1.42844e-16             2.5  120
        0.221875               1               1     1.52142e-16             2.5  119
            0.22               1               1     2.46379e-16             2.5  118
        0.218125               1               1     1.48923e-16             2.5  117
         0.21625               1               1     1.41408e-16             2.5  116
        0.214375               1               1     2.80789e-16             2.5  115
          0.2125               1               1     3.48471e-17             2.5  114
        0.210625               1               1     2.79637e-17             2.5  113
         0.20875               1               1    -3.49859e-17             2.5  112
        0.206875               1               1     9.68531e-17             2.5  111
           0.205               1               1    -1.07254e-16             2.5  110
        0.203125               1               1     1.80411e-19             2.5  109
         0.20125               1               1     2.46608e-17             2.5  108
        0.199375               1               1    -5.40956e-17             2.5  107
          0.1975               1               1     4.21052e-17             2.5  106
        0.195625               1               1    -1.20716e-16             2.5  105
         0.19375               1               1    -8.01165e-17             2.5  104
        0.191875               1               1    -1.48367e-16             2.5  103
            0.19               1               1    -9.13922e-17             2.5  102
        0.188125               1               1    -2.05613e-16             2.5  101
         0.18625               1               1    -1.91437e-16             2.5  100
        0.184375               1               1    -2.08895e-16             2.5  99
          0.1825               1               1    -1.73236e-16             2.5  98
        0.180625               1               1    -1.64764e-16             2.5  97
         0.17875               1               1    -2.19783e-16             2.5  96
        0.176875               1               1     -1.9694e-16             2.5  95
           0.175               1               1    -3.19231e-16             2.5  94
        0.173125               1               1    -4.07382e-16             2.5  93
         0.17125               1               1    -7.30097e-16             2.5  92
        0.169375               1               1     -1.1318e-15             2.5  91
          0.1675               1               1    -1.93741e-15             2.5  90
        0.165625               1               1     -3.5915e-15             2.5  89
         0.16375               1               1    -6.82772e-15             2.5  88
        0.161875               1               1    -1.31587e-14             2.5  87
            0.16               1               1    -2.44576e-14             2.5  86
        0.158125               1               1    -4.47081e-14             2.5  85
         0.15625               1               1    -7.90344e-14             2.5  84
        0.154375               1               1    -1.35808e-13             2.5  83
          0.1525               1               1    -2.26186e-13             2.5  82
        0.150625               1               1    -3.64855e-13             2.5  81
         0.14875               1               1    -5.70014e-13             2.5  80
        0.146875               1               1    -8.61386e-13             2.5  79
           0.145               1               1    -1.25709e-12             2.5  78
        0.143125               1               1    -1.76661e-12             2.5  77
         0.14125               1               1    -2.38199e-12             2.5  76
        0.139375               1               1    -3.06396e-12             2.5  75
          0.1375               1               1    -3.73098e-12             2.5  74
        0.135625               1               1    -4.25545e-12             2.5  73
         0.13375               1               1      -4.487e-12             2.5  72
        0.131875               1               1    -4.33368e-12             2.5  71
            0.13               1               1    -3.96176e-12             2.5  70
        0.128125               1               1    -4.19841e-12             2.5  69
         0.12625               1               1    -7.27202e-12             2.5  68
        0.124375               1               1    -1.80776e-11             2.5  67
          0.1225               1               1     -4.6181e-11             2.5  66
        0.120625               1               1    -1.08817e-10             2.5  65
         0.11875               1               1    -2.35115e-10             2.5  64
        0.116875               1               1    -4.72448e-10             2.5  63
           0.115               1               1     -8.9412e-10             2.5  62
        0.113125               1               1     -1.6061e-09             2.5  61
         0.11125               1               1    -2.75066e-09             2.5  60
        0.109375               1               1    -4.50353e-09             2.5  59
          0.1075               1               1    -7.06137e-09             2.5  58
        0.105625               1               1    -1.06103e-08             2.5  57
         0.10375               1               1    -1.52584e-08             2.5  56
        0.101875               1               1    -2.09132e-08             2.5  55
             0.1               1               1    -2.71343e-08             2.5  54
        0.098125               1               1    -3.28195e-08             2.5  53
         0.09625               1               1    -3.60538e-08             2.5  52
        0.094375               1               1    -3.40116e-08             2.5  51
          0.0925               1               1    -2.30867e-08             2.5  50
        0.090625               1               1     6.41518e-10             2.5  49
         0.08875               1               1     3.89838e-08             2.5  48
        0.086875               1               1     8.85669e-08             2.5  47
           0.085        0.999999               1      1.3612e-07             2.5  46
        0.083125        0.999999        0.999999     1.49344e-07             2.5  45
         0.08125        0.999999        0.999999     6.50464e-08             2.5  44
        0.079375        0.999998        0.999999    -2.29815e-07             2.5  43
          0.0775        0.999998        0.999999    -9.35636e-07             2.5  42
        0.075625        0.999997        0.999999     -2.3682e-06             2.5  41
         0.07375        0.999997        0.999998    -4.98917e-06             2.5  40
        0.071875        0.999997        0.999999    -9.42296e-06             2.5  39
            0.07        0.999998        0.999999    -1.64435e-05             2.5  38
        0.068125        0.999999               1    -2.69094e-05             2.5  37
         0.06625               1               1    -4.16258e-05             2.5  36
       0.0643749               1               1    -6.10953e-05             2.5  35
       0.0624999               1               1    -8.50608e-05             2.5  34
       0.0606249               1        0.999999    -0.000111743             2.5  33
       0.0587499        0.999989        0.999993    -0.000136569         2.50001  32
       0.0568748        0.999962        0.999977    -0.000150977         2.50004  31
       0.0549999        0.999909        0.999946    -0.000142368         2.50009  30
       0.0531249        0.999813        0.999891    -9.44865e-05         2.50019  29
         0.05125        0.999655        0.999799     1.13098e-05         2.50036  28
       0.0493752        0.999409        0.999657     0.000184393         2.50062  27
       0.0475005        0.999048        0.999449     0.000423557           2.501  26
       0.0456257        0.998547        0.999161     0.000709467         2.50154  25
       0.0437509         0.99789        0.998783     0.000992845         2.50224  24
       0.0418758         0.99708        0.998318      0.00117599         2.50311  23
            0.04        0.996154        0.997788      0.00109187          2.5041  22
       0.0381232        0.995202        0.997242     0.000490191         2.50513  21
       0.0362445        0.994369        0.996759     -0.00101196         2.50601  20
       0.0343627        0.993862        0.996439     -0.00401779         2.50648  19
       0.0324763        0.993941        0.996395      -0.0093604         2.50617  18
        0.030583        0.994904        0.996723       -0.018211         2.50457  17
       0.0286797         0.99704         0.99747        -0.03202         2.50108  16
       0.0267667         1.00046        0.998591      -0.0507704         2.49534  15
       0.0248471         1.00508        0.999912      -0.0737068         2.48714  14
       0.0229244         1.01065         1.00112      -0.0999091         2.47642  13
       0.0210041         1.01669         1.00181       -0.127665         2.46343  12
       0.0190951         1.02253          1.0017       -0.153028         2.44907  11
       0.0172113         1.02748         1.00096       -0.168252         2.43548  10
       0.0153732         1.03107         1.00073       -0.160542         2.42643  9
       0.0136092          1.0336           1.003       -0.112476         2.42599  8
       0.0119256         1.03654         1.00849      -0.0187387         2.43234  7
       0.0102978         1.04125         1.01569        0.106447         2.43864  6
      0.00869801         1.04862         1.02314         0.24421         2.43926  5
      0.00709825         1.05889         1.03055        0.377386          2.4331  4
      0.00547325         1.07161         1.03882        0.492231         2.42352  3
      0.00380249         1.08556         1.04902        0.579682         2.41585  2
      0.00206874         1.09858         1.06113        0.633763         2.41478  1
