title='particle position' 
variables=x, y, Ux, Uy, rho, e, p, h=supportlength/2, m, V, ID 
     0.0929727921      0.999999939  -0.000181405557    0.00181690598       1.00793273       2.01037939       1.01316359             0.05  0.000625026493  0.000619792266  160
     0.0953082441      0.999999995     0.0482302212    0.00168375302       1.00776572       2.02149129       1.01859481             0.05  0.000625026493  0.00061986901  159
     0.0436329279      0.999999962    0.00640150113    0.00182190574       1.00518844        2.0163716       1.01341671             0.05  0.000625026493  0.000622263298  158
     0.0465775094      0.999999988     0.0346853749    0.00176997206       1.00555965       2.00297651       1.00705618             0.05  0.000625026493  0.000621972212  157
     0.0674833136      0.945352552   5.39753579e-05     0.0052774525      0.999967399       1.99997121      0.999953004             0.05  0.000625026493  0.000624711332  156
     0.0690781056      0.950726406     0.0114564175    0.00315336176      0.999676063       2.00096879        1.0001603             0.05  0.000625026493  0.000624943659  155
     0.0175154833      0.950743928     0.0265488854     -0.014515594      0.999764089       1.99964335      0.999585806             0.05  0.000625026493  0.000625545624  154
     0.0176752687      0.953281566    -0.0218154281    0.00197368031        1.0000207       2.00687255       1.00345705             0.05  0.000625026493  0.000625447996  153
     0.0205093028      0.954342185     0.0417027122    -0.0108036775       1.00024391       2.00874356       1.00461675             0.05  0.000625026493  0.000625281345  152
     0.0713831158      0.953351514     0.0102638156    0.00717043731      0.999906239       1.99858504      0.999198828             0.05  0.000625026493  0.000624810318  151
     0.0654445598      0.947960436     0.0279696964    -0.0379896814      0.999949428       2.00168179       1.00079028             0.05  0.000625026493  0.000624770138  150
     0.0178547619       0.94604993     0.0205035034      0.012198489       0.99952894       1.99949022      0.999274173             0.05  0.000625026493  0.000625541936  149
     0.0886592209      0.904025638    -0.0409722499    -0.0202364244       1.00313002       2.00541827       1.00584764             0.05  0.000625026493  0.000623190903  148
     0.0410841943      0.896987757   -0.00767365548     0.0232455808       1.00440156       2.00580688       1.00731778             0.05  0.000625026493  0.000621458656  147
     0.0388066556      0.898030713   -0.00303871584     0.0184900213       1.00458569       2.00670723       1.00795468             0.05  0.000625026493  0.000621305783  146
     0.0916380932      0.904310527    -0.0219177227   -0.00943650083       1.00288024         2.004856       1.00531523             0.05  0.000625026493  0.000623450032  145
     0.0904463314      0.900058651    -0.0121018391     0.0290856228       1.00281145       2.00453579       1.00508572             0.05  0.000625026493  0.000623490985  144
     0.0910416472      0.890858458  -0.000988085839   -0.00964212109       1.00285396       2.00493841       1.00533022             0.05  0.000625026493  0.000623492015  143
     0.0397373581      0.903522138    -0.0436740782    -0.0315851683       1.00499344       2.00737634       1.00870002             0.05  0.000625026493  0.000621065393  142
     0.0397566387      0.903867648    -0.0151734428    -0.0173873252       1.00502951       2.00701491       1.00855461             0.05  0.000625026493  0.000621048203  141
     0.0645093047       0.85617518    -0.0129809666     0.0108329873      0.987075788       1.98936287      0.981825961             0.05  0.000625026493  0.000632941266  140
     0.0663071265       0.85741405    -0.0124882231    -0.0193190269      0.987229179       1.98927455       0.98193494             0.05  0.000625026493  0.000632872197  139
     0.0155282424      0.856227027    0.00679298688    -0.0495589793      0.987077577       1.99097547      0.982623621             0.05  0.000625026493  0.000632420215  138
     0.0151106012      0.857474781    0.00238038483     0.0394795229      0.987075422       1.99054242      0.982407749             0.05  0.000625026493  0.000632415246  137
     0.0850800656      0.818224953    -0.0122271265     0.0058372113      0.989379627       1.99022761      0.984545325             0.05  0.000625026493  0.000632133861  136
     0.0671788229      0.855951797     0.0285424088   -0.00780773793      0.987136168       1.98892111       0.98166798             0.05  0.000625026493  0.000632923551  135
     0.0373377986      0.822554775    -0.0400337279   -0.00506486163      0.991101763       1.99366887      0.987964367             0.05  0.000625026493  0.000630108169  134
     0.0177815387      0.851687769    -0.0108719945     0.0269585023      0.987343936       1.98978973      0.982303411             0.05  0.000625026493  0.000632266407  133
     0.0893380825      0.814989589    -0.0261455277    0.00323628795      0.989395101       1.99112274      0.985003543             0.05  0.000625026493  0.000632226591  132
     0.0389950168      0.817493403    -0.0401506505     0.0271862564      0.991218638       1.99281112      0.987655763             0.05  0.000625026493  0.000630124821  131
     0.0370208031      0.819064139     0.0142140325   -0.00241072963      0.991187115       1.99274853      0.987593332             0.05  0.000625026493  0.000630075794  130
     0.0866083165      0.824815121   -0.00254500737     0.0255899374      0.988948487       1.99099537      0.984495931             0.05  0.000625026493  0.000632296993  129
    0.00927443682      0.789040179    0.00888985512     0.0151365947      0.999887288       2.00093663       1.00035555             0.05  0.000625026493  0.000624812314  128
     0.0592966723      0.782175851    -0.0098101552   -0.00225781762       1.00269956       2.00337953       1.00439389             0.05  0.000625026493  0.000623724495  127
     0.0624645784      0.775108919    0.00601378356   -0.00389073862       1.00254479       2.00268194       1.00388918             0.05  0.000625026493  0.000623831092  126
     0.0111469795      0.771477568   -0.00547351393     0.0139039603      0.998585138       1.99925064      0.998210989             0.05  0.000625026493  0.000626170056  125
     0.0138648178      0.773152062   -0.00952854781   -0.00885314394      0.998141782       1.99923389      0.997759437             0.05  0.000625026493  0.000626408015  124
     0.0613239579      0.772216633    -0.0163929062     0.0184124069       1.00264406       2.00372524       1.00451161             0.05  0.000625026493  0.000623770695  123
     0.0641861892      0.770162114   -0.00426755226    0.00154095448       1.00334437       2.00472288        1.0057137             0.05  0.000625026493  0.000623309654  122
     0.0133447579      0.771175016   0.000401892756   0.000996010436      0.998368069       1.99937265      0.998054906             0.05  0.000625026493  0.000626329185  121
     0.0900933262       0.72414441     0.0363680506     0.0490879425       1.00693716        2.0081565        1.0110437             0.05  0.000625026493  0.00062036044  120
     0.0860937662      0.728511475     0.0106840603   -0.00937308534       1.00713348       2.00867597       1.01150241             0.05  0.000625026493  0.000620296756  119
     0.0405731398      0.727324029     0.0151403634  -0.000981473855       1.00607018       2.00685019       1.00951607             0.05  0.000625026493  0.000621710433  118
     0.0362619934      0.725635455     0.0185598491    -0.0255208318       1.00641104       2.00711014        1.0099889             0.05  0.000625026493  0.000621583599  117
      0.087581936      0.724643624    -0.0232640359    -0.0200951842       1.00688121       2.00774857       1.01078215             0.05  0.000625026493  0.000620448232  116
     0.0890890132      0.727009155    0.00826052527    0.00392594933         1.007118       2.00786027       1.01107611             0.05  0.000625026493  0.000620278167  115
     0.0360121805      0.724065073      0.019931857    -0.0118005457       1.00672402        2.0072018       1.01034913             0.05  0.000625026493  0.000621390739  114
     0.0386470936      0.721957867     0.0179449837    0.00873221345       1.00683019       2.00761521        1.0106638             0.05  0.000625026493  0.000621243614  113
     0.0118487009       0.67449542     0.0269758719     0.0105965534       1.00422682       2.00609397       1.00728668             0.05  0.000625026493  0.000622689241  112
     0.0643872558       0.68019814      0.012381417   -0.00195864667       1.00426372       2.00565968       1.00710563             0.05  0.000625026493  0.000622163555  111
     0.0624474583      0.671438245   -0.00658151216    -0.0183678061       1.00379924       2.00515565       1.00638686             0.05  0.000625026493  0.000622425446  110
     0.0166230442      0.673358845    -0.0145553594   -0.00147321742       1.00467515       2.00624001       1.00780974             0.05  0.000625026493  0.00062237727  109
     0.0111238477      0.677151683    0.00290282047    -0.0278789804        1.0043822       2.00543554       1.00711188             0.05  0.000625026493  0.00062262903  108
     0.0637506762      0.676356817    -0.0111050259   -0.00221633744       1.00419805       2.00529481       1.00685657             0.05  0.000625026493  0.000622190846  107
     0.0610401324      0.676065972     0.0473254303   -0.00992840332        1.0040478       2.00531445       1.00671578             0.05  0.000625026493  0.00062230158  106
      0.012388035       0.67680018    0.00963101135     0.0129475725       1.00434107       2.00529084       1.00699797             0.05  0.000625026493  0.00062263528  105
      0.079867941      0.628076782   -0.00797498099   0.000692897132      0.999094246         2.000537      0.999362501             0.05  0.000625026493  0.000625259283  104
     0.0835410233      0.624541971     0.0285147566   -0.00327664383      0.998308523       2.00049221      0.998554211             0.05  0.000625026493  0.000625753465  103
     0.0306643944      0.622847155     0.0210411959      0.003085876       1.00192508        2.0035488       1.00370289             0.05  0.000625026493  0.000624014562  102
     0.0350915351      0.628894139   -0.00469517891   -0.00250796365       1.00064439       2.00261386       1.00195217             0.05  0.000625026493  0.00062472367  101
      0.086265762      0.632747207   -0.00122648799   0.000352575701      0.999612107       2.00163398       1.00042878             0.05  0.000625026493  0.00062490875  100
     0.0844719596      0.621755202   0.000572481968    -0.0176269748      0.998238857       2.00006034      0.998268976             0.05  0.000625026493  0.000625795488  99
     0.0316297743       0.62135056    -0.0215945714    -0.0086045943       1.00199918       2.00475464       1.00438125             0.05  0.000625026493  0.000623931793  98
     0.0358054601      0.627428245      0.018493048     0.0122645425       1.00077641       2.00306346       1.00230933             0.05  0.000625026493  0.000624651996  97
    0.00798028173      0.580023845   -0.00180361877    -0.0214464627       1.00192041       2.00448022       1.00416482             0.05  0.000625026493  0.000623792891  96
      0.056546318      0.578166001    -0.0158104175    -0.0368978829       1.00845535       2.01068849       1.01384478             0.05  0.000625026493  0.000619668579  95
     0.0584599406      0.578779699     0.0196719962     0.0181553575       1.00832741       2.01056128       1.01365203             0.05  0.000625026493  0.000619746954  94
    0.00650774711      0.564441282    0.00387044168    0.00364377653       1.00082569       2.00350021       1.00257724             0.05  0.000625026493  0.000624370438  93
    0.00725022189       0.57786574     0.0349461881    -0.0307396263        1.0015283       2.00474162       1.00390273             0.05  0.000625026493  0.000624010176  92
     0.0576286364      0.574871279    -0.0285839332    0.00635308954       1.00818175       2.01026371       1.01335559             0.05  0.000625026493  0.000619839555  91
      0.056329342      0.574765963     0.0241225842      0.028242677       1.00826271       2.01093362       1.01377468             0.05  0.000625026493  0.000619792249  90
    0.00662555018      0.578726983    -0.0387781657     0.0201494927       1.00159685       2.00430335       1.00375196             0.05  0.000625026493  0.000623962589  89
     0.0825495165      0.531802179   -0.00974306706  -0.000331466102      0.987116543       1.98803036      0.981208827             0.05  0.000625026493  0.000633201549  88
     0.0791349575      0.530619116    0.00772338096    0.00428836287      0.987341226       1.98918895      0.982004128             0.05  0.000625026493  0.000633062826  87
     0.0350099339      0.533295148     -0.033841365     -0.016743067      0.985783396       1.98698765      0.979369717             0.05  0.000625026493  0.000634101913  86
     0.0327876692      0.530095307    -0.0136489636     0.0117117354      0.984967633       1.98654138      0.978339478             0.05  0.000625026493  0.00063461458  85
     0.0831921774      0.533636992    0.00130042718    -0.0080744986      0.987346612       1.98795831      0.981401952             0.05  0.000625026493  0.000633056522  84
     0.0668697468       0.49265304     0.0239349046   -0.00490329439        0.9813111       1.98272256       0.97283383             0.05  0.000625026493  0.000637403838  83
     0.0103992501      0.493397307    0.00981504145    -0.0372924688      0.981142362       1.98185789      0.972242364             0.05  0.000625026493  0.000636591031  82
     0.0321128372      0.530650654     0.0302063373     0.0142327893      0.985039448       1.98612266      0.978204582             0.05  0.000625026493  0.000634564956  81
     0.0124142122      0.495360114    -0.0216153334     0.0164244296      0.981151449       1.98243483      0.972534404             0.05  0.000625026493  0.00063659571  80
     0.0619652403      0.495965035    -0.0142212874     0.0295983445      0.980392487       1.98096395      0.971061088             0.05  0.000625026493  0.000637887775  79
     0.0602322272      0.492700418   -0.00806650329     0.0231644258      0.980144073       1.98127111      0.970965566             0.05  0.000625026493  0.000638050537  78
     0.0125667059       0.50129512     0.0215633772    -0.0554334544      0.982282146       1.98394334      0.974396061             0.05  0.000625026493  0.000636136774  77
     0.0872656574      0.449434844    -0.0110507242    -0.0300356479      0.993701493       1.99554039      0.991485732             0.05  0.000625026493  0.000629306686  76
     0.0895721463       0.44524258    -0.0135864486     0.0256234684      0.993903951       1.99601548      0.991923837             0.05  0.000625026493  0.000629138222  75
     0.0438435971      0.448700855     -0.030691752    -0.0262337223      0.990822107       1.99172375      0.986721961             0.05  0.000625026493  0.000630543409  74
     0.0378305129      0.444779301      0.047416495     0.0304600661      0.990740686       1.99244695      0.986999128             0.05  0.000625026493  0.000630530582  73
     0.0953606508      0.456993151     -0.041669028    -0.0553311709      0.994126528       1.99659263      0.992432848             0.05  0.000625026493  0.000629331178  72
     0.0876740873      0.448307668     0.0122657915   -0.00820803299      0.993766856       1.99619548      0.991876454             0.05  0.000625026493  0.000629259098  71
     0.0379454592      0.450146215    -0.0366938386     0.0245654851      0.990279937       1.99194593      0.986292043             0.05  0.000625026493  0.000630714509  70
     0.0382217021      0.460962952    -0.0170858373    -0.0104897421      0.990795234       1.99297765      0.987316376             0.05  0.000625026493  0.00063034788  69
     0.0141416804      0.397272824    -0.0189090866    -0.0124098269      0.993600107       1.99518287      0.991206958             0.05  0.000625026493  0.000628565483  68
     0.0692400352       0.40000605     0.0118072794   6.10299631e-05      0.991161005       1.99244523      0.987417009             0.05  0.000625026493  0.000631127957  67
     0.0700530213      0.397484031    -0.0305170746     -0.012696125      0.991206564       1.99213094      0.987306632             0.05  0.000625026493  0.00063118887  66
     0.0151210968      0.402610883    0.00657023746  -0.000168639088      0.993620981       1.99528112      0.991276592             0.05  0.000625026493  0.000628624578  65
     0.0209182981      0.402165971    -0.0282488218    -0.0116429672      0.993881636       1.99540689      0.991599131             0.05  0.000625026493  0.000628543392  64
     0.0630984408      0.399881464    -0.0334381269    0.00694179313      0.990697335         1.991594      0.986533434             0.05  0.000625026493  0.000631299905  63
     0.0650415091      0.401730136    -0.0254601601   -0.00251744242      0.990765282       1.99146634      0.986537854             0.05  0.000625026493  0.00063128795  62
     0.0163684689      0.398726709    -0.0204876183   -0.00398477782      0.993652389       1.99465487      0.990996787             0.05  0.000625026493  0.000628580254  61
     0.0868325852      0.344934497     0.0304814382    -0.0212904347      0.993966309       1.99490841      0.991435876             0.05  0.000625026493  0.000629122498  60
     0.0912674352      0.352012134   0.000773008646     0.0279799663      0.994278915       1.99446457      0.991527034             0.05  0.000625026493  0.000629070852  59
     0.0373088687      0.348550036    0.00343611638    0.00857617508      0.998465287       1.99985979      0.998395291             0.05  0.000625026493  0.000626323781  58
      0.040043566      0.354175078    0.00423412909   -0.00357870839      0.998620014       1.99943287      0.998336842             0.05  0.000625026493  0.000626168508  57
     0.0923553573      0.350057495     -0.017262068    -0.0220467589      0.994522689       1.99542519      0.992247815             0.05  0.000625026493  0.000628858094  56
     0.0882175038      0.347355865  -0.000634066065    -0.0423707553      0.994051837       1.99483718      0.991485783             0.05  0.000625026493  0.000629111884  55
     0.0409487862      0.348075795    0.00799846375      0.015416242      0.998291212        1.9989154       0.99774984             0.05  0.000625026493  0.000626476002  54
      0.038795636      0.350412497  -0.000811313486    -0.0140696617      0.998556729       1.99935325       0.99823382             0.05  0.000625026493  0.000626258637  53
     0.0174538498      0.303609338   -0.00482789832   -0.00896755017      0.981325592       1.98325818      0.973111006             0.05  0.000625026493  0.000637398472  52
     0.0611463365      0.307808103     0.0294886353    -0.0303584183      0.979126609       1.98027115      0.969468089             0.05  0.000625026493  0.0006381893  51
     0.0608729128      0.300642661     0.0153138047   -0.00455315888      0.979114542       1.98098796      0.969807061             0.05  0.000625026493  0.000638016067  50
     0.0104817608      0.306261509    -0.0162563369   -0.00609858317      0.980007042       1.98174698      0.971062998             0.05  0.000625026493  0.000638310121  49
     0.0399452544      0.262668974    0.00392299043    -0.0278078097      0.985151647       1.98672218      0.978611314             0.05  0.000625026493  0.000634483855  48
     0.0922675286      0.275345504    0.00354876263    -0.0176565698       0.98259182       1.98427903      0.974868172             0.05  0.000625026493  0.000635557623  47
     0.0632238212      0.306049656    -0.0192155768    -0.0278944582      0.978341113        1.9797656      0.968443041             0.05  0.000625026493  0.000638557374  46
     0.0116936001      0.300579981     0.0577121038     0.0155849307      0.980839804        1.9815636      0.971798227             0.05  0.000625026493  0.000637737501  45
     0.0850748983      0.266987041    -0.0063245083   0.000106912959      0.983951117       1.98599421       0.97706061             0.05  0.000625026493  0.000634808063  44
     0.0944787418      0.266365533   -0.00817403885     0.0076991243      0.984864108       1.98724117      0.978581254             0.05  0.000625026493  0.000634325892  43
     0.0430678777      0.266784059    0.00465312556    -0.0154024956       0.98420779       1.98610563      0.977370317             0.05  0.000625026493  0.000635018265  42
     0.0379789637      0.272951759    0.00590194412   0.000663216905      0.984706349        1.9865881      0.978102959             0.05  0.000625026493  0.000634742333  41
     0.0147980493      0.223403368    -0.0446186587     0.0187795035       1.00304041       2.00410947       1.00510139             0.05  0.000625026493  0.000622700799  40
     0.0728825048      0.229593319     0.0136833223     0.0219687471      0.999525163       2.00114697       1.00009838             0.05  0.000625026493  0.000625953897  39
      0.063047725       0.22154639   -0.00972814281    -0.0372353722      0.996570376       1.99796117      0.995554457             0.05  0.000625026493  0.000627880184  38
     0.0151068104      0.218441315   -0.00264607717    -0.0165826364       1.00370415       2.00452294         1.005974             0.05  0.000625026493  0.000622270169  37
      0.012407727      0.228863072    -0.0285927868    -0.0136867295       1.00264424       2.00420084       1.00475021             0.05  0.000625026493  0.00062289689  36
     0.0656413638       0.23011444   -0.00637586212    -0.0189091596       0.99748807       1.99956439      0.997270811             0.05  0.000625026493  0.000627224955  35
     0.0657911272      0.217314945    -0.0542130919    0.00498466816      0.996672425       1.99832902      0.995839717             0.05  0.000625026493  0.000627903085  34
     0.0204561594      0.221553333     -0.030170332    -0.0130389195        1.0033383       2.00431179       1.00550139             0.05  0.000625026493  0.000622687605  33
     0.0813649859      0.166995227      0.016762731    -0.0159592763      0.997032863       1.99797203      0.996021885             0.05  0.000625026493  0.000626466143  32
     0.0849307555      0.173532054     0.0275203569    -0.0183479192       0.99495465       1.99590842       0.99291918             0.05  0.000625026493  0.000627993043  31
      0.039528834      0.175844179    -0.0111319043    0.00847099702       1.00142171       2.00247148       1.00265921             0.05  0.000625026493  0.000624287737  30
     0.0362246694      0.173313878    0.00486408918       0.01590097       1.00170022       2.00242448       1.00291452             0.05  0.000625026493  0.000624123191  29
     0.0913360526      0.178087602    0.00568090979     -0.018690537      0.995183488       1.99628354      0.993334207             0.05  0.000625026493  0.000627976146  28
     0.0899875325      0.173816613    -0.0183908094   -0.00558213517      0.995410076       1.99690411      0.993869235             0.05  0.000625026493  0.000627685806  27
     0.0377372997       0.16975706     0.0258820169    0.00556923606       1.00168721       2.00293618       1.00315778             0.05  0.000625026493  0.000624152266  26
     0.0370170214       0.17654364     0.0221689658    -0.0426674363       1.00178981       2.00268643       1.00313543             0.05  0.000625026493  0.000624072984  25
    0.00755837164      0.119663908    0.00829358277     0.0418469636       1.00734152       2.00912526       1.01193765             0.05  0.000625026493  0.000621708558  24
     0.0543937709      0.125627939     0.0358926662    -0.0458947315       1.00816053       2.01001407       1.01320842             0.05  0.000625026493  0.000619142689  23
      0.062784187       0.12488424     0.0472292264     0.0183628259       1.00965497       2.01154977       1.01548561             0.05  0.000625026493  0.000617967447  22
     0.0104144591      0.126876071     0.0654149932    -0.0314534055       1.00554321       2.00772038       1.00942479             0.05  0.000625026493  0.000622494277  21
    0.00399699488      0.120363887     0.0297201389     0.0326004444       1.00751318       2.00895417        1.0120239             0.05  0.000625026493  0.000621745594  20
      0.056488764      0.125041639     0.0327720882    -0.0421660166       1.00826848       2.00972243       1.01316989             0.05  0.000625026493  0.000618987164  19
     0.0561895708      0.113902897    -0.0203068706    -0.0281439531       1.01115379       2.01338723       1.01792206             0.05  0.000625026493  0.000617005166  18
    0.00786360557      0.131044386     0.0406300219     0.0139010353       1.00534415       2.00648942        1.0086062             0.05  0.000625026493  0.000622684211  17
     0.0770557773      0.078515547     0.0150062734   -0.00370825969       1.00367888       2.00478342       1.00607939             0.05  0.000625026493  0.000621489472  16
     0.0793497519     0.0832935704     0.0285013744    -0.0298969363       1.00352237       2.00521917       1.00614115             0.05  0.000625026493  0.000621549388  15
     0.0259336667     0.0796792258     0.0408471614    -0.0253063309       1.00486255        2.0056403       1.00769642             0.05  0.000625026493  0.000622334094  14
      0.029259106      0.079688647      0.015421155    0.00997504859       1.00477181       2.00563966       1.00760509             0.05  0.000625026493  0.00062218303  13
    0.00732690346     0.0481797992    -0.0249612271     0.0452081469       1.00173612       1.99899424       1.00123237             0.05  0.000625026493  0.000624805093  12
     0.0777282846     0.0767737112    -0.0194865397    -0.0014195562       1.00348004       2.00504271       1.00601017             0.05  0.000625026493  0.000621630534  11
     0.0309610783     0.0785959443     0.0283959149    -0.0121483626        1.0050356       2.00601513       1.00805831             0.05  0.000625026493  0.000621896381  10
     0.0578561738     0.0401064338     0.0637953107    -0.0421157504        1.0050758        1.9997407       1.00494549             0.05  0.000625026493  0.000621558953  9
    0.00452602064     0.0413033797     0.0494860712     0.0136763475       1.00028421       1.99910773      0.999837949             0.05  0.000625026493  0.000625757141  8
      0.057383651     0.0414769849    -0.0102545883     0.0376387823       1.00493709       2.01400809       1.01197572             0.05  0.000625026493  0.000621663866  7
     0.0553097811     0.0445826228    -0.0151463926     -0.025471172       1.00477076       2.01465661       1.01213403             0.05  0.000625026493  0.000621723938  6
     0.0104996857     0.0486394227    0.00644216105    -0.0672486497       1.00254611       2.00356815       1.00433473             0.05  0.000625026493  0.000624320643  5
      0.029782477   5.22468268e-07     0.0264251309     -0.045908299       1.01891897       1.99601281       1.01688765             0.05  0.000625026493  0.000613387825  4
     0.0277085796   2.65176647e-05     0.0317150121   -0.00819082049       1.01870024       1.99762123       1.01748861             0.05  0.000625026493  0.000613581903  3
     0.0816025114   0.000195089998       0.01538818    -0.0309689332       1.01130161       2.04974044        1.0364529             0.05  0.000625026493  0.000617112926  2
     0.0780455498      0.013201894     0.0322151038    -0.0286581185       1.01292954       2.03891566       1.03263895             0.05  0.000625026493  0.000616383528  1
