title='particle position' 
variables=x, y, Ux, Uy, rho, e, p, h=supportlength/2, m, V, ID 
     0.0886695053      0.999999996     -0.029630744   0.000765342813       1.00941596       2.01725783       1.01812612             0.05  0.000625026493  0.000619373394  160
     0.0932540766       0.99999999     -0.008617015   0.000698007161       1.00906431       2.03044815       1.02442638             0.05  0.000625026493  0.000619665841  159
     0.0402171825       0.99999999   -0.00408914685   0.000773702152       1.01313202       2.02199025       1.02427153             0.05  0.000625026493  0.000616762602  158
     0.0435880692      0.999999979    -0.0141212537   0.000744166672       1.01341767       2.00096693       1.01390762             0.05  0.000625026493  0.00061660613  157
     0.0630859676       0.94641631   0.000659281207   -0.00139482091       1.00468005       2.00613415       1.00776147             0.05  0.000625026493  0.000622101316  156
     0.0657119871      0.947356199    0.00167979861    0.00314319759       1.00438294        2.0073482       1.00807315             0.05  0.000625026493  0.000622288609  155
     0.0177851863      0.949661374     -0.016572212     -0.013731788       1.00423879       2.00439341       1.00644481             0.05  0.000625026493  0.000622473465  154
     0.0161822192      0.951169046    0.00930721386   -0.00334991207       1.00412017       2.01187963       1.01008446             0.05  0.000625026493  0.000622509961  153
     0.0168849589      0.954694701    -0.0134726623    0.00955949521       1.00468259       2.01399576       1.01171324             0.05  0.000625026493  0.000622144525  152
     0.0670412348       0.95501848     0.0201247993    -0.0168645212        1.0043927       2.00456434        1.0066849             0.05  0.000625026493  0.000622337675  151
     0.0665896504      0.949509335    -0.0196235844   -0.00137654642       1.00422821       2.00581224       1.00714662             0.05  0.000625026493  0.00062239215  150
     0.0137304834      0.950242978    0.00938357222    0.00444020419       1.00378629       2.00536725       1.00648007             0.05  0.000625026493  0.000622717941  149
     0.0904617303       0.90541854   -0.00279350345    0.00985482946       1.00913568       2.01141406       1.01489485             0.05  0.000625026493  0.000619049873  148
     0.0363798655      0.902314683    0.00995578903   0.000239365228       1.00475992       2.00561478       1.00758068             0.05  0.000625026493  0.000622206002  147
     0.0368366387      0.890901174   -0.00788101017   -0.00607125986       1.00405636        2.0060906       1.00711401             0.05  0.000625026493  0.000622602841  146
     0.0894569603      0.903348371    0.00941099745    -0.0165606061       1.00899446        2.0109455       1.01451644             0.05  0.000625026493  0.000619145976  145
     0.0873476622       0.89763749    0.00818367435    0.00364990246       1.00835708       2.01015067       1.01347483             0.05  0.000625026493  0.000619522426  144
     0.0876737489      0.899386657     0.0125442471   -0.00686488415       1.00867394       2.01053388       1.01398656             0.05  0.000625026493  0.000619337872  143
     0.0378823409      0.904144185     0.0219784623    0.00915603283       1.00462358       2.00669027       1.00798419             0.05  0.000625026493  0.000622272448  142
     0.0409097376      0.901635484     0.0118543808   -0.00840239509       1.00436854       2.00604619       1.00740484             0.05  0.000625026493  0.000622381019  141
     0.0651106742       0.85309406     0.0102190157    0.00918651875      0.986868813       1.98860511      0.981246185             0.05  0.000625026493  0.000633481465  140
     0.0680187228      0.860453058    0.00304639239    -0.0167908076      0.987727241       1.98906566      0.982327166             0.05  0.000625026493  0.000632858125  139
     0.0169755922      0.855014881    0.00886145017     0.0188052499      0.989176508       1.99240247       0.98541886             0.05  0.000625026493  0.000632018006  138
     0.0154088477      0.852339447    -0.0174586558   0.000967424423      0.989255587       1.99204414      0.985320398             0.05  0.000625026493  0.000631970159  137
     0.0937115383      0.820211715     0.0282571502    -0.0123239545      0.988067191        1.9892296      0.982746253             0.05  0.000625026493  0.000632399325  136
     0.0663344203      0.857667557  -2.87827652e-05     0.0150897227      0.987085293       1.98832745      0.981324393             0.05  0.000625026493  0.000633286217  135
     0.0436305874      0.820535174    -0.0221287427    -0.0121249428      0.988762156       1.99094924      0.984287632             0.05  0.000625026493  0.000632345979  134
     0.0154552803      0.859205532     0.0137383632    -0.0139479146      0.989009488        1.9904677      0.984295722             0.05  0.000625026493  0.000632126458  133
     0.0924216999      0.821624814    0.00733949155    -0.0307596819      0.988116974       1.99034351      0.983346102             0.05  0.000625026493  0.000632393374  132
     0.0427225708      0.819078287   -0.00527246026    0.00273657695      0.988810922       1.99023687      0.983983979             0.05  0.000625026493  0.000632310658  131
      0.042207096      0.821749972     0.0228904561     0.0062674024      0.988687022       1.99032256      0.983903043             0.05  0.000625026493  0.000632404432  130
     0.0914022436      0.818849589    -0.0229516839     0.0100244019      0.988298738       1.99018021      0.983446295             0.05  0.000625026493  0.000632234126  129
      0.018828615      0.779500954   -0.00305563485    -0.0142770084       1.00449524       2.00615003       1.00758408             0.05  0.000625026493  0.000622005444  128
     0.0714054245      0.774105269    -0.0182220346   -0.00855665342       1.00391883       2.00550302       1.00668112             0.05  0.000625026493  0.000622453089  127
     0.0701110413      0.770020476    0.00732444755   0.000387465789       1.00396654       2.00518721       1.00657044             0.05  0.000625026493  0.000622420876  126
     0.0199530066      0.776550614    -0.0142726362     0.0070929973        1.0048235       2.00691342       1.00829688             0.05  0.000625026493  0.000621747288  125
     0.0206437605      0.771356945     0.0260442251    -0.0191023397       1.00520804       2.00768016       1.00906812             0.05  0.000625026493  0.000621376763  124
     0.0690485237       0.77638756    -0.0144717171     0.0152642012       1.00349893        2.0058874       1.00645293             0.05  0.000625026493  0.000622665361  123
     0.0673221716      0.783895526     0.0262671437     0.0158770649        1.0037242       2.00665266       1.00706292             0.05  0.000625026493  0.000622493189  122
     0.0186345726      0.774712937    -0.0103769602    0.00498975132       1.00485626       2.00724197       1.00849483             0.05  0.000625026493  0.000621692992  121
      0.092097895      0.731413868    -0.0214824054    0.00319511368       1.00028788       2.00209641       1.00133639             0.05  0.000625026493  0.000625050703  120
     0.0933619004      0.725466724    0.00348010926   -0.00753833935       1.00002926       2.00210118       1.00107988             0.05  0.000625026493  0.000625108225  119
     0.0409097747      0.730793983    -0.0202906792     0.0232700046       0.99874299       2.00042087      0.998953162             0.05  0.000625026493  0.000625514081  118
     0.0445119821      0.727503789   -0.00670403092    0.00518334469      0.998338119       1.99977659      0.998226601             0.05  0.000625026493  0.000625886618  117
     0.0932798338      0.724562301     0.0220187357    -0.0165274004       1.00002569       2.00152272       1.00078707             0.05  0.000625026493  0.00062508752  116
     0.0908781019      0.721471622    -0.0144878466    -0.0257289773       1.00004816       2.00141312       1.00075476             0.05  0.000625026493  0.000624995963  115
     0.0434278047       0.72329369     0.0133443792    0.00466041454      0.998320628       1.99944465      0.998043418             0.05  0.000625026493  0.000625995946  114
     0.0419657645      0.722239055     0.0104247944     0.0328771337      0.998424015       1.99977004      0.998309218             0.05  0.000625026493  0.000625965397  113
      0.014909117       0.67226301    0.00704558789      0.021038223      0.998658452        2.0005619      0.998939024             0.05  0.000625026493  0.000626068768  112
      0.066898399      0.675517657   -0.00297320142    -0.0018248976      0.998729086       1.99985649      0.998657423             0.05  0.000625026493  0.000625946783  111
     0.0652265006      0.677899609   -0.00426607192     0.0102628288      0.998732168       1.99995112      0.998707757             0.05  0.000625026493  0.000625941472  110
     0.0163651656      0.680537801    0.00324414452    -0.0175688848      0.999414708        2.0012835       1.00005608             0.05  0.000625026493  0.000625702086  109
     0.0153117144      0.674558007   0.000771026189   -0.00535970996      0.998887212       2.00010046      0.998937384             0.05  0.000625026493  0.00062595594  108
     0.0645783039      0.669876392    0.00680789405    -0.0182306958      0.998715977       1.99963308      0.998532751             0.05  0.000625026493  0.000625982597  107
     0.0702681974       0.67789399     0.0133976251     0.0159544951      0.999036939       2.00029322      0.999183406             0.05  0.000625026493  0.000625700555  106
     0.0199624214      0.678737049    0.00748203888  -0.000768783878      0.999407739       2.00047812      0.999646659             0.05  0.000625026493  0.000625679128  105
     0.0940637932      0.628638104    0.00451178056    -0.0112227728      0.994153209       1.99557725      0.991954765             0.05  0.000625026493  0.0006284812  104
      0.089875859      0.621223142   -0.00287120183    0.00386447341       0.99346155       1.99579215      0.991371384             0.05  0.000625026493  0.000628718459  103
     0.0391715726      0.620126897    0.00499945546   0.000741810588      0.994038864       1.99518536      0.991645895             0.05  0.000625026493  0.000629174311  102
     0.0414259439      0.632489119    0.00624768066    0.00899547062       0.99505902       1.99684655      0.993490084             0.05  0.000625026493  0.000628321275  101
     0.0908589444      0.626186094    -0.0084691879    -0.0147712916      0.993655923        1.9955278      0.991434006             0.05  0.000625026493  0.000628730979  100
     0.0868078925      0.626807752      0.012219484    -0.0328942544      0.994037474       1.99596269      0.992030857             0.05  0.000625026493  0.000628527731  99
     0.0389531131      0.626592564   -0.00899418576    0.00516896873       0.99429146        1.9966603      0.992631144             0.05  0.000625026493  0.000628918929  98
     0.0405316346      0.624984851     0.0134927167     0.0118803083      0.994175239       1.99626144      0.992316849             0.05  0.000625026493  0.000628991349  97
     0.0140996984      0.568529538     0.0105042321    -0.0262613701      0.998224057       2.00060936      0.998528198             0.05  0.000625026493  0.000626428738  96
     0.0629459355      0.580230308     0.0254835597    -0.0155786261        1.0005968       2.00256096       1.00187805             0.05  0.000625026493  0.000624562714  95
     0.0622937568      0.572730188    0.00707802565    -0.0115484898       1.00023789       2.00225001       1.00136316             0.05  0.000625026493  0.000624848701  94
     0.0123939973      0.580256379   -0.00368399466     -0.013393402      0.998688989       2.00061805      0.998997607             0.05  0.000625026493  0.000626368665  93
     0.0134159427      0.575978053    -0.0190247151     -0.015520345      0.998449362        2.0012153      0.999056069             0.05  0.000625026493  0.000626439509  92
     0.0657610112      0.576017385     0.0136607688     0.0160522057       1.00068793        2.0026143       1.00199598             0.05  0.000625026493  0.00062446008  91
     0.0629674073       0.57540078   -0.00371899764     0.0111944471       1.00040378       2.00275532         1.001782             0.05  0.000625026493  0.000624709753  90
     0.0138865245      0.575504127     0.0241565006     0.0236269777      0.998427518       2.00070988      0.998781902             0.05  0.000625026493  0.00062644248  89
     0.0860020754       0.53066231   -0.00219857457   -0.00473680548      0.985929615       1.98763028      0.979831778             0.05  0.000625026493  0.00063416799  88
     0.0876971749      0.530537616    0.00226636437    -0.0235390792      0.985846173       1.98839341      0.980125015             0.05  0.000625026493  0.000634224402  87
      0.036672551      0.529826346   -0.00713628399    0.00985070759       0.98215552       1.98364844      0.974125632             0.05  0.000625026493  0.00063650154  86
     0.0354444262      0.530979854    0.00815952169     0.0091047602      0.982149413       1.98371146      0.974150523             0.05  0.000625026493  0.000636484669  85
     0.0855758253      0.531085929   -0.00829494773    -0.0062742988      0.985970794       1.98742863      0.979773291             0.05  0.000625026493  0.000634139199  84
     0.0604803352      0.490330051  -0.000495605404    0.00779726171       0.98472339       1.98664184      0.978146343             0.05  0.000625026493  0.000635508508  83
    0.00856413905      0.499693519   -0.00472198958    -0.0286949163      0.985068623        1.9872295      0.978778714             0.05  0.000625026493  0.000634266038  82
     0.0395439505       0.53046489   -0.00362891557   -0.00364249752      0.982369165       1.98354332      0.974285899             0.05  0.000625026493  0.00063638123  81
    0.00807059142      0.493091892    -0.0230488336     0.0386939272      0.984584116       1.98718469      0.978275239             0.05  0.000625026493  0.000634514911  80
     0.0629223508      0.501971534    -0.0236851412    -0.0182427537      0.985166216       1.98672132      0.978625363             0.05  0.000625026493  0.000635074459  79
     0.0556189467      0.490270964    -0.0111670688    0.00545516377      0.984988211       1.98646096      0.978320314             0.05  0.000625026493  0.000635331183  78
     0.0118506716      0.492594943    -0.0255583816    -0.0253304585      0.984202436       1.98654742      0.977582407             0.05  0.000625026493  0.000634896734  77
     0.0844171183      0.446755957    0.00627627484    -0.0116605987       0.99762258       1.99874269       0.99699542             0.05  0.000625026493  0.000626429693  76
     0.0842762213      0.458495607    0.00776045651     0.0030033093      0.997742018       1.99984364      0.997664014             0.05  0.000625026493  0.000626762896  75
     0.0312898023       0.44389713     0.0254251576     -0.011078534      0.998872226       2.00003657      0.998890492             0.05  0.000625026493  0.00062601725  74
     0.0373449331      0.449177734    -0.0398028106  -0.000131858031      0.997653483       1.99988223      0.997594737             0.05  0.000625026493  0.000626729466  73
     0.0833019009      0.449218661    -0.0196343417   -0.00605008752      0.997698376       1.99969754      0.997547495             0.05  0.000625026493  0.00062647229  72
     0.0884871799      0.447470156   -0.00718453173   -0.00548331715      0.997808848       1.99969284      0.997655606             0.05  0.000625026493  0.000626342275  71
      0.034871222      0.460642594    -0.0495533528    -0.0338578105      0.996805053       1.99859527      0.996104931             0.05  0.000625026493  0.000627344859  70
     0.0353602545      0.446079408     0.0256003408   -0.00729799722      0.997806816       1.99965377       0.99763408             0.05  0.000625026493  0.000626610545  69
    0.00960971547      0.401106207     0.0393327242    -0.0384523568      0.997604783         1.999127      0.997169326             0.05  0.000625026493  0.000627535033  68
     0.0648705146      0.400677254     0.0149624503     0.0100988536      0.993357589       1.99470355      0.990726955             0.05  0.000625026493  0.000628714152  67
     0.0612949398      0.406079518     0.0289462614     0.0256474784        0.9938161       1.99536456      0.991512713             0.05  0.000625026493  0.00062841315  66
     0.0151593162      0.399760009     0.0276122949    -0.0372218064      0.998191635       1.99976267      0.998073186             0.05  0.000625026493  0.00062700111  65
     0.0126319945      0.395536014     0.0094138732    -0.0276364596      0.997600099       1.99914076      0.997171512             0.05  0.000625026493  0.000627359892  64
      0.060945236      0.396806812     0.0219680523   -0.00772308675      0.993546737       1.99443614      0.990782761             0.05  0.000625026493  0.000628768126  63
     0.0624282505      0.396436827     0.0183887763    -0.0113407275      0.993434889       1.99405627      0.990482535             0.05  0.000625026493  0.000628805556  62
     0.0127811916       0.40172144      0.017001234    -0.0211681637       0.99791074        1.9987408      0.997282456             0.05  0.000625026493  0.00062727615  61
     0.0853787608      0.353617063    0.00299371133    0.00285723291      0.998744752       2.00032683      0.998907962             0.05  0.000625026493  0.000625128175  60
     0.0879300165       0.34321893     0.0210773873   -0.00458734684      0.997758568       1.99907918      0.997299192             0.05  0.000625026493  0.000625514142  59
     0.0389333845      0.350549947     0.0286365902    -0.0326665061       1.00041052       2.00305005       1.00193617             0.05  0.000625026493  0.000624759162  58
      0.036189879      0.350620255     0.0211141362    -0.0292816318        1.0003716       2.00251926        1.0016317             0.05  0.000625026493  0.000624855137  57
     0.0884786835      0.351719557     0.0176618775     -0.023203796      0.998464064       2.00013411      0.998531019             0.05  0.000625026493  0.000625250598  56
     0.0897593118      0.350508489     0.0140709967   -0.00718381951      0.998458705       2.00013584      0.998526522             0.05  0.000625026493  0.000625213302  55
      0.038157618       0.34263749      0.018535904    -0.0214457171       1.00050774       2.00295628       1.00198663             0.05  0.000625026493  0.000624566439  54
      0.037617813       0.35261166     0.0158749292    -0.0013044747       1.00040872        2.0023823       1.00160035             0.05  0.000625026493  0.00062482753  53
     0.0099547317      0.305450626      0.013839186    -0.0393435337      0.981119919       1.98416325      0.973351045             0.05  0.000625026493  0.000637662674  52
     0.0602928793      0.305050089    0.00115349148    0.00518072213      0.987016622       1.98963632      0.981902061             0.05  0.000625026493  0.000632463238  51
     0.0643254482      0.306439708     0.0124345139    -0.0344080035      0.986399834       1.98895935      0.980954585             0.05  0.000625026493  0.000632776633  50
     0.0112077464      0.304669759     0.0546887102    -0.0058452141      0.981131261       1.98422114      0.973390694             0.05  0.000625026493  0.000637596955  49
     0.0435483078      0.272666053    0.00449965764     -0.028025484      0.987455719       1.99022268      0.982628382             0.05  0.000625026493  0.000633044724  48
     0.0932935149      0.269240715     0.0185446472    0.00022863058      0.983216677       1.98530591       0.97599294             0.05  0.000625026493  0.0006350228  47
     0.0623069667      0.304338513     0.0250522604     0.0158372594      0.986710194       1.98921665      0.981390172             0.05  0.000625026493  0.000632659848  46
     0.0171939583      0.302495366     0.0106704248     0.0147981848      0.982555418       1.98478026        0.9750783             0.05  0.000625026493  0.000636470739  45
     0.0883597921       0.27107816     0.0186359647    0.00551417227      0.983404207       1.98574754      0.976396244             0.05  0.000625026493  0.000634971021  44
      0.088381282      0.266946697     0.0103878231     0.0249466915      0.983561982       1.98645398      0.976900308             0.05  0.000625026493  0.000634924767  43
     0.0390934979      0.264822725    -0.0266109686    -0.0329448314      0.987427506        1.9899867      0.982483799             0.05  0.000625026493  0.000633119513  42
     0.0386473153      0.267591299     0.0304184223      -0.00936803      0.987127703        1.9897172      0.982052487             0.05  0.000625026493  0.000633306514  41
     0.0167642686      0.216839609    -0.0312088699   -0.00844036653       1.00167027       2.00340776         1.003377             0.05  0.000625026493  0.000624032827  40
     0.0646874619      0.221663974    0.00617723795     0.0408164458      0.997829295       1.99967879      0.997669036             0.05  0.000625026493  0.000626578035  39
     0.0636103279       0.22490334      0.039199848   0.000888222433      0.998137639       2.00005966      0.998167411             0.05  0.000625026493  0.000626384556  38
     0.0143483866      0.222287251   -0.00591099838    0.00309250554       1.00116363       2.00272982       1.00253012             0.05  0.000625026493  0.000624280966  37
     0.0162000336      0.226113036     0.0264370716    -0.0243604944       1.00111554       2.00325168        1.0027432             0.05  0.000625026493  0.000624332599  36
     0.0648053647       0.23030097    0.00873674941    -0.0259118247      0.998100757       2.00085105      0.998525472             0.05  0.000625026493  0.000626302079  35
     0.0727255833      0.220927055   0.000971675596   -0.00551541991      0.998535447       2.00152593      0.999297292             0.05  0.000625026493  0.000626003892  34
     0.0169686039      0.230841885    -0.0247319866    0.00379460919       1.00105998       2.00320576       1.00266455             0.05  0.000625026493  0.000624390543  33
     0.0969655191      0.172993142      0.030385445      0.031453129        1.0027799       2.00460182       1.00508721             0.05  0.000625026493  0.000622951885  32
       0.09751361      0.174131164     0.0179248138    -0.0378359473       1.00274243       2.00445373        1.0049754             0.05  0.000625026493  0.000622964555  31
     0.0442117883      0.176744751   -0.00517425856    0.00197640654      0.998628497        2.0000263      0.998641631             0.05  0.000625026493  0.000626393881  30
     0.0419365708      0.173499666   -0.00915345876   -0.00158110583      0.999309369       2.00046115      0.999539786             0.05  0.000625026493  0.000625903079  29
     0.0929800612      0.174740212   -0.00414479979    -0.0162871393       1.00236002       2.00388701       1.00430811             0.05  0.000625026493  0.000623308254  28
     0.0920879585      0.173028776    0.00415343874   -0.00620334067       1.00260402       2.00457148       1.00489571             0.05  0.000625026493  0.000623157126  27
     0.0483076096      0.175308581     0.0244360781     0.0275867659      0.998568381       2.00025925      0.998697819             0.05  0.000625026493  0.00062640223  26
     0.0456574544      0.171503104     0.0202026973    -0.0248588023      0.998918541       2.00034712      0.999091911             0.05  0.000625026493  0.000626116347  25
     0.0231916987      0.128426874     0.0313419316   -0.00557017537       1.00864803       2.01197242       1.01468601             0.05  0.000625026493  0.000619691143  24
      0.076130501      0.125008424    0.00566659701    0.00775708892       1.00610612       2.00819056       1.01022641             0.05  0.000625026493  0.000620909821  23
     0.0833011362      0.115082507     0.0147047985   -0.00671701722       1.00749328       2.01027174       1.01266764             0.05  0.000625026493  0.000620127895  22
     0.0287847193       0.12237727     -0.010064752     0.0239670227       1.00946869       2.01279951       1.01592904             0.05  0.000625026493  0.000619089755  21
     0.0290123913      0.125810336  -0.000315975938    -0.0133676726       1.00914667       2.01215273       1.01527862             0.05  0.000625026493  0.000619263135  20
     0.0764694566       0.12797591    -0.0062451538     0.0113261221        1.0058881       2.00748136       1.00965081             0.05  0.000625026493  0.000621035149  19
      0.072334591       0.12613984     -0.012978145    0.00021582222        1.0057932       2.00780848       1.00972005             0.05  0.000625026493  0.000621076362  18
     0.0231541321      0.119930329    0.00262609217   -0.00261421328       1.00953906       2.01186825       1.01552979             0.05  0.000625026493  0.000619137408  17
    0.00395873039     0.0774557592    -0.0530351082    -0.0185274049      0.996717499       1.99769039      0.995566485             0.05  0.000625026493  0.000627049604  16
    0.00230454319     0.0700558949     0.0145847266     0.0168052877      0.997792476       2.00058629      0.998084972             0.05  0.000625026493  0.000626313004  15
     0.0500322351     0.0831849568   -0.00148512355     0.0202648641      0.997373875       1.99835663      0.996554348             0.05  0.000625026493  0.000626900935  14
      0.054397366     0.0839967107    -0.0109509834   -0.00216553475      0.997369638        1.9976231      0.996184314             0.05  0.000625026493  0.000626895744  13
      0.025237332     0.0456490715   0.000392662972    -0.0184693117      0.996152113       2.01109031       1.00167593             0.05  0.000625026493  0.000627718473  12
   0.000538004627     0.0840003035     0.0190727631     -0.017377165      0.996096159       1.99568653      0.993947842             0.05  0.000625026493  0.000627469817  11
     0.0510916923     0.0789487366     0.0237127772     0.0149441909      0.996685309       1.99702739      0.995203932             0.05  0.000625026493  0.000627434915  10
     0.0786037326      0.043268041    0.00517062665    0.00129362884      0.996053141       1.96229685      0.977275972             0.05  0.000625026493  0.000628105692  9
     0.0279284941     0.0452685181    0.00993543366     0.0106380337      0.995897686       2.02169336       1.00669987             0.05  0.000625026493  0.000627929236  8
     0.0807416179     0.0459276019    -0.0204497352     0.0109064588      0.995693253       1.98154399      0.986504989             0.05  0.000625026493  0.000628290691  7
     0.0714393162     0.0473555325    0.00743454205    -0.0170964896      0.996719351       1.97985793      0.986681356             0.05  0.000625026493  0.000627711268  6
     0.0321141302     0.0414946357    -0.0313361878    0.00969697728      0.996481652       2.02599688       1.00943436             0.05  0.000625026493  0.000627636621  5
     0.0558093831   3.70720764e-07     -0.028999422    -0.0204501777       1.02135529       1.99942117        1.0210597             0.05  0.000625026493  0.000612059806  4
     0.0556571012    1.2584138e-05    -0.0234760992   -0.00365910642       1.02130223       2.00379468       1.02323999             0.05  0.000625026493  0.000612082036  3
    0.00294550474   0.000110111525    -0.0137582422     -0.017505744       1.01717572       2.05796413       1.04665557             0.05  0.000625026493  0.000614106075  2
    0.00673140588   7.87116716e-05     0.0106852496    -0.0175172867       1.01675564       2.04439464       1.03932489             0.05  0.000625026493  0.000614336507  1
