title='particle position' 
variables=x, y, Ux, Uy, rho, e, p, h=supportlength/2, m, V, ID 
   0.000287643169      0.999951264    -0.0309107982     0.0174790832       1.01012454       2.01302802        1.0167045             0.05  0.000625026493  0.000618979173  160
   5.48149878e-05        0.9999578     0.0767993833     0.0174129343       1.01011063       2.01436585       1.01736618             0.05  0.000625026493  0.00061855687  159
     0.0503107287      0.999961761    -0.0319371056      0.017481657       1.01009936       2.01292828       1.01662878             0.05  0.000625026493  0.000619483104  158
     0.0500547008      0.999954205     0.0761684427     0.0174370503       1.01007958       2.01482521       1.01756691             0.05  0.000625026493  0.000619489634  157
     0.0759171925      0.953440366    -0.0755047972    0.00861521274        1.0001768       1.99922921      0.999791338             0.05  0.000625026493  0.000625740016  156
      0.074433309      0.954992959     0.0379456869     0.0166271366       1.00017039        2.0006448       1.00049284             0.05  0.000625026493  0.0006257301  155
     0.0259631714      0.953519232    -0.0761309877     0.0069493034       1.00037061        1.9993509       1.00004594             0.05  0.000625026493  0.000625400348  154
      0.024385187      0.954843623     0.0372164417     0.0154051231       1.00033769       2.00081597       1.00074582             0.05  0.000625026493  0.000625380603  153
      0.021701136      0.944249415     0.0506116104     -0.030925781      0.999935704       2.00002062      0.999946015             0.05  0.000625026493  0.000625418115  152
     0.0716711624      0.948575566    -0.0425594416    -0.0039268587      0.999864298       1.99933692      0.999532803             0.05  0.000625026493  0.000625822344  151
      0.071680944      0.944016865     0.0499982618    -0.0289372752      0.999940887       1.99994314      0.999912456             0.05  0.000625026493  0.000625672983  150
     0.0216322165      0.948557832    -0.0435675639   -0.00708729255      0.999948244       1.99946101      0.999678764             0.05  0.000625026493  0.000625470561  149
     0.0902438397       0.89905916     0.0809340738    -0.0130424559       1.00109102       2.00107141       1.00162731             0.05  0.000625026493  0.000624058621  148
     0.0468779996      0.908771236    -0.0289369798   -0.00518746005       1.00109419        2.0011106        1.0016501             0.05  0.000625026493  0.000624420153  147
     0.0406928658       0.90064726     0.0820533348   -0.00327281923       1.00062032       2.00061908       1.00093006             0.05  0.000625026493  0.000624826871  146
     0.0969851407      0.908186847    -0.0274035082   -0.00956547336        1.0014554       2.00147515       1.00219405             0.05  0.000625026493  0.00062387732  145
     0.0955231819      0.899570737    -0.0541631078     0.0252295006        1.0008466        2.0007927       1.00124328             0.05  0.000625026493  0.000624164023  144
     0.0911711017      0.894814328     0.0367623706    -0.0169228957       1.00075707       2.00071464       1.00111466             0.05  0.000625026493  0.000624220924  143
     0.0457371343      0.896242258    -0.0554558807     0.0054544839       1.00059098       2.00055599       1.00086914             0.05  0.000625026493  0.00062477869  142
     0.0411376718       0.89577331     0.0357461478   -0.00546838999       1.00050657       2.00045595       1.00073466             0.05  0.000625026493  0.000624881617  141
     0.0659716967      0.859386437    -0.0258144024    -0.0241112947      0.993934435       1.99403771      0.990971371             0.05  0.000625026493  0.000628764509  140
     0.0593314869      0.855877076      0.064503945    -0.0231014904       0.99434964       1.99449083      0.991610619             0.05  0.000625026493  0.000628555779  139
     0.0161078522      0.858192791    -0.0280862462    -0.0339181944      0.994790785       1.99497943      0.992293575             0.05  0.000625026493  0.000628450597  138
    0.00991939478      0.855384309     0.0702582147    -0.0296872321      0.995123717       1.99533912      0.992804639             0.05  0.000625026493  0.000628249029  137
     0.0985551001      0.835720436   -0.00201400434    -0.0208441513      0.993755118       1.99379788      0.990673424             0.05  0.000625026493  0.000629050635  136
     0.0683046427      0.848015026    -0.0393383007     0.0473264786      0.993910973       1.99380088      0.990830288             0.05  0.000625026493  0.000628851601  135
         0.048673      0.830369097   0.000867963532    -0.0376968575      0.991866225       1.99186421      0.987831414             0.05  0.000625026493  0.000630242362  134
     0.0188063861      0.850960307     -0.037835137     0.0506078376      0.994481331       1.99439994      0.991696752             0.05  0.000625026493  0.000628550973  133
     0.0857476827      0.814494558     0.0153059136   -0.00141708265      0.990375869       1.99038863      0.985616435             0.05  0.000625026493  0.000631224846  132
     0.0578301465      0.814241326   -0.00593545661    0.00142397204      0.990931835       1.99096971      0.986457635             0.05  0.000625026493  0.000630871662  131
     0.0360750625      0.814349811      0.016213339   -0.00309174746      0.990022067       1.99001408      0.985078927             0.05  0.000625026493  0.000631436492  130
    0.00705905094      0.811875446   -0.00991218604   -0.00846087886      0.991374335       1.99145805      0.987140199             0.05  0.000625026493  0.000630425906  129
     0.0914129559       0.78174577     0.0039413703    -0.0261866795      0.996864401       1.99749762      0.995617133             0.05  0.000625026493  0.000626714053  128
     0.0658883237      0.783767112   0.000594556355   -0.00881023643       0.99660383       1.99723043      0.995223747             0.05  0.000625026493  0.000626980063  127
     0.0413625338       0.77801287    0.00518932283    -0.0440861771      0.997276525       1.99793172      0.996245203             0.05  0.000625026493  0.000626649145  126
     0.0156133701      0.789801488   -0.00124953106     0.0084580061      0.995665891       1.99618176      0.993765045             0.05  0.000625026493  0.000627784189  125
     0.0911183857      0.767031635     0.0200402954   -0.00340368189       0.99542224       1.99605215      0.993457353             0.05  0.000625026493  0.000627492218  124
     0.0599182104      0.768958403    -0.0108987039     0.0174794993      0.996385326        1.9970508      0.994916054             0.05  0.000625026493  0.000627014061  123
      0.040454047      0.767856943     0.0210684939    0.00290911154      0.996155567       1.99680487      0.994564141             0.05  0.000625026493  0.000627293153  122
      0.010318925      0.768235907   -0.00796482527     0.0100216603      0.995567922       1.99620474      0.993678704             0.05  0.000625026493  0.000627846254  121
      0.084048154      0.718883723    -0.0250079877    -0.0101822682      0.989011159       1.98904162      0.983592181             0.05  0.000625026493  0.000631854757  120
     0.0654286101       0.71945916     0.0153285012   -0.00236353425      0.988924652       1.98894579      0.983458763             0.05  0.000625026493  0.000631917777  119
     0.0339480948      0.718646346     -0.025697358   -0.00718643674      0.988990651        1.9890215      0.983561836             0.05  0.000625026493  0.000631973998  118
       0.01534138      0.719270726     0.0151562762   -0.00962191333      0.988579363       1.98859831      0.982943625             0.05  0.000625026493  0.000632310244  117
     0.0843763474      0.730829958    -0.0115687661    0.00475483749       0.98932172       1.98927608      0.984017016             0.05  0.000625026493  0.000631537004  116
     0.0652859271      0.730332799     0.0229763597     -0.001867891      0.989214535       1.98914664      0.983846386             0.05  0.000625026493  0.000631643736  115
     0.0339919634      0.729511122    -0.0149402944   -0.00630110136      0.989252633       1.98918396      0.983902736             0.05  0.000625026493  0.000631766371  114
     0.0150475205      0.731900245     0.0213819003     0.0117299959      0.989063205       1.98904816      0.983647173             0.05  0.000625026493  0.000632001255  113
     0.0888383524      0.670768577     0.0114886301    -0.0215944987      0.991575193       1.99126209      0.987243045             0.05  0.000625026493  0.000630653883  112
     0.0598263688      0.670733668     -0.010380119    -0.0208286748      0.991579466       1.99126366      0.987248078             0.05  0.000625026493  0.00063081704  111
     0.0387781877      0.670706555     0.0119136267    -0.0222120457      0.991685677       1.99136762       0.98740537             0.05  0.000625026493  0.000630739767  110
    0.00974628759      0.670623972    -0.0102981828    -0.0212772388       0.99149358       1.99118277      0.987122466             0.05  0.000625026493  0.000630669368  109
     0.0888721064      0.677999822     0.0135720935      0.016952994      0.991555023       1.99097998        0.9870831             0.05  0.000625026493  0.000630635216  108
     0.0601469838       0.67788746    -0.0133375786      0.015575346      0.991561851       1.99097682      0.987088329             0.05  0.000625026493  0.000630790943  107
     0.0388519662      0.677980717     0.0141681709     0.0172084786      0.991651939       1.99106805      0.987223244             0.05  0.000625026493  0.000630726662  106
     0.0100566833      0.677957037    -0.0139663065       0.01455047      0.991524571       1.99094707      0.987036469             0.05  0.000625026493  0.000630632629  105
     0.0854695271      0.625250023    -0.0109352517    -0.0408293654      0.991858232       1.99197747      0.987879627             0.05  0.000625026493  0.000630194191  104
     0.0636366216      0.625339731    0.00811497122    -0.0403840087      0.991827825       1.99194684      0.987834149             0.05  0.000625026493  0.000630170932  103
     0.0354980489      0.625251808    -0.0108647259    -0.0403798981      0.991837326        1.9919583      0.987849294             0.05  0.000625026493  0.000630120589  102
     0.0136518517      0.625354133      0.008223936      -0.04062914      0.991844076       1.99196219      0.987857948             0.05  0.000625026493  0.000630107149  101
     0.0862380778       0.62230897   -0.00773963378     0.0275314583      0.991988844       1.99215916      0.988099828             0.05  0.000625026493  0.000630109775  100
     0.0630916761      0.622424774    0.00558072648     0.0281617215      0.991954841       1.99212641      0.988049717             0.05  0.000625026493  0.00063008325  99
     0.0362461456      0.622330544   -0.00784220421     0.0279060768      0.991968057       1.99214057      0.988069905             0.05  0.000625026493  0.000630032342  98
     0.0131227255      0.622337936    0.00560283808     0.0280231123       0.99197489       1.99214572      0.988079266             0.05  0.000625026493  0.000630020501  97
     0.0882041336      0.575920357     0.0046713647    -0.0270327743       1.00068397       2.00055302       1.00096066             0.05  0.000625026493  0.000624719617  96
     0.0616947413       0.57585484    -0.0056288693    -0.0272347388       1.00066973       2.00053651       1.00093817             0.05  0.000625026493  0.00062476724  95
     0.0382129552      0.575866494    0.00483926584    -0.0270888771        1.0006661        2.0005327       1.00093263             0.05  0.000625026493  0.000624751704  94
     0.0116905365      0.575899887   -0.00547550828    -0.0273657932       1.00068103       2.00054989       1.00095617             0.05  0.000625026493  0.000624672026  93
     0.0878059894      0.570675404    0.00233888717     0.0130774208       1.00104393       2.00093324       1.00151104             0.05  0.000625026493  0.000624511248  92
     0.0621290854      0.570633076   -0.00299127623     0.0129413731        1.0010299        2.0009168       1.00148877             0.05  0.000625026493  0.000624563342  91
     0.0378208245      0.570615517    0.00227743322     0.0128139426       1.00103056        2.0009175       1.00148978             0.05  0.000625026493  0.00062454653  90
     0.0121422943      0.570658963   -0.00288336457     0.0128109761       1.00103299       2.00092281       1.00149487             0.05  0.000625026493  0.00062447453  89
     0.0872841201      0.531792485   -0.00195916138    -0.0157134356      0.995211371       1.99545981      0.992952147             0.05  0.000625026493  0.000627989759  88
     0.0627377423       0.53180149     0.0021000293    -0.0157497192      0.995208531       1.99545518      0.992947008             0.05  0.000625026493  0.000627972824  87
     0.0372741106      0.531790065   -0.00211420178    -0.0156945066      0.995215656       1.99546378      0.992958396             0.05  0.000625026493  0.000627962425  86
     0.0127317544      0.531784517    0.00193802063    -0.0156807168       0.99521697        1.9954667       0.99296116             0.05  0.000625026493  0.000627972288  85
     0.0875297221      0.513196529   0.000200982982   -0.00732969614      0.997518887       1.99788509      0.996464055             0.05  0.000625026493  0.00062645176  84
     0.0624529687      0.513071354  -0.000343907425   -0.00802391676      0.997527429       1.99789452      0.996477294             0.05  0.000625026493  0.000626402337  83
     0.0375313052      0.513073878   0.000336951576    -0.0079984891      0.997531032       1.99789794      0.996482595             0.05  0.000625026493  0.000626398866  82
      0.012453026      0.513197027   -0.00028762462   -0.00731623595      0.997524148       1.99789034      0.996471929             0.05  0.000625026493  0.000626445189  81
     0.0875902152      0.486625227   0.000577516405    0.00417535722      0.996375333       1.99644595      0.994604747             0.05  0.000625026493  0.000627276091  80
     0.0624323082       0.48664408  -0.000532812787    0.00428956127      0.996372166       1.99644414      0.994600685             0.05  0.000625026493  0.000627271332  79
      0.037607245      0.486640768   0.000696155123    0.00423365178      0.996370465       1.99644171      0.994597779             0.05  0.000625026493  0.000627273475  78
     0.0124424314      0.486619844  -0.000428939428    0.00410655893      0.996373295       1.99644313      0.994601309             0.05  0.000625026493  0.000627279415  77
     0.0874730043      0.457397647   -0.00019648921     -0.029045748      0.996532622       1.99672186      0.994899237             0.05  0.000625026493  0.000627103156  76
     0.0625202522      0.457257259   0.000162427124    -0.0296701827      0.996534472       1.99672461      0.994902453             0.05  0.000625026493  0.000627068044  75
     0.0374680424      0.457252488  -0.000247545677    -0.0296743451      0.996532718       1.99672294      0.994899868             0.05  0.000625026493  0.000627069179  74
     0.0125174511      0.457392764   0.000142617675    -0.0290514795      0.996530892        1.9967202      0.994896683             0.05  0.000625026493  0.000627104507  73
     0.0874877447      0.440802073  -0.000148643973     0.0125786499      0.996339109       1.99677532      0.994732671             0.05  0.000625026493  0.000627181896  72
     0.0625331315      0.440816514   0.000235227878      0.012595628      0.996352142       1.99678793      0.994751963             0.05  0.000625026493  0.000627125822  71
     0.0374724953      0.440816753  -0.000205387956      0.012606707      0.996352566       1.99678852      0.994752684             0.05  0.000625026493  0.000627125396  70
     0.0125178752      0.440802217   0.000168887174     0.0125914503      0.996339627       1.99677602      0.994733537             0.05  0.000625026493  0.000627181298  69
     0.0875032582      0.395688951    2.4562637e-05   -0.00941869222       1.00263376       2.00274257       1.00400866             0.05  0.000625026493  0.00062346737  68
     0.0625007442      0.395693207  -9.12873026e-06   -0.00935347956       1.00264761       2.00275724       1.00402988             0.05  0.000625026493  0.000623482688  67
     0.0375002959      0.395692668   1.19185468e-05    -0.0093595043       1.00264836       2.00275798         1.004031             0.05  0.000625026493  0.000623482268  66
     0.0124972524       0.39568844  -1.76275208e-05   -0.00942347476       1.00263454       2.00274334       1.00400983             0.05  0.000625026493  0.000623466986  65
     0.0875051578      0.401505085   2.78560708e-05   -0.00390989184         1.002624       2.00241487        1.0038346             0.05  0.000625026493  0.000623479474  64
     0.0624996879      0.401452433  -1.44050772e-05   -0.00425903137       1.00263566       2.00242706       1.00385239             0.05  0.000625026493  0.000623498334  63
     0.0375005903      0.401448721   1.18569794e-05   -0.00428397824       1.00263653        2.0024279       1.00385368             0.05  0.000625026493  0.000623497845  62
     0.0124941727      0.401501452  -3.04391949e-05   -0.00393300118       1.00262485        2.0024157       1.00383587             0.05  0.000625026493  0.00062347905  61
     0.0875014529      0.346599572   1.25853832e-05    0.00960388126       1.00169729       2.00228649       1.00284248             0.05  0.000625026493  0.000623738113  60
     0.0625028176      0.346597914   1.81340733e-05    0.00955092693       1.00170266       2.00229188       1.00285055             0.05  0.000625026493  0.000623658104  59
     0.0374976066      0.346597855   -1.5873735e-05    0.00954352508       1.00170327       2.00229253       1.00285149             0.05  0.000625026493  0.000623657639  58
      0.012498281      0.346599496  -1.39059843e-05    0.00959633879        1.0016979       2.00228714       1.00284341             0.05  0.000625026493  0.000623737557  57
     0.0875009449      0.350004203   1.44547538e-05    -0.0181079554       1.00163573        2.0022613       1.00276823             0.05  0.000625026493  0.000623779216  56
     0.0625024539      0.350001211   2.31421796e-05    -0.0181811495       1.00164274       2.00226825       1.00277872             0.05  0.000625026493  0.000623699956  55
     0.0374979249        0.3500007  -1.82179056e-05     -0.018189702        1.0016435       2.00226904       1.00277988             0.05  0.000625026493  0.000623699406  54
     0.0124988278      0.350003734   -1.8525522e-05    -0.0181163525       1.00163648       2.00226208       1.00276938             0.05  0.000625026493  0.00062377858  53
      0.087500073      0.304747431  -2.78736623e-06    0.00664478599        1.0024544       2.00288257       1.00389923             0.05  0.000625026493  0.000623373853  52
     0.0624988128      0.304748688  -1.04040477e-05    0.00666158096       1.00245408       2.00288256        1.0038989             0.05  0.000625026493  0.000623331614  51
     0.0375010604      0.304748718   1.00102744e-05     0.0066633446       1.00245416       2.00288264       1.00389902             0.05  0.000625026493  0.000623331517  50
     0.0125000875      0.304747459   3.38829149e-06    0.00664652565       1.00245447       2.00288265       1.00389933             0.05  0.000625026493  0.000623373688  49
     0.0875000967      0.290971553   1.92905514e-06    -0.0117663824       1.00358554       2.00386798       1.00552646             0.05  0.000625026493  0.000622661942  48
     0.0624996099      0.290973044   3.10542289e-07    -0.0117467745       1.00358719       2.00386981       1.00552903             0.05  0.000625026493  0.000622613245  47
     0.0375003449      0.290973098   1.87800828e-06    -0.0117449043       1.00358726       2.00386986       1.00552913             0.05  0.000625026493  0.00062261319  46
      0.012499966      0.290971597  -3.98584801e-06    -0.0117645369       1.00358561       2.00386804       1.00552656             0.05  0.000625026493  0.000622661862  45
     0.0874995142      0.260015192   4.06673549e-06     0.0105650369       1.00095423       2.00128104       1.00159537             0.05  0.000625026493  0.000624315372  44
     0.0625000016      0.260015346   7.61146555e-06     0.0105575341       1.00095413       2.00128074       1.00159511             0.05  0.000625026493  0.000624274991  43
     0.0375001626      0.260015343  -6.86607467e-06     0.0105559259       1.00095392        2.0012805       1.00159478             0.05  0.000625026493  0.000624275142  42
     0.0125003248      0.260015187  -4.81083646e-06     0.0105634219       1.00095402        2.0012808       1.00159503             0.05  0.000625026493  0.000624315539  41
     0.0875002593      0.234554221   6.97831568e-07   -0.00599112695        1.0039312       2.00415145       1.00601509             0.05  0.000625026493  0.000622499339  40
     0.0625001036      0.234553814   -2.3051694e-06   -0.00599516378       1.00393017       2.00415033       1.00601349             0.05  0.000625026493  0.000622472783  39
     0.0374999072      0.234553747   6.62043281e-07   -0.00599533676       1.00393009       2.00415026       1.00601337             0.05  0.000625026493  0.000622472826  38
     0.0124997281      0.234554144   9.32759506e-07   -0.00599137951       1.00393112       2.00415139       1.00601497             0.05  0.000625026493  0.000622499375  37
     0.0875001244      0.215197583  -4.10340022e-06    0.00572873009       1.00288921       2.00306247       1.00442487             0.05  0.000625026493  0.000623149686  36
     0.0624998829      0.215197283  -5.47270709e-06    0.00572602478       1.00288884       2.00306216       1.00442435             0.05  0.000625026493  0.000623121783  35
     0.0374999749      0.215197226     5.065561e-06    0.00572740607       1.00288901       2.00306234        1.0044246             0.05  0.000625026493  0.000623121674  34
     0.0125000184      0.215197524   4.51518518e-06    0.00573010486       1.00288938       2.00306265       1.00442513             0.05  0.000625026493  0.000623149574  33
     0.0874999794       0.16992243   1.62939412e-06    -0.0114784592       1.00439912       2.00440104       1.00660932             0.05  0.000625026493  0.000622311341  32
     0.0625000309      0.169922769   1.85660587e-06    -0.0114769599        1.0043993       2.00440121       1.00660959             0.05  0.000625026493  0.000622316348  31
     0.0375000206      0.169922744   -1.5943182e-06      -0.01147804       1.00439926       2.00440117       1.00660953             0.05  0.000625026493  0.000622316374  30
     0.0124999692      0.169922405  -1.89088423e-06    -0.0114795409       1.00439909         2.004401       1.00660926             0.05  0.000625026493  0.000622311368  29
     0.0874999212      0.178950248   1.30704228e-06     0.0159876388       1.00438081       2.00440676       1.00659385             0.05  0.000625026493  0.000622323666  28
     0.0624999809      0.178950183   2.24144288e-06     0.0159895673       1.00438123       2.00440721       1.00659449             0.05  0.000625026493  0.000622329961  27
     0.0375000738      0.178950273  -1.41284906e-06     0.0159890239       1.00438129       2.00440727       1.00659458             0.05  0.000625026493  0.000622329932  26
     0.0125000241      0.178950337   -2.1359353e-06     0.0159870888       1.00438087       2.00440681       1.00659393             0.05  0.000625026493  0.000622323643  25
     0.0875000215      0.122728068  -7.49711409e-07    -0.0158861272       1.01067199       2.01077421       1.01611658             0.05  0.000625026493  0.000618463403  24
      0.062500003      0.122727834  -8.95187725e-07    -0.0158868676        1.0106719       2.01077411       1.01611644             0.05  0.000625026493  0.00061847248  23
     0.0374999767      0.122727848    7.3117404e-07     -0.015886041        1.0106719       2.01077412       1.01611645             0.05  0.000625026493  0.000618472474  22
     0.0124999988      0.122728082   9.14092132e-07    -0.0158852978       1.01067199       2.01077421       1.01611659             0.05  0.000625026493  0.000618463392  21
     0.0875000098      0.125733023  -9.86750103e-07     0.0254498501       1.01060721       2.01052567       1.01592587             0.05  0.000625026493  0.000618503659  20
     0.0624999676      0.125732819  -1.23056022e-06     0.0254493379       1.01060707       2.01052551       1.01592564             0.05  0.000625026493  0.000618509616  19
     0.0374999889      0.125732791   9.69284854e-07     0.0254500041       1.01060705       2.01052551       1.01592563             0.05  0.000625026493  0.000618509617  18
     0.0125000338      0.125732995   1.24766906e-06     0.0254505134        1.0106072       2.01052567       1.01592586             0.05  0.000625026493  0.000618503653  17
     0.0875000202     0.0819665131   1.01543243e-06    -0.0153793926       1.00381563       2.00380787       1.00572683             0.05  0.000625026493  0.00062269111  16
     0.0625000528     0.0819665371   1.27456979e-06    -0.0153794645       1.00381591       2.00380815       1.00572725             0.05  0.000625026493  0.00062270038  15
     0.0374999805     0.0819665319  -1.00568453e-06    -0.0153798096       1.00381591       2.00380815       1.00572725             0.05  0.000625026493  0.000622700386  14
     0.0124999463     0.0819665079  -1.28430351e-06    -0.0153797371       1.00381563       2.00380787       1.00572683             0.05  0.000625026493  0.000622691124  13
     0.0875000352     0.0660257853   2.44801417e-07     0.0321825578       1.00532844       2.00511304       1.00789858             0.05  0.000625026493  0.000621712665  12
     0.0625000362     0.0660261625   3.00849593e-08     0.0321837059       1.00532838       2.00511295       1.00789848             0.05  0.000625026493  0.00062171076  11
     0.0374999645     0.0660261443  -2.46234026e-07     0.0321834098       1.00532836       2.00511293       1.00789844             0.05  0.000625026493  0.000621710776  10
     0.0124999643     0.0660257665  -2.80119731e-08     0.0321822584       1.00532841       2.00511302       1.00789854             0.05  0.000625026493  0.000621712684  9
     0.0874999765     0.0361862261  -6.46897628e-07    -0.0369486722       1.00174854       2.00166987       1.00258493             0.05  0.000625026493  0.000623509212  8
     0.0624999645     0.0361860969  -7.68387867e-07    -0.0369497237       1.00174834       2.00166952       1.00258456             0.05  0.000625026493  0.00062336175  7
     0.0375000223     0.0361860913   6.40328647e-07    -0.0369496428       1.00174834       2.00166953       1.00258457             0.05  0.000625026493  0.000623361746  6
     0.0125000365     0.0361862205   7.73992001e-07    -0.0369485914       1.00174854       2.00166989       1.00258494             0.05  0.000625026493  0.000623509204  5
     0.0874999725     0.0127790274   6.70715491e-08     0.0466226216       1.00187644       2.00182237       1.00278933             0.05  0.000625026493  0.000623534774  4
     0.0624999784     0.0127792549   2.02973428e-07     0.0466247358       1.00187647       2.00182199       1.00278917             0.05  0.000625026493  0.000623424069  3
     0.0375000288     0.0127792646   -5.9694132e-08     0.0466248706       1.00187648       2.00182202       1.00278921             0.05  0.000625026493  0.000623424057  2
     0.0125000204     0.0127790371  -2.10133754e-07      0.046622756       1.00187646        2.0018224       1.00278937             0.05  0.000625026493  0.00062353476  1
