title='particle position' 
variables=x, y, Ux, Uy, rho, e, p, h=supportlength/2, m, V, ID 
    0.00526957658      0.999922827     0.0119244379     0.0261678184       1.00063186       2.00120148       1.00123298             0.05  0.000625026493  0.000625058053  160
     0.0803527563      0.999928495     0.0123706201     0.0261736407       1.00062782       2.00120411       1.00123026             0.05  0.000625026493  0.000624355663  159
     0.0552703542      0.999932336     0.0119217633     0.0261677944       1.00063141        2.0011919       1.00122774             0.05  0.000625026493  0.000624599834  158
     0.0303530676      0.999925363     0.0123513743     0.0261682499       1.00063045       2.00120537       1.00123351             0.05  0.000625026493  0.000624879382  157
     0.0738749871      0.947546973     0.0014442227     0.0208116307      0.996344293       1.99679259       0.99474645             0.05  0.000625026493  0.000627328817  156
     0.0489543711      0.947537768    0.00180415804     0.0206761132      0.996349269       1.99680247      0.994756341             0.05  0.000625026493  0.000627566793  155
     0.0238776629      0.947552395    0.00145633544     0.0208505591      0.996346561       1.99680268      0.994753743             0.05  0.000625026493  0.000627755209  154
     0.0989522673      0.947543901    0.00176343301     0.0207310108      0.996350338       1.99680729      0.994759807             0.05  0.000625026493  0.000627166987  153
    0.00373088438      0.952333495     0.0105663107     -0.021775699      0.996226404       1.99648689      0.994476476             0.05  0.000625026493  0.000627984251  152
     0.0786491876      0.952334385     0.0100201375    -0.0217254691      0.996223374       1.99647811      0.994469081             0.05  0.000625026493  0.000627388657  151
     0.0537319175      0.952334459     0.0105414786    -0.0217074422      0.996224973       1.99648553      0.994474369             0.05  0.000625026493  0.000627675105  150
     0.0286501333      0.952338382     0.0100340792    -0.0217443649      0.996225971       1.99648662      0.994475913             0.05  0.000625026493  0.000627913193  149
     0.0785980958      0.898185769    -0.0168501536    -0.0199734551      0.999950198       1.99956754      0.999733979             0.05  0.000625026493  0.000625199388  148
     0.0535601859      0.898171955    -0.0170861577    -0.0201030228      0.999951708       1.99956915      0.999736293             0.05  0.000625026493  0.000625272712  147
      0.028599174      0.898188119    -0.0168335514    -0.0200043309      0.999949993       1.99956739      0.999733701             0.05  0.000625026493  0.0006253008  146
    0.00356118897      0.898160374    -0.0170811719    -0.0201186195      0.999955038       1.99957238      0.999741236             0.05  0.000625026493  0.000625256388  145
    0.00401763661      0.901596186     0.0189961639     0.0184747716      0.999863672       1.99964144      0.999684415             0.05  0.000625026493  0.000625306835  144
     0.0790500617      0.901556625     0.0192335011     0.0183652421       0.99986032       1.99963728      0.999678987             0.05  0.000625026493  0.000625262417  143
     0.0540203685       0.90156721     0.0189992293     0.0184029871      0.999861963       1.99963944      0.999681708             0.05  0.000625026493  0.000625326748  142
     0.0290507326       0.90156859     0.0192439288     0.0183666713      0.999859852       1.99963707      0.999678413             0.05  0.000625026493  0.000625350009  141
     0.0815279887      0.853818777   -0.00135177871    -0.0121757005        1.0059504       2.00614107       1.00903921             0.05  0.000625026493  0.000621258901  140
     0.0565219279       0.85381842   -0.00129739501    -0.0121232655        1.0059457       2.00613638       1.00903213             0.05  0.000625026493  0.000621322719  139
     0.0315302036      0.853824504   -0.00129888003     -0.012182688       1.00594923       2.00613975       1.00903737             0.05  0.000625026493  0.000621381327  138
    0.00652332632      0.853816414   -0.00129328309    -0.0120806359       1.00594713       2.00613765        1.0090342             0.05  0.000625026493  0.000621388677  137
     0.0933687904      0.845342614     0.0133133751     0.0104850163       1.00631465       2.00643514       1.00955254             0.05  0.000625026493  0.000621065565  136
      0.068342447      0.845323696     0.0132063267     0.0104307471       1.00631599       2.00643658       1.00955461             0.05  0.000625026493  0.000621099925  135
     0.0433688856      0.845316842     0.0133214759     0.0103578037       1.00631412       2.00643457       1.00955172             0.05  0.000625026493  0.000621121202  134
     0.0183428443      0.845358245     0.0132083116     0.0105799436       1.00631604       2.00643634       1.00955454             0.05  0.000625026493  0.00062111319  133
     0.0834275573      0.809756133     -0.021652374   -0.00752017205       1.00208569       2.00222389       1.00319996             0.05  0.000625026493  0.000623926188  132
     0.0584539551      0.809773286    -0.0215495892   -0.00748163874       1.00208941       2.00222723       1.00320535             0.05  0.000625026493  0.000623797962  131
     0.0334229247      0.809762601    -0.0217057059   -0.00755611674       1.00208172       2.00221941       1.00319373             0.05  0.000625026493  0.000623624023  130
     0.0084546914      0.809766856    -0.0215505251    -0.0075125614       1.00208396       2.00222184       1.00319719             0.05  0.000625026493  0.000623479824  129
     0.0882632242       0.78786951    0.00602463379     0.0039160004       1.00479695       2.00488958       1.00725347             0.05  0.000625026493  0.000622208221  128
     0.0632727991      0.787844143    0.00609077733    0.00374796089       1.00479422       2.00488647       1.00724917             0.05  0.000625026493  0.000622120268  127
     0.0382612932      0.787851712    0.00602716009     0.0037964431       1.00479515        2.0048875       1.00725062             0.05  0.000625026493  0.000621982674  126
     0.0132714979      0.787866272    0.00608854278    0.00391780753        1.0047949       2.00488735       1.00725029             0.05  0.000625026493  0.000621862047  125
     0.0882752982      0.765866751   0.000382764805  -0.000353365079       1.00184267       2.00184274       1.00276574             0.05  0.000625026493  0.000623955845  124
      0.063254994      0.765867812   0.000253241478  -0.000379388123       1.00184658       2.00184688       1.00277173             0.05  0.000625026493  0.000623926679  123
     0.0382745242      0.765874139   0.000385823468  -0.000339257147       1.00184471       2.00184487       1.00276885             0.05  0.000625026493  0.00062388025  122
     0.0132554927      0.765866669     0.0002521528  -0.000383240895       1.00184335       2.00184347       1.00276678             0.05  0.000625026493  0.000623827965  121
     0.0872122982      0.730205884   -0.00169724853     -0.017134881       1.00556045       2.00582062       1.00848694             0.05  0.000625026493  0.000621495538  120
     0.0622165341       0.73020009   -0.00164296177    -0.0171775275       1.00556239       2.00582272       1.00848995             0.05  0.000625026493  0.000621455654  119
      0.037211426      0.730199199   -0.00170844286    -0.0171855371       1.00556123       2.00582152       1.00848818             0.05  0.000625026493  0.000621447453  118
     0.0122160457      0.730204663   -0.00165132167    -0.0171353366       1.00555988          2.00582       1.00848606             0.05  0.000625026493  0.000621468145  117
     0.0876291315      0.721922433   0.000124911604     0.0169929394       1.00511559       2.00535928       1.00780894             0.05  0.000625026493  0.000621758272  116
     0.0626391214      0.721923705   0.000187474609     0.0169931201        1.0051177        2.0053615       1.00781217             0.05  0.000625026493  0.000621715163  115
      0.037628021      0.721926248   0.000114086834     0.0170072643       1.00511662       2.00536036       1.00781052             0.05  0.000625026493  0.000621702839  114
     0.0126388833      0.721922787   0.000183548707     0.0169885559       1.00511546       2.00535915       1.00780874             0.05  0.000625026493  0.000621724432  113
     0.0875233727      0.677323491  -0.000126129505    -0.0363842849       1.00000621         2.000106       1.00005921             0.05  0.000625026493  0.000625034467  112
     0.0625204307      0.677324362  -0.000155906076    -0.0363806379       1.00000655       2.00010639       1.00005975             0.05  0.000625026493  0.000625027832  111
      0.037523555      0.677323832  -0.000125628195    -0.0363851926       1.00000672       2.00010658       1.00006001             0.05  0.000625026493  0.000625022706  110
     0.0125207753      0.677323467  -0.000154581007    -0.0363801309       1.00000655       2.00010639       1.00005975             0.05  0.000625026493  0.000625021356  109
     0.0875320037      0.674063301   0.000160669183     0.0391775391      0.999925691       1.99994528      0.999898334             0.05  0.000625026493  0.000625077862  108
     0.0625284591       0.67406301   0.000140922345     0.0391834583      0.999926085       1.99994571       0.99989894             0.05  0.000625026493  0.000625073112  107
     0.0375317192      0.674063672   0.000159064429     0.0391870232      0.999926202       1.99994585      0.999899129             0.05  0.000625026493  0.00062506895  106
     0.0125279623      0.674063663   0.000137385581     0.0391792887      0.999926086       1.99994572      0.999898946             0.05  0.000625026493  0.000625067208  105
     0.0875098502      0.630441907    1.3862106e-05    -0.0258479444       1.00055346       2.00078268       1.00094502             0.05  0.000625026493  0.000624596089  104
     0.0625108375      0.630443467   2.49789149e-05    -0.0258424771       1.00055306       2.00078226       1.00094441             0.05  0.000625026493  0.000624570569  103
     0.0375100058      0.630443589   1.46745105e-05    -0.0258411946       1.00055302       2.00078223       1.00094435             0.05  0.000625026493  0.000624571059  102
     0.0125111859      0.630442118   2.70059446e-05    -0.0258453523       1.00055342       2.00078265       1.00094496             0.05  0.000625026493  0.000624597287  101
     0.0874995903      0.620263187   6.48890238e-06     0.0329915074       1.00105442       2.00121395       1.00166203             0.05  0.000625026493  0.000624306062  100
     0.0625004726      0.620261605   1.17884868e-05     0.0329852839       1.00105431       2.00121382       1.00166186             0.05  0.000625026493  0.000624286791  99
     0.0374995948      0.620261667   6.88198679e-06     0.0329857769       1.00105431       2.00121383       1.00166186             0.05  0.000625026493  0.000624287301  98
     0.0125004157      0.620263237   1.14306585e-05     0.0329919712       1.00105441       2.00121394       1.00166202             0.05  0.000625026493  0.000624307346  97
     0.0875025558      0.584720691   1.39740096e-05    -0.0156785808      0.998636453       1.99870871      0.997991688             0.05  0.000625026493  0.000625855574  96
     0.0625021263      0.584721489   1.11424134e-05    -0.0156756003      0.998636518       1.99870877      0.997991783             0.05  0.000625026493  0.000625851991  95
     0.0375025783      0.584721537   1.37680582e-05    -0.0156751987      0.998636456       1.99870871      0.997991691             0.05  0.000625026493  0.000625852366  94
     0.0125022204      0.584720752   1.17157159e-05    -0.0156780378      0.998636381       1.99870863      0.997991579             0.05  0.000625026493  0.000625856485  93
     0.0875000371      0.565135635  -3.94474394e-06     0.0191791996       1.00021428       2.00029543       1.00036203             0.05  0.000625026493  0.000624864174  92
     0.0624999277       0.56513473  -4.45550817e-06      0.019172442       1.00021436       2.00029552       1.00036216             0.05  0.000625026493  0.000624853438  91
     0.0374999989      0.565134695   -4.2180885e-06      0.019172298       1.00021435       2.00029551       1.00036214             0.05  0.000625026493  0.000624853626  90
     0.0124998892      0.565135598  -4.41701018e-06     0.0191790894       1.00021426       2.00029542       1.00036201             0.05  0.000625026493  0.00062486464  89
     0.0875001996      0.538571125   1.39383725e-06   -0.00364614896      0.998468279       1.99846933      0.997704115             0.05  0.000625026493  0.000625987476  88
     0.0625003982      0.538571428   2.76102136e-06   -0.00364408284      0.998468444        1.9984695      0.997704367             0.05  0.000625026493  0.000625990665  87
     0.0375001875      0.538571457   1.47400253e-06    -0.0036438325      0.998468454       1.99846951      0.997704381             0.05  0.000625026493  0.000625990713  86
     0.0125004017      0.538571153   2.81697372e-06   -0.00364591416      0.998468286       1.99846933      0.997704126             0.05  0.000625026493  0.000625987617  85
      0.087500076      0.511312463   4.50310179e-07    0.00116199318      0.999042559       1.99910122      0.998593599             0.05  0.000625026493  0.000625603302  84
     0.0625000673       0.51131233   3.41400383e-07    0.00116004149      0.999042596       1.99910126      0.998593657             0.05  0.000625026493  0.000625595108  83
     0.0375000741      0.511312308   9.69597424e-08    0.00115983203      0.999042596       1.99910126      0.998593656             0.05  0.000625026493  0.000625595129  82
     0.0125000563      0.511312439  -8.53067958e-08    0.00116177795      0.999042559       1.99910122      0.998593599             0.05  0.000625026493  0.00062560336  81
     0.0875000795      0.490931173     5.478964e-07     0.0101482099      0.998580121       1.99860461      0.997883414             0.05  0.000625026493  0.000625903554  80
     0.0625000104      0.490931177   -5.8552944e-08     0.0101487777      0.998580166       1.99860465      0.997883482             0.05  0.000625026493  0.000625902181  79
     0.0375000479      0.490931189   4.42788252e-07     0.0101488482      0.998580163       1.99860465      0.997883478             0.05  0.000625026493  0.000625902195  78
     0.0124999782      0.490931185  -1.06379524e-07     0.0101482801      0.998580119        1.9986046      0.997883411             0.05  0.000625026493  0.000625903586  77
     0.0874999922      0.460130786  -3.62936728e-08    -0.0092080547      0.997785297        1.9977897      0.996682597             0.05  0.000625026493  0.000626412545  76
      0.062500006      0.460130885   7.42596973e-08   -0.00920776116      0.997785275       1.99778968      0.996682564             0.05  0.000625026493  0.00062641255  75
     0.0375000169      0.460130879    6.7994409e-08     -0.009207791      0.997785275       1.99778968      0.996682564             0.05  0.000625026493  0.000626412553  74
     0.0125000326      0.460130779   1.84283828e-07   -0.00920808693      0.997785297       1.99778971      0.996682597             0.05  0.000625026493  0.000626412554  73
     0.0875000041      0.440978528   6.67292994e-09     0.0168754103      0.998187523       1.99818336      0.997280847             0.05  0.000625026493  0.000626165068  72
     0.0625000166      0.440978442   1.41839425e-07     0.0168751046      0.998187538       1.99818337      0.997280871             0.05  0.000625026493  0.000626166854  71
     0.0374999886      0.440978447  -1.05184866e-07     0.0168751523       0.99818754       1.99818337      0.997280874             0.05  0.000625026493  0.000626166854  70
     0.0125000001      0.440978533  -2.48674712e-09     0.0168754538      0.998187525       1.99818336       0.99728085             0.05  0.000625026493  0.000626165071  69
     0.0874999985      0.410958793  -3.86997745e-09   -0.00854097518      0.997515997       1.99748303       0.99626064             0.05  0.000625026493  0.000626596111  68
     0.0624999925      0.410958863  -5.25663857e-08   -0.00854051633      0.997515989       1.99748302      0.996260627             0.05  0.000625026493  0.000626601909  67
     0.0375000101      0.410958863   6.94216901e-08   -0.00854052746      0.997515987       1.99748302      0.996260625             0.05  0.000625026493  0.000626601911  66
     0.0125000043      0.410958793    2.6463989e-08   -0.00854098691      0.997515995       1.99748303      0.996260637             0.05  0.000625026493  0.000626596114  65
     0.0875000022      0.389465526     1.949498e-08     0.0128974913      0.998270868       1.99825787      0.997401308             0.05  0.000625026493  0.000626117294  64
     0.0625000019      0.389465484   7.96498306e-09     0.0128971276      0.998270867       1.99825787      0.997401305             0.05  0.000625026493  0.000626119389  63
     0.0374999987      0.389465483   -1.0707116e-08     0.0128971314      0.998270866       1.99825786      0.997401305             0.05  0.000625026493  0.00062611939  62
      0.012499998      0.389465525  -1.37301659e-08     0.0128974939      0.998270868       1.99825787      0.997401308             0.05  0.000625026493  0.000626117294  61
     0.0874999992      0.362358952  -1.93217645e-08   -0.00270605896      0.997865171       1.99782662      0.996780803             0.05  0.000625026493  0.000626379469  60
     0.0625000003      0.362358963  -6.30352138e-09   -0.00270590058      0.997865173       1.99782663      0.996780806             0.05  0.000625026493  0.000626386084  59
     0.0374999995      0.362358964   6.40046728e-09   -0.00270589114      0.997865173       1.99782663      0.996780806             0.05  0.000625026493  0.000626386084  58
     0.0125000015      0.362358953   2.29688078e-08   -0.00270604994      0.997865171       1.99782662      0.996780803             0.05  0.000625026493  0.000626379469  57
     0.0874999992      0.337914102   1.70326737e-09    0.00524175981      0.998249248       1.99822506      0.997363331             0.05  0.000625026493  0.00062613355  56
     0.0624999992      0.337914104     2.203819e-09    0.00524170222      0.998249247       1.99822506      0.997363329             0.05  0.000625026493  0.000626136596  55
     0.0375000012      0.337914103   1.30915174e-09    0.00524169472      0.998249247       1.99822506      0.997363329             0.05  0.000625026493  0.000626136596  54
     0.0125000006      0.337914101   -4.5385737e-09    0.00524175201      0.998249249       1.99822506      0.997363331             0.05  0.000625026493  0.00062613355  53
     0.0875000016      0.313325025   9.01631084e-09    0.00308430646      0.998200088       1.99816394      0.997283709             0.05  0.000625026493  0.000626168629  52
     0.0625000013      0.313325017   4.76287564e-09      0.003084289      0.998200091       1.99816394      0.997283713             0.05  0.000625026493  0.000626174683  51
     0.0374999987      0.313325018  -6.02174972e-09    0.00308429199      0.998200091       1.99816394      0.997283713             0.05  0.000625026493  0.000626174683  50
     0.0124999985      0.313325025  -7.46180398e-09    0.00308430929      0.998200088       1.99816394      0.997283709             0.05  0.000625026493  0.000626168629  49
      0.087499999       0.28714077  -6.83062981e-09   2.07428838e-05      0.998222794       1.99818142      0.997315118             0.05  0.000625026493  0.000626156497  48
     0.0624999991      0.287140778   -5.8417004e-09   2.07866704e-05      0.998222792       1.99818142      0.997315116             0.05  0.000625026493  0.000626162135  47
     0.0375000009      0.287140777   5.74095326e-09   2.07852435e-05      0.998222792       1.99818142      0.997315116             0.05  0.000625026493  0.000626162135  46
     0.0125000011       0.28714077   7.01632952e-09   2.07413882e-05      0.998222794       1.99818142      0.997315118             0.05  0.000625026493  0.000626156497  45
     0.0875000005      0.263522006   4.51813781e-09    0.00583796221      0.998457985       1.99841388      0.997666149             0.05  0.000625026493  0.000626010612  44
     0.0625000006      0.263522002    4.9884576e-09    0.00583792569      0.998457986       1.99841388       0.99766615             0.05  0.000625026493  0.000626017388  43
     0.0374999995      0.263522002  -4.70298366e-09    0.00583792641      0.998457986       1.99841388       0.99766615             0.05  0.000625026493  0.000626017388  42
     0.0124999995      0.263522006  -4.77444961e-09    0.00583796288      0.998457985       1.99841388      0.997666149             0.05  0.000625026493  0.000626010612  41
     0.0874999999      0.237114934  -2.34176054e-09   -0.00152524384      0.998370016         1.998318      0.997530389             0.05  0.000625026493  0.000626068243  40
     0.0624999998      0.237114936  -2.59680347e-09   -0.00152522051      0.998370015         1.998318      0.997530389             0.05  0.000625026493  0.000626075707  39
     0.0375000002      0.237114936   2.58392806e-09    -0.0015252204      0.998370015         1.998318      0.997530389             0.05  0.000625026493  0.000626075707  38
     0.0125000002      0.237114934   2.35394178e-09   -0.00152524375      0.998370016         1.998318      0.997530389             0.05  0.000625026493  0.000626068243  37
     0.0874999999      0.213173352    7.1736647e-10    0.00525399015      0.998718557       1.99866883      0.998053825             0.05  0.000625026493  0.00062585014  36
     0.0624999999      0.213173352   8.30087248e-10    0.00525398251      0.998718556       1.99866883      0.998053825             0.05  0.000625026493  0.00062585752  35
     0.0375000001      0.213173352   -7.3217029e-10    0.00525398209      0.998718556       1.99866883      0.998053825             0.05  0.000625026493  0.00062585752  34
     0.0125000001      0.213173352  -8.02024621e-10    0.00525398971      0.998718557       1.99866883      0.998053825             0.05  0.000625026493  0.00062585014  33
     0.0875000001      0.187414777   3.71065206e-10  -0.000552782421      0.998679197       1.99861651      0.997988366             0.05  0.000625026493  0.000625879253  32
     0.0625000001      0.187414777   2.45276269e-10  -0.000552784024      0.998679198       1.99861651      0.997988366             0.05  0.000625026493  0.000625888551  31
     0.0374999999      0.187414777   -4.0216267e-10  -0.000552783671      0.998679198       1.99861651      0.997988366             0.05  0.000625026493  0.000625888551  30
     0.0124999999      0.187414777  -2.28570453e-10  -0.000552782077      0.998679197       1.99861651      0.997988366             0.05  0.000625026493  0.000625879253  29
     0.0874999999       0.16273662  -9.57714948e-10     0.0027594475        0.9988984       1.99884267      0.998320371             0.05  0.000625026493  0.000625739797  28
     0.0624999999       0.16273662  -8.78096895e-10    0.00275945161        0.9988984       1.99884267      0.998320371             0.05  0.000625026493  0.0006257479  27
     0.0375000001       0.16273662   9.53076015e-10     0.0027594515        0.9988984       1.99884267      0.998320371             0.05  0.000625026493  0.0006257479  26
     0.0125000001       0.16273662   9.00322916e-10    0.00275944738        0.9988984       1.99884267      0.998320371             0.05  0.000625026493  0.000625739797  25
     0.0875000001      0.137644932   5.88282353e-10   0.000905903289      0.999003826       1.99894466      0.998476683             0.05  0.000625026493  0.000625675328  24
     0.0625000001      0.137644932   6.03845575e-10   0.000905900522      0.999003826       1.99894466      0.998476684             0.05  0.000625026493  0.000625684447  23
     0.0374999999      0.137644932  -6.05499853e-10   0.000905900512      0.999003826       1.99894466      0.998476684             0.05  0.000625026493  0.000625684447  22
     0.0124999999      0.137644932  -6.05327165e-10   0.000905903272      0.999003826       1.99894466      0.998476683             0.05  0.000625026493  0.000625675328  21
           0.0875      0.112495691  -2.66504552e-10   0.000768878342      0.999067112       1.99900668      0.998570915             0.05  0.000625026493  0.000625636291  20
           0.0625      0.112495691  -3.13442519e-10   0.000768879421      0.999067112       1.99900668      0.998570915             0.05  0.000625026493  0.00062564519  19
           0.0375      0.112495691   3.01092096e-10    0.00076887946      0.999067112       1.99900668      0.998570915             0.05  0.000625026493  0.00062564519  18
           0.0125      0.112495691   2.96661378e-10   0.000768878376      0.999067112       1.99900668      0.998570915             0.05  0.000625026493  0.000625636291  17
           0.0875     0.0876883294   1.27838542e-11    0.00132351438       0.99919996        1.9991453      0.998772952             0.05  0.000625026493  0.000625550855  16
           0.0625     0.0876883295   1.69479741e-11    0.00132351456       0.99919996        1.9991453      0.998772952             0.05  0.000625026493  0.000625559308  15
           0.0375     0.0876883295  -9.17306428e-12    0.00132351454       0.99919996        1.9991453      0.998772952             0.05  0.000625026493  0.000625559308  14
           0.0125     0.0876883294  -3.55117819e-11    0.00132351436       0.99919996        1.9991453      0.998772952             0.05  0.000625026493  0.000625550855  13
           0.0875       0.06242817   1.69076512e-10  -0.000211408155      0.999216884       1.99916307      0.998798749             0.05  0.000625026493  0.00062554269  12
           0.0625       0.06242817   1.82229377e-10  -0.000211408464      0.999216884       1.99916307      0.998798749             0.05  0.000625026493  0.000625551829  11
           0.0375     0.0624281699  -1.84596119e-10  -0.000211408466      0.999216884       1.99916307      0.998798749             0.05  0.000625026493  0.000625551829  10
           0.0125       0.06242817   -1.5564596e-10  -0.000211408161      0.999216884       1.99916307      0.998798749             0.05  0.000625026493  0.00062554269  9
           0.0875      0.037636716  -1.17039836e-10     0.0012089262      0.999296179       1.99924322      0.998918056             0.05  0.000625026493  0.000625497987  8
           0.0625      0.037636716  -1.07201427e-10    0.00120892595      0.999296179       1.99924322      0.998918056             0.05  0.000625026493  0.000625508771  7
           0.0375      0.037636716   1.02066955e-10    0.00120892596      0.999296179       1.99924322      0.998918056             0.05  0.000625026493  0.000625508771  6
           0.0125      0.037636716   1.15594233e-10    0.00120892621      0.999296179       1.99924322      0.998918056             0.05  0.000625026493  0.000625497987  5
           0.0875     0.0124089064   1.96812692e-11  -0.000881323632      0.999295707       1.99924569      0.998918817             0.05  0.000625026493  0.00062548911  4
           0.0625     0.0124089064   7.56180278e-12  -0.000881323129      0.999295707       1.99924569      0.998918817             0.05  0.000625026493  0.000625496754  3
           0.0375     0.0124089064  -3.57827098e-12  -0.000881323142      0.999295707       1.99924569      0.998918817             0.05  0.000625026493  0.000625496754  2
           0.0125     0.0124089064  -2.14940897e-11  -0.000881323646      0.999295707       1.99924569      0.998918817             0.05  0.000625026493  0.00062548911  1
