title='particle position' 
variables=x, y, Ux, Uy, rho, e, p, h=supportlength/2, m, V, ID 
     0.0914986686      0.999999998     0.0334061528   0.000951306584       1.00409457       2.01099522       1.00961469             0.05  0.000625026493  0.000622232921  160
     0.0889741016      0.999999977    0.00148569192   0.000872394193       1.00423479       2.02129818       1.01492898             0.05  0.000625026493  0.000622163628  159
     0.0427015861      0.999999994     0.0155495699    0.00094640713       1.00411248       2.01468379       1.01148457             0.05  0.000625026493  0.000622758792  158
      0.037894607       0.99999997      0.016001758   0.000913492333       1.00408149       1.99694548         1.002548             0.05  0.000625026493  0.000622851042  157
     0.0683003654      0.948471901   -0.00684015435    0.00512817605      0.999231878        2.0015653       1.00001393             0.05  0.000625026493  0.000625737217  156
     0.0658466922      0.948424858    -0.0133602285    0.00597503588      0.999335818       2.00330573       1.00098759             0.05  0.000625026493  0.000625647245  155
     0.0151280102      0.955028084   -0.00556979782    -0.0179565223      0.997838907        1.9961925       0.99593927             0.05  0.000625026493  0.000626369076  154
     0.0172710364      0.949707812    -0.0221721232    -0.0027032421      0.998037093       2.00311865      0.999593359             0.05  0.000625026493  0.000626170474  153
     0.0158231867      0.950589792  -0.000148608873   -0.00213626708      0.997838533       2.00438869       1.00002813             0.05  0.000625026493  0.000626284405  152
     0.0669361836      0.949203163    -0.0091772819     0.0241823884      0.999240688       2.00114011       0.99981031             0.05  0.000625026493  0.000625715088  151
     0.0644476177      0.954744367     0.0107396844    -0.0124785026      0.999461056       2.00252693       1.00072384             0.05  0.000625026493  0.00062553838  150
     0.0184236396      0.944800673   -0.00800995739   -0.00714017132      0.998575416       1.99742816      0.997291327             0.05  0.000625026493  0.000625755144  149
     0.0892051574      0.901312758    -0.0131879951   -0.00674235553       1.00212262       2.00414934       1.00420169             0.05  0.000625026493  0.000624278145  148
     0.0429837199      0.901987158      0.019649757    0.00410189597       1.00755595       2.00798632       1.01157929             0.05  0.000625026493  0.000620370782  147
     0.0417770029      0.895962476     0.0033229118     -0.021554301       1.00737514       2.00874633       1.01178056             0.05  0.000625026493  0.000620507853  146
      0.091871455      0.904563446     -0.020996519    0.00873300044       1.00202951       2.00359616       1.00383124             0.05  0.000625026493  0.000624372569  145
     0.0945948371      0.890120302   -0.00675762908    0.00657634703       1.00241513       2.00409724       1.00446869             0.05  0.000625026493  0.000624104553  144
     0.0929242748      0.904196272   0.000369478712    -0.0361332062       1.00207325       2.00338472       1.00376912             0.05  0.000625026493  0.000624358608  143
     0.0427325157      0.899038151    0.00372171701     0.0147010039       1.00755747        2.0092757       1.01223037             0.05  0.000625026493  0.000620387235  142
     0.0409257516      0.903327195    -0.0176474022    0.00468194283       1.00748158       2.00861455       1.01182108             0.05  0.000625026493  0.000620390597  141
     0.0662371808      0.857060008    -0.0181388647    -0.0431467369      0.990333109       1.99250302      0.986620858             0.05  0.000625026493  0.000631329594  140
     0.0633290588      0.856020233    -0.0227878361   -0.00242832758        0.9903407       1.99232884      0.986542169             0.05  0.000625026493  0.000631287441  139
     0.0131078006      0.854859144    -0.0284326952    0.00375693001      0.989174267       1.99292348      0.985674312             0.05  0.000625026493  0.000631739177  138
     0.0139890134      0.859356643     -0.004483743   -0.00289809727      0.989078647       1.99203957        0.9851419             0.05  0.000625026493  0.000631761654  137
     0.0907097319      0.817673611    -0.0072035592    0.00535130702       0.99069246       1.99204929      0.986754108             0.05  0.000625026493  0.00063044294  136
     0.0643622201      0.855062973    -0.0105758669    -0.0235435719      0.990251116       1.99215013      0.986364447             0.05  0.000625026493  0.000631338834  135
     0.0423373404      0.822518686     0.0236128201   -0.00908600776      0.990424008       1.99338924      0.987150279             0.05  0.000625026493  0.000631168569  134
      0.016769759      0.852410777    -0.0124377508     0.0311484157      0.989093811       1.99118671      0.984735226             0.05  0.000625026493  0.000631890318  133
     0.0920263567      0.819982147     0.0229829958      0.024183521      0.990661169       1.99317794      0.987281996             0.05  0.000625026493  0.000630439505  132
     0.0411153736      0.819617677     0.0178269852    -0.0100378368      0.990567112         1.992719       0.98696095             0.05  0.000625026493  0.000631087729  131
     0.0418143612      0.816511281   -0.00854243174     0.0131841684      0.990878122       1.99297542      0.987397872             0.05  0.000625026493  0.000630885895  130
     0.0901640034      0.821993534      0.048668244    -0.0215742075      0.990760565        1.9930644      0.987324806             0.05  0.000625026493  0.00063041591  129
     0.0156369133      0.786653184     0.0112073658   -0.00787243166       1.00194898        2.0036052       1.00375509             0.05  0.000625026493  0.000624096887  128
     0.0633257767      0.778282113    -0.0127413294   -0.00753014171       1.00419041       2.00540354       1.00690351             0.05  0.000625026493  0.000622394323  127
      0.066920818      0.776307602    -0.0166993258    -0.0135971475       1.00406111       2.00481734       1.00647956             0.05  0.000625026493  0.000622498953  126
     0.0148728664      0.771144129     0.0091730813   -0.00178122161      0.999726679       2.00125482       1.00035392             0.05  0.000625026493  0.000625470999  125
     0.0179161491      0.776174698    -0.0155893962    0.00612474709       1.00012869       2.00225126       1.00125446             0.05  0.000625026493  0.000625187599  124
     0.0659208442      0.769090317     0.0113782418   -0.00186722825       1.00445502       2.00598738       1.00746205             0.05  0.000625026493  0.000622277643  123
     0.0682345974      0.774931353     0.0163224509     0.0264990373       1.00415944       2.00605236        1.0071982             0.05  0.000625026493  0.000622435642  122
     0.0161050144      0.771699013     0.0176276877   -0.00854196312      0.999648122        2.0015647        1.0004302             0.05  0.000625026493  0.000625508774  121
     0.0911323189       0.72238387     0.0453181453     0.0278093211       1.00025622       2.00191445       1.00121369             0.05  0.000625026493  0.000624346089  120
      0.090161335      0.725118051    0.00954838171    0.00310320824       1.00052371        2.0023663       1.00170747             0.05  0.000625026493  0.000624215751  119
     0.0416673691      0.722413584     0.0472618969     0.0172328404       1.00141654       2.00259748       1.00271712             0.05  0.000625026493  0.000624658204  118
     0.0399785319      0.728000842    0.00613158358    0.00494721329        1.0009243       2.00197339       1.00191191             0.05  0.000625026493  0.000624966801  117
      0.091442288      0.727631437    -0.0116336577    -0.0129994903       1.00071349       2.00193527       1.00168182             0.05  0.000625026493  0.000624085392  116
     0.0919074798       0.72731011     0.0270234818    -0.0160479897       1.00070195       2.00171862       1.00156186             0.05  0.000625026493  0.000624077863  115
     0.0415472229      0.728068182   -0.00177701074   -0.00958879671       1.00088692        2.0016802       1.00172776             0.05  0.000625026493  0.000624957809  114
     0.0409260196      0.722219107     0.0140787428     -0.018954721       1.00142646       2.00257055       1.00271356             0.05  0.000625026493  0.000624654659  113
     0.0146718453      0.675357589     0.0132667188    -0.0398230695       1.00348756       2.00537461       1.00618424             0.05  0.000625026493  0.00062317961  112
     0.0655061146      0.678066195  -0.000831879114    -0.0141960138       1.00133778       2.00274304       1.00271114             0.05  0.000625026493  0.000624093084  111
     0.0672098577       0.67692427     0.0140719105   -0.00984397458       1.00158175       2.00308916       1.00312878             0.05  0.000625026493  0.000623922487  110
     0.0184293145       0.67726342    0.00376953295     0.0166832498       1.00369781       2.00553664       1.00647637             0.05  0.000625026493  0.000623065312  109
      0.016428498      0.677324884      0.010189441    -0.0194357692       1.00352507       2.00472666       1.00589673             0.05  0.000625026493  0.00062318191  108
     0.0668457179      0.671971649    0.00751767979    0.00471161175       1.00230102       2.00357393       1.00409209             0.05  0.000625026493  0.000623468669  107
     0.0620580945      0.673409846    -0.0127673007     0.0223880123       1.00203347       2.00354737       1.00381077             0.05  0.000625026493  0.000623671408  106
     0.0133717667       0.67383437    -0.0172509009     0.0166476965       1.00350725       2.00459955       1.00581509             0.05  0.000625026493  0.000623133413  105
     0.0868327658      0.627976001    -0.0340421912     0.0110660362       1.00527701       2.00680242       1.00869617             0.05  0.000625026493  0.00062188658  104
     0.0880403081      0.624109605   -0.00450197107    -0.0198355743       1.00491587       2.00711509       1.00849091             0.05  0.000625026493  0.000622175797  103
     0.0385496903      0.626229285    0.00355582579    -0.0202531512        1.0043172       2.00594578       1.00730292             0.05  0.000625026493  0.000622274872  102
     0.0373167277      0.624966492    0.00668677793     0.0108006994       1.00473296       2.00657746       1.00803725             0.05  0.000625026493  0.00062204824  101
     0.0880577425      0.625320233   -0.00705258534    0.00747412942       1.00501246       2.00688731       1.00847337             0.05  0.000625026493  0.000622095798  100
     0.0916922217      0.629863095     0.0220210199    0.00161656145       1.00565306        2.0075652       1.00945704             0.05  0.000625026493  0.000621676685  99
     0.0403429491      0.627096546     0.0115875831    -0.0125941324       1.00408729       2.00679483       1.00749859             0.05  0.000625026493  0.000622420236  98
     0.0371928764      0.620996883   -0.00229851723    0.00712644148       1.00554471       2.00786098       1.00949699             0.05  0.000625026493  0.000621548761  97
     0.0130167233      0.580676174    -0.0132444456    -0.0271276275       1.00962014       2.01210436       1.01573054             0.05  0.000625026493  0.000618724879  96
     0.0633294532      0.579607865     0.0161047147    0.00829097467       1.01014442       2.01227189       1.01634261             0.05  0.000625026493  0.000619029043  95
     0.0640349948      0.578522714   -0.00269977957    -0.0334492965       1.01017337       2.01227675       1.01637419             0.05  0.000625026493  0.000619004963  94
     0.0133835019      0.576452786   -0.00417302642     0.0259794939       1.00951717       2.01200436       1.01557648             0.05  0.000625026493  0.000618794128  93
     0.0112861824      0.578700216    0.00151592953    0.00313547527       1.00962634       2.01286756       1.01612205             0.05  0.000625026493  0.000618688146  92
     0.0622920673      0.574067599    -0.0304328124    -0.0121064027       1.01046084       2.01251276       1.01678267             0.05  0.000625026493  0.000618816537  91
     0.0629812954      0.572558416    0.00751049269    -0.0051197833       1.01057906       2.01320928       1.01725357             0.05  0.000625026493  0.000618747299  90
     0.0138277471      0.568023927    -0.0304110494     0.0201558821       1.01009281       2.01304545       1.01668137             0.05  0.000625026493  0.000618503941  89
     0.0876251116      0.531226349    0.00618392697    -0.0114006061      0.999560663       2.00092448        1.0000227             0.05  0.000625026493  0.000625399996  88
     0.0882807571       0.53353893   -0.00796789614    0.00593408531      0.999658331       2.00181718       1.00056661             0.05  0.000625026493  0.000625341751  87
     0.0385177598       0.53188077   -0.00272160611   -0.00581653641      0.995564115       1.99724917        0.9941948             0.05  0.000625026493  0.000627871109  86
     0.0403981997      0.531145418   -0.00885858548    0.00115604782      0.995673619       1.99748664      0.994422375             0.05  0.000625026493  0.000627803373  85
     0.0889357291      0.532327988    0.00537319564    -0.0158715675      0.999620023       2.00073516      0.999987466             0.05  0.000625026493  0.000625363319  84
     0.0638689362      0.493138737    -0.0172052091   -0.00428689089      0.998235983       2.00097317      0.998721711             0.05  0.000625026493  0.000626012367  83
     0.0156190283      0.496413923   -0.00612347561     0.0158702742       0.99801992        2.0006669       0.99835271             0.05  0.000625026493  0.000625951608  82
     0.0353787825      0.531487018    -0.0213854242     0.0124390231      0.995786116        1.9972158       0.99439988             0.05  0.000625026493  0.000627708452  81
     0.0171868778      0.498108113     0.0123168671    -0.0575773593      0.998043262       2.00124908      0.998666581             0.05  0.000625026493  0.000625931013  80
     0.0653676298      0.501723999    -0.0166666277     0.0291791013      0.997861118       1.99975797      0.997740363             0.05  0.000625026493  0.000626277124  79
     0.0676538343      0.495137145    0.00689656509    -0.0159814629       0.99862883       2.00099792      0.999127107             0.05  0.000625026493  0.00062579457  78
     0.0115674307      0.493275461     0.0160671713   -0.00293407398      0.998425275       2.00145203      0.999150147             0.05  0.000625026493  0.000625742332  77
      0.085680657      0.449205453    -0.0104148559    -0.0104736598       1.01225418       2.01368629       1.01918118             0.05  0.000625026493  0.000617581515  76
     0.0902574444      0.456219248   -0.00274516703    0.00984192421       1.01304557       2.01534803        1.0208197             0.05  0.000625026493  0.000617060297  75
     0.0405177813      0.454269277     0.0383868926   -0.00616596747       1.00692387       2.00831998       1.01111266             0.05  0.000625026493  0.000620995102  74
     0.0300749004      0.445917639     -0.019530826    -0.0237904181       1.00664061       2.00869693       1.01101795             0.05  0.000625026493  0.000621234271  73
     0.0887852009      0.449851888     0.0116631108   -0.00991309016       1.01238431       2.01465306       1.01980157             0.05  0.000625026493  0.000617467665  72
     0.0821442281      0.451783906     0.0175750409   -0.00595618707       1.01283377       2.01507641       1.02046872             0.05  0.000625026493  0.000617273675  71
      0.038285689        0.4626564   -0.00734998539     0.0487519149       1.00789628       2.01031405       1.01309403             0.05  0.000625026493  0.000620200977  70
     0.0371303503      0.449498026   0.000933758357    -0.0054825137       1.00597997       2.00775648        1.0098814             0.05  0.000625026493  0.000621673077  69
     0.0117655783      0.404530797     -0.012581147    -0.0120986135      0.999079211       2.00119626      0.999676792             0.05  0.000625026493  0.000625548817  68
     0.0535935716      0.399595184   -0.00945170266    0.00254200591      0.995073156        1.9967035      0.993433029             0.05  0.000625026493  0.000628004251  67
     0.0568984287      0.395660393   -0.00294768524    0.00759779401      0.995221633       1.99672598      0.993592446             0.05  0.000625026493  0.000627935825  66
    0.00472227805       0.40271929   -0.00452046772    0.00111993074      0.998292712       2.00020173      0.998393407             0.05  0.000625026493  0.000626077224  65
    0.00441470858      0.401154499     0.0178610471    -0.0162830557      0.998103905       1.99993821      0.998073071             0.05  0.000625026493  0.000626209746  64
     0.0581554951      0.407111899   -0.00488687662    -0.0108791095      0.995652925       1.99666849       0.99399441             0.05  0.000625026493  0.000627747193  63
     0.0566572794      0.408330659    0.00110211418    -0.0165806281      0.996073348       1.99684821       0.99450364             0.05  0.000625026493  0.000627499014  62
    0.00601616476      0.399504252     0.0117013354    0.00423166213      0.997897409       1.99915602      0.997476304             0.05  0.000625026493  0.000626309318  61
     0.0801550312      0.352911898     0.0338263105   -0.00233848391       1.00181021       2.00348878       1.00355776             0.05  0.000625026493  0.000623567908  60
     0.0809776664      0.343970756     0.0242470982    -0.0172614663       1.00147168       2.00324687        1.0030975             0.05  0.000625026493  0.000623566904  59
     0.0297088226      0.355579475   0.000211911468    0.00445476419       1.00503723       2.00713415       1.00862227             0.05  0.000625026493  0.000622017092  58
     0.0316824758       0.35509707      0.022971545    0.00376092018       1.00499765        2.0066391       1.00833379             0.05  0.000625026493  0.000622022222  57
     0.0804008197      0.355659573   -0.00392691692     0.0155736322       1.00176596       2.00332882       1.00343331             0.05  0.000625026493  0.000623634179  56
      0.080043153      0.355858285    -0.0138383521    -0.0166593411        1.0017775       2.00330627       1.00343357             0.05  0.000625026493  0.00062362741  55
     0.0303277885      0.348469822     0.0139885644    -0.0260621022       1.00479586        2.0065081       1.00806551             0.05  0.000625026493  0.000622144402  54
     0.0303921723      0.349396011     0.0135068098    -0.0093891836       1.00482369       2.00669676       1.00818822             0.05  0.000625026493  0.000622129376  53
    0.00886278924      0.306962177     0.0382523921     0.0368546725      0.988894146       1.99253495      0.985203076             0.05  0.000625026493  0.000632091766  52
     0.0601216807       0.31002704     0.0151764646    -0.0233828076      0.984437888       1.98738105        0.9782266             0.05  0.000625026493  0.000634001701  51
     0.0571693866       0.30786059     0.0173373944     0.0162681636      0.984309939       1.98748715       0.97815168             0.05  0.000625026493  0.000634122404  50
     0.0108463609        0.3090471    -0.0143151779   -0.00127034626      0.989125517       1.99258103      0.985456369             0.05  0.000625026493  0.000631937439  49
     0.0336482965      0.271049837   -0.00714428364     0.0358857008      0.988740427       1.99112869      0.984354715             0.05  0.000625026493  0.000632147039  48
     0.0861632939      0.274548497   -0.00201716004     0.0137528279      0.988665803       1.99116553      0.984298632             0.05  0.000625026493  0.000631467442  47
     0.0540059999      0.303907614     0.0148555136   -0.00673825404      0.984560753        1.9876712      0.978491529             0.05  0.000625026493  0.00063402936  46
    0.00309347354      0.308061161   -0.00346115722    -0.0118700771      0.988854814       1.99129677      0.984551697             0.05  0.000625026493  0.000632195482  45
     0.0908694568      0.270426907   -0.00668778664     0.0173800128      0.989020695       1.99165685       0.98489492             0.05  0.000625026493  0.000631349951  44
     0.0881838414      0.272384897   -0.00160776919   -0.00741555689      0.988701386        1.9919828      0.984738076             0.05  0.000625026493  0.000631500974  43
     0.0368369876      0.272160367     0.0244570691    0.00503109429      0.987918538       1.99028089      0.983117695             0.05  0.000625026493  0.000632634809  42
     0.0411805851      0.269255654    -0.0192943861    -0.0114223841      0.987857971        1.9899623      0.982900059             0.05  0.000625026493  0.000632653293  41
     0.0154663532      0.228472634     0.0219093865   -0.00930817301        1.0005613       2.00236249        1.0017432             0.05  0.000625026493  0.000625058925  40
     0.0670222532      0.223831871     0.0612645748    -0.0215789901      0.996200268       1.99742523      0.994917775             0.05  0.000625026493  0.000627612897  39
     0.0690812931      0.223599142     0.0124856359     0.0332827503      0.996185127       1.99772346      0.995051201             0.05  0.000625026493  0.000627525935  38
     0.0200768907      0.221263586    -0.0203750167    0.00515390089       1.00090147        2.0020475       1.00192615             0.05  0.000625026493  0.000624989444  37
     0.0151762149      0.230261288     -0.021187113    0.00291565152       1.00066689       2.00266055       1.00199806             0.05  0.000625026493  0.000624985648  36
     0.0655760508      0.238259009     0.0273486173     0.0148574405      0.997968072        2.0003986      0.998166967             0.05  0.000625026493  0.000626451297  35
     0.0630620567      0.227245193    -0.0422988568    -0.0052431903      0.996695554       1.99888871      0.996141747             0.05  0.000625026493  0.000627387145  34
     0.0121697582      0.224612358     0.0179983907     0.0300556354       1.00048345       2.00235879       1.00166342             0.05  0.000625026493  0.000625091558  33
     0.0963985499      0.172699802    -0.0138364704    -0.0184778244      0.992592722       1.99399744      0.989613673             0.05  0.000625026493  0.000629515778  32
       0.08974145      0.180317203    -0.0118752099     0.0191300218      0.992452242       1.99394623      0.989448202             0.05  0.000625026493  0.000629534664  31
     0.0433336319      0.178449662  -0.000938184417     0.0112768616       0.99265949       1.99430803      0.989834394             0.05  0.000625026493  0.000629750699  30
     0.0470012544      0.176789901     0.0191922724    0.00794492529      0.991856378       1.99297642      0.988373186             0.05  0.000625026493  0.000630243885  29
     0.0940696528      0.176181238     0.0165228697     0.0274864953      0.992382286       1.99393251      0.989371652             0.05  0.000625026493  0.000629587888  28
     0.0973345422      0.176147905     0.0137996157      0.015285945       0.99308289       1.99512355      0.990661528             0.05  0.000625026493  0.000629122368  27
     0.0449739419      0.170521103    -0.0171636077    -0.0207871821       0.99111696       1.99293773       0.98761719             0.05  0.000625026493  0.000630590158  26
      0.042673946      0.182905081   -0.00648459172   -0.00990373142      0.993791468       1.99513923       0.99137617             0.05  0.000625026493  0.000629144942  25
     0.0235048653       0.13249067   -0.00211048498     0.0299138524       0.98646945       1.98864404      0.980868295             0.05  0.000625026493  0.0006338865  24
     0.0713364797      0.127868663   -0.00500407162    0.00292709534      0.989399939       1.99083493      0.984865981             0.05  0.000625026493  0.000631523484  23
     0.0686779742      0.115694007    0.00524297291    -0.0258869874      0.991524491       1.99395863      0.988529408             0.05  0.000625026493  0.00063009065  22
     0.0182482738      0.115498116     0.0329535403   -0.00119124394      0.987023642       1.98894568      0.981568202             0.05  0.000625026493  0.000634017474  21
     0.0178747203      0.131122917     -0.016121311     0.0177101512      0.986027196       1.98764621       0.97993661             0.05  0.000625026493  0.000634274906  20
     0.0699661089      0.127592443    0.00296595893     0.0104794072      0.989552764       1.99057013      0.984887089             0.05  0.000625026493  0.000631438653  19
     0.0724076259       0.13137324     0.0253625172     0.0421740151      0.989296442       1.99054196      0.984618038             0.05  0.000625026493  0.000631595287  18
     0.0235866153      0.125903034     0.0361550475    -0.0119582237      0.985599528       1.98664383      0.979017608             0.05  0.000625026493  0.000634621747  17
     0.0970181592     0.0864158036    0.00615596772      0.029422757      0.981311455       1.98091964      0.971949568             0.05  0.000625026493  0.00063642456  16
    0.00171984584     0.0803745419    -0.0134008356     -0.028270647      0.981597605       1.98315264       0.97332894             0.05  0.000625026493  0.000637724818  15
     0.0517708401     0.0803927816     0.0178804847    0.00482388113      0.985351075       1.98694053      0.978916994             0.05  0.000625026493  0.000634272254  14
     0.0500859443     0.0840988439     0.0406705445    -0.0127012272      0.985318734       1.98622981      0.978534718             0.05  0.000625026493  0.000634335813  13
     0.0338170181      0.042036011    0.00525800391    0.00467167522      0.979650861       1.99421422      0.976816837             0.05  0.000625026493  0.000638978637  12
    0.00317472591     0.0769087053  -0.000699235887      0.041979122      0.982300025       1.98116031       0.97304691             0.05  0.000625026493  0.000637332365  11
      0.048896202     0.0791614815    0.00770546739     0.0130289486      0.985439058       1.98650549      0.978790051             0.05  0.000625026493  0.00063431493  10
     0.0802965654     0.0456680947   -0.00347996123       0.01299442       0.97814688       1.94513275      0.951312764             0.05  0.000625026493  0.000638921975  9
      0.032442473      0.045507726     0.0129276378    -0.0127133489      0.979131741       2.00395025      0.981065648             0.05  0.000625026493  0.00063932552  8
     0.0766996825     0.0463649205     0.0184759105   -0.00138964019      0.978434496       1.96468574      0.961158153             0.05  0.000625026493  0.000638766714  7
     0.0851762268     0.0444515263     0.0320392007    -0.0347984008      0.978614262       1.96165722      0.959852868             0.05  0.000625026493  0.000638524656  6
     0.0263848916     0.0469627365     0.0498998998     0.0322916391      0.978959838       2.00679105      0.982283921             0.05  0.000625026493  0.00063960558  5
     0.0558524729   5.64478782e-07    -0.0249624038     -0.025819108       1.00844949       1.98959722       1.00320415             0.05  0.000625026493  0.00061993755  4
     0.0558702517   1.55877871e-05    -0.0296745895   -0.00463536379       1.00846209       1.99362951       1.00524989             0.05  0.000625026493  0.000619934711  3
    0.00521674205   0.000138039397     0.0121505136    -0.0218931666       1.00704601       2.04358304       1.02899108             0.05  0.000625026493  0.000620712721  2
    0.00502792567   0.000188491922     -0.035584834    -0.0221794335       1.00701153       2.03018969       1.02221221             0.05  0.000625026493  0.000620694777  1
