title='particle position' 
variables=x, y, Ux, Uy, rho, e, p, h=supportlength/2, m, V, ID 
     0.0902900723      0.987605747    0.00488410873   0.000651827736      0.999946361        2.0000384      0.999965558             0.05  0.000625026493  0.000624988299  160
     0.0652903695      0.987605695    0.00488549484   0.000651595403      0.999946362        2.0000384       0.99996556             0.05  0.000625026493  0.000625037084  159
     0.0402900791      0.987605691    0.00488411886   0.000651560162      0.999946361        2.0000384      0.999965559             0.05  0.000625026493  0.000625099314  158
     0.0152903738      0.987605744    0.00488548349   0.000651809569      0.999946361       2.00003847      0.999965593             0.05  0.000625026493  0.000625143226  157
     0.0875855402      0.962404537   -0.00205203421  -0.000583814707       0.99993875       2.00011908      0.999998288             0.05  0.000625026493  0.000624995332  156
     0.0625855736      0.962404576   -0.00205197054  -0.000583560986       0.99993875       2.00011906      0.999998274             0.05  0.000625026493  0.000625051018  155
     0.0375855422       0.96240457    -0.0020520288  -0.000583597719      0.999938751       2.00011911      0.999998301             0.05  0.000625026493  0.000625111887  154
     0.0125855769      0.962404544   -0.00205196033  -0.000583779273      0.999938749        2.0001191      0.999998295             0.05  0.000625026493  0.000625155203  153
      0.088602071      0.937567016    0.00448849811   0.000443231846       1.00000279       2.00003751       1.00002155             0.05  0.000625026493  0.000624952687  152
     0.0636020139      0.937566983    0.00448813355   0.000443117426       1.00000279       2.00003752       1.00002155             0.05  0.000625026493  0.000624999177  151
     0.0386020701      0.937566971     0.0044884953   0.000443031112       1.00000279       2.00003752       1.00002155             0.05  0.000625026493  0.000625059291  150
     0.0136020129      0.937567029    0.00448813167   0.000443311103       1.00000279       2.00003753       1.00002156             0.05  0.000625026493  0.000625102655  149
     0.0877083023      0.912452484   9.43176699e-05  -0.000317501867      0.999994712       1.99999462      0.999992023             0.05  0.000625026493  0.000624971869  148
     0.0627083252      0.912452493   9.44590849e-05  -0.000317393186      0.999994717       1.99999463       0.99999203             0.05  0.000625026493  0.000625009113  147
     0.0377083017      0.912452498   9.43142667e-05  -0.000317363456      0.999994714       1.99999462      0.999992026             0.05  0.000625026493  0.000625053978  146
     0.0127083261      0.912452481   9.44671415e-05   -0.00031751686      0.999994714       1.99999462      0.999992026             0.05  0.000625026493  0.000625089429  145
     0.0876338501      0.887519721   0.000635152763   0.000167155993       1.00000943       2.00000993        1.0000144             0.05  0.000625026493  0.000624986944  144
     0.0626338815      0.887519696   0.000635370318   0.000167044055       1.00000943       2.00000993        1.0000144             0.05  0.000625026493  0.000625007507  143
     0.0376338489      0.887519697   0.000635154382   0.000167047384       1.00000943       2.00000993        1.0000144             0.05  0.000625026493  0.000625034226  142
     0.0126338805      0.887519721   0.000635371818   0.000167156097       1.00000943       2.00000993        1.0000144             0.05  0.000625026493  0.000625054456  141
     0.0875649211      0.862492221   0.000315852528  -6.80754619e-05       1.00000488       2.00000503        1.0000074             0.05  0.000625026493  0.000625006426  140
     0.0625649143      0.862492221   0.000315801524  -6.80320329e-05       1.00000488       2.00000503        1.0000074             0.05  0.000625026493  0.000625017055  139
     0.0375649191      0.862492221   0.000315851442  -6.80307565e-05       1.00000488       2.00000503        1.0000074             0.05  0.000625026493  0.000625029842  138
     0.0125649128      0.862492223   0.000315803615  -6.80671857e-05       1.00000488       2.00000503        1.0000074             0.05  0.000625026493  0.000625040425  137
     0.0875188084      0.837492061   8.94453688e-05  -2.22901502e-05       1.00000334       2.00000351       1.00000509             0.05  0.000625026493  0.000625015678  136
     0.0625188034      0.837492055   8.94009911e-05  -2.23321865e-05       1.00000334       2.00000351       1.00000509             0.05  0.000625026493  0.00062502093  135
     0.0375188076      0.837492055   8.94475029e-05   -2.2333037e-05       1.00000334       2.00000351       1.00000509             0.05  0.000625026493  0.000625027671  134
     0.0125188027      0.837492061    8.9403286e-05  -2.22922061e-05       1.00000333       2.00000351       1.00000509             0.05  0.000625026493  0.000625033009  133
     0.0875072427      0.812508584   4.64412572e-05   5.83473368e-05       1.00000585       2.00000605       1.00000888             0.05  0.000625026493  0.000625019025  132
      0.062507246       0.81250858   4.64689174e-05   5.83329326e-05       1.00000586       2.00000605       1.00000888             0.05  0.000625026493  0.000625021322  131
     0.0375072407       0.81250858   4.64358594e-05   5.83358202e-05       1.00000586       2.00000605       1.00000888             0.05  0.000625026493  0.000625024164  130
     0.0125072441      0.812508584   4.64646624e-05   5.83494072e-05       1.00000585       2.00000605       1.00000888             0.05  0.000625026493  0.000625026487  129
     0.0875024358      0.787486044   1.64083423e-05   -8.4369235e-05       1.00000094       2.00000098       1.00000142             0.05  0.000625026493  0.000625024446  128
     0.0625024365      0.787486046   1.64150656e-05  -8.43693391e-05       1.00000094       2.00000098       1.00000142             0.05  0.000625026493  0.000625025325  127
     0.0375024357      0.787486046   1.64079757e-05  -8.43704557e-05       1.00000094       2.00000098       1.00000142             0.05  0.000625026493  0.000625026412  126
     0.0125024363      0.787486044   1.64146798e-05  -8.43706939e-05       1.00000094       2.00000098       1.00000142             0.05  0.000625026493  0.000625027323  125
     0.0875006857      0.762507884   4.96396373e-06   7.28550952e-05       1.00000498       2.00000514       1.00000755             0.05  0.000625026493  0.000625022771  124
      0.062500685      0.762507882   4.95679973e-06   7.28381534e-05       1.00000498       2.00000514       1.00000755             0.05  0.000625026493  0.000625023084  123
     0.0375006849      0.762507882   4.95820172e-06   7.28388156e-05       1.00000498       2.00000514       1.00000755             0.05  0.000625026493  0.000625023497  122
     0.0125006842      0.762507884   4.95122163e-06   7.28555262e-05       1.00000498       2.00000514       1.00000755             0.05  0.000625026493  0.000625023856  121
     0.0875001998        0.7374911   1.65539617e-06  -6.31726538e-05       1.00000113       2.00000112       1.00000169             0.05  0.000625026493  0.000625025595  120
     0.0625001998      0.737491102   1.65600778e-06  -6.31611337e-05       1.00000113       2.00000112       1.00000169             0.05  0.000625026493  0.000625025712  119
        0.0375002      0.737491102   1.65579819e-06  -6.31614227e-05       1.00000113       2.00000112       1.00000169             0.05  0.000625026493  0.000625025851  118
     0.0125002001        0.7374911   1.65639362e-06  -6.31730487e-05       1.00000113       2.00000112       1.00000169             0.05  0.000625026493  0.000625025966  117
     0.0875000555      0.712501696   4.88886288e-07    3.5237529e-05       1.00000331       2.00000341       1.00000501             0.05  0.000625026493  0.000625024327  116
     0.0625000556      0.712501696   4.90170503e-07   3.52338165e-05       1.00000331       2.00000341       1.00000501             0.05  0.000625026493  0.000625024345  115
     0.0375000556      0.712501696    4.8756053e-07   3.52337057e-05       1.00000331       2.00000341       1.00000501             0.05  0.000625026493  0.000625024389  114
     0.0125000557      0.712501696   4.88705548e-07   3.52373711e-05       1.00000331       2.00000341       1.00000501             0.05  0.000625026493  0.000625024445  113
     0.0875000138      0.687497065   1.30029401e-07  -2.06096811e-05       1.00000216       2.00000219       1.00000325             0.05  0.000625026493  0.000625025112  112
     0.0625000138      0.687497065   1.29630198e-07  -2.06055535e-05       1.00000216       2.00000219       1.00000325             0.05  0.000625026493  0.000625025124  111
     0.0375000139      0.687497065    1.3048731e-07  -2.06054637e-05       1.00000216       2.00000219       1.00000325             0.05  0.000625026493  0.000625025138  110
     0.0125000139      0.687497065   1.30143671e-07    -2.060961e-05       1.00000216       2.00000219       1.00000325             0.05  0.000625026493  0.000625025148  109
     0.0875000033      0.662497515   3.46352851e-08  -8.99531505e-07        1.0000019       2.00000195       1.00000287             0.05  0.000625026493  0.000625025279  108
     0.0625000033      0.662497516   3.45971178e-08  -8.98165167e-07        1.0000019       2.00000195       1.00000287             0.05  0.000625026493  0.00062502527  107
     0.0375000035      0.662497516   3.52321529e-08  -8.98259261e-07        1.0000019       2.00000195       1.00000287             0.05  0.000625026493  0.000625025274  106
     0.0125000035      0.662497515   3.51008055e-08  -8.99632574e-07        1.0000019       2.00000195       1.00000287             0.05  0.000625026493  0.00062502529  105
     0.0875000008      0.637499636   8.92553391e-09   5.42238601e-06        1.0000024       2.00000245       1.00000362             0.05  0.000625026493  0.000625024969  104
     0.0625000008      0.637499636   8.98235939e-09   5.42140643e-06        1.0000024       2.00000245       1.00000362             0.05  0.000625026493  0.000625024964  103
     0.0375000008      0.637499636   8.72258079e-09   5.42144878e-06        1.0000024       2.00000245       1.00000362             0.05  0.000625026493  0.000625024965  102
     0.0125000008      0.637499636   8.81565806e-09   5.42242587e-06        1.0000024       2.00000245       1.00000362             0.05  0.000625026493  0.000625024972  101
     0.0875000002      0.612496771   1.79453158e-09  -1.39469705e-05       1.00000135       2.00000135       1.00000202             0.05  0.000625026493  0.000625025645  100
     0.0625000002      0.612496771   1.79078984e-09  -1.39462612e-05       1.00000135       2.00000135       1.00000202             0.05  0.000625026493  0.000625025642  99
     0.0375000002      0.612496771   2.34424144e-09  -1.39462531e-05       1.00000135       2.00000135       1.00000202             0.05  0.000625026493  0.000625025642  98
     0.0125000002      0.612496771   2.33503269e-09  -1.39469632e-05       1.00000135       2.00000135       1.00000202             0.05  0.000625026493  0.000625025646  97
           0.0875      0.587499448   4.16287045e-10   9.10148724e-06        1.0000022       2.00000222       1.00000331             0.05  0.000625026493  0.000625025109  96
           0.0625      0.587499448   4.16507518e-10   9.10088413e-06        1.0000022       2.00000222       1.00000331             0.05  0.000625026493  0.000625025106  95
           0.0375      0.587499448    5.4815187e-10     9.100876e-06        1.0000022       2.00000222       1.00000331             0.05  0.000625026493  0.000625025106  94
           0.0125      0.587499448   5.33465045e-10   9.10147884e-06        1.0000022       2.00000222       1.00000331             0.05  0.000625026493  0.000625025109  93
           0.0875      0.562497701   4.17634518e-11  -1.03916815e-05       1.00000161       2.00000159        1.0000024             0.05  0.000625026493  0.000625025495  92
           0.0625      0.562497701   3.84403094e-11  -1.03915534e-05       1.00000161       2.00000159       1.00000241             0.05  0.000625026493  0.000625025498  91
           0.0375      0.562497701   1.68837355e-10  -1.03915491e-05       1.00000161       2.00000159       1.00000241             0.05  0.000625026493  0.000625025498  90
           0.0125      0.562497701   1.77141767e-10  -1.03916772e-05       1.00000161       2.00000159        1.0000024             0.05  0.000625026493  0.000625025495  89
           0.0875      0.537498605   1.50385247e-10   1.97119997e-06       1.00000186       2.00000188        1.0000028             0.05  0.000625026493  0.000625025323  88
           0.0625      0.537498605   1.50507248e-10   1.97150566e-06       1.00000186       2.00000188        1.0000028             0.05  0.000625026493  0.000625025319  87
           0.0375      0.537498605  -1.06179544e-10   1.97150656e-06       1.00000186       2.00000188        1.0000028             0.05  0.000625026493  0.000625025319  86
           0.0125      0.537498605  -1.05916153e-10   1.97120084e-06       1.00000186       2.00000188        1.0000028             0.05  0.000625026493  0.000625025323  85
           0.0875      0.512498528   1.49707121e-10  -3.18643578e-06       1.00000181       2.00000183       1.00000272             0.05  0.000625026493  0.000625025354  84
           0.0625      0.512498528   1.49607565e-10  -3.18677964e-06       1.00000181       2.00000183       1.00000272             0.05  0.000625026493  0.000625025351  83
           0.0375      0.512498528  -1.40273956e-10   -3.1867812e-06       1.00000181       2.00000183       1.00000272             0.05  0.000625026493  0.000625025351  82
           0.0125      0.512498528  -1.40741278e-10  -3.18643735e-06       1.00000181       2.00000183       1.00000272             0.05  0.000625026493  0.000625025354  81
           0.0875      0.487498274  -9.80813504e-11  -3.13512894e-06       1.00000157       2.00000158       1.00000236             0.05  0.000625026493  0.000625025505  80
           0.0625      0.487498273  -9.88139577e-11  -3.13527791e-06       1.00000157       2.00000158       1.00000236             0.05  0.000625026493  0.000625025501  79
           0.0375      0.487498273   9.98537616e-11  -3.13527712e-06       1.00000157       2.00000158       1.00000236             0.05  0.000625026493  0.000625025501  78
           0.0125      0.487498274   1.00682143e-10  -3.13512815e-06       1.00000157       2.00000158       1.00000236             0.05  0.000625026493  0.000625025505  77
           0.0875      0.462498743  -8.32796051e-11   1.27492353e-07       1.00000172       2.00000172       1.00000259             0.05  0.000625026493  0.000625025412  76
           0.0625      0.462498743  -8.26165736e-11   1.27701021e-07       1.00000172       2.00000172       1.00000259             0.05  0.000625026493  0.000625025411  75
           0.0375      0.462498743   8.36120394e-11   1.27701519e-07       1.00000172       2.00000172       1.00000259             0.05  0.000625026493  0.000625025411  74
           0.0125      0.462498743   8.29758778e-11    1.2749285e-07       1.00000172       2.00000172       1.00000259             0.05  0.000625026493  0.000625025412  73
           0.0875      0.437498419   5.01966866e-11  -3.84456866e-06       1.00000157       2.00000155       1.00000235             0.05  0.000625026493  0.000625025517  72
           0.0625      0.437498419   5.06711895e-11  -3.84450981e-06       1.00000157       2.00000155       1.00000235             0.05  0.000625026493  0.000625025519  71
           0.0375      0.437498419  -5.01249057e-11   -3.8445106e-06       1.00000157       2.00000155       1.00000235             0.05  0.000625026493  0.000625025519  70
           0.0125      0.437498419   -5.0614267e-11  -3.84456945e-06       1.00000157       2.00000155       1.00000235             0.05  0.000625026493  0.000625025517  69
           0.0875      0.412498668   3.52914695e-11  -7.76865864e-07       1.00000181       2.00000179       1.00000271             0.05  0.000625026493  0.000625025368  68
           0.0625      0.412498668   3.48854906e-11  -7.76955399e-07       1.00000181       2.00000179       1.00000271             0.05  0.000625026493  0.000625025371  67
           0.0375      0.412498668  -3.52814648e-11   -7.7695547e-07       1.00000181       2.00000179       1.00000271             0.05  0.000625026493  0.000625025371  66
           0.0125      0.412498668   -3.4871803e-11  -7.76865939e-07       1.00000181       2.00000179       1.00000271             0.05  0.000625026493  0.000625025368  65
           0.0875      0.387498654  -1.99140279e-11  -2.62345045e-06       1.00000193       2.00000192       1.00000289             0.05  0.000625026493  0.000625025293  64
           0.0625      0.387498654  -2.00908512e-11  -2.62346626e-06       1.00000193       2.00000192       1.00000289             0.05  0.000625026493  0.000625025294  63
           0.0375      0.387498654   1.99168974e-11  -2.62346592e-06       1.00000193       2.00000192       1.00000289             0.05  0.000625026493  0.000625025294  62
           0.0125      0.387498654   2.00949479e-11  -2.62345012e-06       1.00000193       2.00000192       1.00000289             0.05  0.000625026493  0.000625025293  61
           0.0875      0.362498672  -1.20829185e-11  -2.32578965e-06       1.00000196       2.00000198       1.00000296             0.05  0.000625026493  0.000625025259  60
           0.0625      0.362498672  -1.19171039e-11  -2.32575878e-06       1.00000196       2.00000198       1.00000296             0.05  0.000625026493  0.000625025256  59
           0.0375      0.362498672   1.20829637e-11  -2.32575879e-06       1.00000196       2.00000198       1.00000296             0.05  0.000625026493  0.000625025256  58
           0.0125      0.362498672   1.19181723e-11  -2.32578967e-06       1.00000196       2.00000198       1.00000296             0.05  0.000625026493  0.000625025259  57
           0.0875       0.33749879   6.43171592e-12    -1.707603e-06       1.00000204       2.00000208       1.00000308             0.05  0.000625026493  0.0006250252  56
           0.0625       0.33749879   6.48064619e-12  -1.70759958e-06       1.00000204       2.00000208       1.00000308             0.05  0.000625026493  0.000625025193  55
           0.0375       0.33749879  -6.43239187e-12  -1.70759968e-06       1.00000204       2.00000208       1.00000308             0.05  0.000625026493  0.000625025193  54
           0.0125       0.33749879  -6.48122856e-12   -1.7076031e-06       1.00000204       2.00000208       1.00000308             0.05  0.000625026493  0.0006250252  53
           0.0875      0.312498784   3.40866912e-12  -2.11108503e-06       1.00000204       2.00000209       1.00000308             0.05  0.000625026493  0.000625025196  52
           0.0625      0.312498784    3.3520589e-12   -2.1110939e-06       1.00000204       2.00000209       1.00000308             0.05  0.000625026493  0.000625025187  51
           0.0375      0.312498784  -3.39866844e-12  -2.11109389e-06       1.00000204       2.00000209       1.00000308             0.05  0.000625026493  0.000625025187  50
           0.0125      0.312498784  -3.35638785e-12  -2.11108503e-06       1.00000204       2.00000209       1.00000308             0.05  0.000625026493  0.000625025196  49
           0.0875      0.287498867  -1.75659758e-12  -1.18009872e-06       1.00000218       2.00000222       1.00000329             0.05  0.000625026493  0.000625025106  48
           0.0625      0.287498867   -1.7716196e-12  -1.18009936e-06       1.00000218       2.00000222       1.00000329             0.05  0.000625026493  0.000625025097  47
           0.0375      0.287498867   1.75936534e-12  -1.18009933e-06       1.00000218       2.00000222       1.00000329             0.05  0.000625026493  0.000625025097  46
           0.0125      0.287498867   1.76546009e-12   -1.1800987e-06       1.00000218       2.00000222       1.00000329             0.05  0.000625026493  0.000625025106  45
           0.0875      0.262498918  -8.21286577e-13  -1.31560548e-06       1.00000243       2.00000246       1.00000366             0.05  0.000625026493  0.000625024954  44
           0.0625      0.262498918  -7.99599141e-13  -1.31560329e-06       1.00000243       2.00000246       1.00000366             0.05  0.000625026493  0.000625024947  43
           0.0375      0.262498918    8.1567523e-13  -1.31560329e-06       1.00000243       2.00000246       1.00000366             0.05  0.000625026493  0.000625024947  42
           0.0125      0.262498918   8.11048458e-13  -1.31560549e-06       1.00000243       2.00000246       1.00000366             0.05  0.000625026493  0.000625024954  41
           0.0875      0.237498972   4.19005104e-13  -1.12906978e-06       1.00000282       2.00000286       1.00000425             0.05  0.000625026493  0.000625024709  40
           0.0625      0.237498972   4.24364913e-13   -1.1290697e-06       1.00000282       2.00000286       1.00000425             0.05  0.000625026493  0.000625024702  39
           0.0375      0.237498972  -4.22968553e-13   -1.1290697e-06       1.00000282       2.00000286       1.00000425             0.05  0.000625026493  0.000625024702  38
           0.0125      0.237498972  -4.23969794e-13  -1.12906979e-06       1.00000282       2.00000286       1.00000425             0.05  0.000625026493  0.000625024709  37
           0.0875      0.212499061   1.81356235e-13  -7.85022373e-07       1.00000332       2.00000339       1.00000502             0.05  0.000625026493  0.00062502439  36
           0.0625      0.212499061   1.64693891e-13  -7.85022848e-07       1.00000332       2.00000339       1.00000502             0.05  0.000625026493  0.000625024381  35
           0.0375      0.212499061  -1.62531947e-13  -7.85022844e-07       1.00000332       2.00000339       1.00000502             0.05  0.000625026493  0.000625024381  34
           0.0125      0.212499061  -1.75498229e-13  -7.85022379e-07       1.00000332       2.00000339       1.00000502             0.05  0.000625026493  0.00062502439  33
           0.0875      0.187499148  -9.22128249e-14  -7.42950244e-07       1.00000376       2.00000386       1.00000569             0.05  0.000625026493  0.000625024105  32
           0.0625      0.187499148  -9.50105033e-14  -7.42950258e-07       1.00000376       2.00000386       1.00000569             0.05  0.000625026493  0.000625024092  31
           0.0375      0.187499148   8.84996172e-14  -7.42950251e-07       1.00000376       2.00000386       1.00000569             0.05  0.000625026493  0.000625024092  30
           0.0125      0.187499148   8.58499889e-14  -7.42950248e-07       1.00000376       2.00000386       1.00000569             0.05  0.000625026493  0.000625024105  29
           0.0875       0.16249925  -3.50230844e-14  -2.61015005e-07       1.00000413       2.00000425       1.00000625             0.05  0.000625026493  0.000625023866  28
           0.0625       0.16249925  -1.75344945e-14  -2.61014914e-07       1.00000413       2.00000425       1.00000625             0.05  0.000625026493  0.000625023849  27
           0.0375       0.16249925   2.96631099e-14  -2.61014911e-07       1.00000413       2.00000425       1.00000625             0.05  0.000625026493  0.000625023849  26
           0.0125       0.16249925   4.47791783e-14  -2.61015011e-07       1.00000413       2.00000425       1.00000625             0.05  0.000625026493  0.000625023866  25
           0.0875      0.137499365   1.02893682e-14   3.38309459e-07       1.00000439       2.00000452       1.00000665             0.05  0.000625026493  0.000625023699  24
           0.0625      0.137499365   1.17152102e-14   3.38309452e-07       1.00000439       2.00000452       1.00000665             0.05  0.000625026493  0.000625023681  23
           0.0375      0.137499365  -2.37691959e-14   3.38309457e-07       1.00000439       2.00000452       1.00000665             0.05  0.000625026493  0.000625023681  22
           0.0125      0.137499365  -2.26140338e-14   3.38309456e-07       1.00000439       2.00000452       1.00000665             0.05  0.000625026493  0.000625023699  21
           0.0875      0.112499482   2.04905327e-14   7.89158761e-07       1.00000453       2.00000463       1.00000684             0.05  0.000625026493  0.000625023623  20
           0.0625      0.112499482   2.05942533e-15   7.89158744e-07       1.00000453       2.00000463       1.00000684             0.05  0.000625026493  0.00062502361  19
           0.0375      0.112499482   7.76106543e-15   7.89158746e-07       1.00000453       2.00000463       1.00000684             0.05  0.000625026493  0.00062502361  18
           0.0125      0.112499482  -8.03062154e-15   7.89158755e-07       1.00000453       2.00000463       1.00000684             0.05  0.000625026493  0.000625023623  17
           0.0875     0.0874995972  -3.64994239e-15   1.14505228e-06        1.0000046       2.00000465       1.00000692             0.05  0.000625026493  0.0006250236  16
           0.0625     0.0874995972  -9.47531148e-15   1.14505227e-06        1.0000046       2.00000465       1.00000692             0.05  0.000625026493  0.000625023594  15
           0.0375     0.0874995972   2.27213828e-15   1.14505228e-06        1.0000046       2.00000465       1.00000692             0.05  0.000625026493  0.000625023594  14
           0.0125     0.0874995972  -4.26292898e-15   1.14505228e-06        1.0000046       2.00000465       1.00000692             0.05  0.000625026493  0.0006250236  13
           0.0875     0.0624997149   -2.2237649e-15   1.23226449e-06       1.00000465       2.00000462       1.00000696             0.05  0.000625026493  0.000625023598  12
           0.0625     0.0624997149   5.35508012e-15    1.2322645e-06       1.00000465       2.00000462       1.00000696             0.05  0.000625026493  0.000625023602  11
           0.0375     0.0624997149  -3.54005668e-16    1.2322645e-06       1.00000465       2.00000462       1.00000696             0.05  0.000625026493  0.000625023602  10
           0.0125     0.0624997149   6.31762818e-15   1.23226449e-06       1.00000465       2.00000462       1.00000696             0.05  0.000625026493  0.000625023598  9
           0.0875     0.0374998298  -1.94692409e-15   8.99552468e-07       1.00000468       2.00000458       1.00000697             0.05  0.000625026493  0.000625023604  8
           0.0625     0.0374998298   2.46416065e-15   8.99552461e-07       1.00000468       2.00000458       1.00000697             0.05  0.000625026493  0.000625023615  7
           0.0375     0.0374998298  -2.98413589e-15   8.99552465e-07       1.00000468       2.00000458       1.00000697             0.05  0.000625026493  0.000625023615  6
           0.0125     0.0374998298  -1.72289726e-15   8.99552469e-07       1.00000468       2.00000458       1.00000697             0.05  0.000625026493  0.000625023604  5
           0.0875     0.0124999426   1.12340005e-15   3.14893518e-07       1.00000469       2.00000456       1.00000697             0.05  0.000625026493  0.000625023598  4
           0.0625     0.0124999426  -2.99198154e-16   3.14893521e-07       1.00000469       2.00000456       1.00000697             0.05  0.000625026493  0.00062502361  3
           0.0375     0.0124999426   1.05146755e-15   3.14893517e-07       1.00000469       2.00000456       1.00000697             0.05  0.000625026493  0.00062502361  2
           0.0125     0.0124999426  -1.24728581e-16   3.14893513e-07       1.00000469       2.00000456       1.00000697             0.05  0.000625026493  0.000625023598  1
