title='particle position' 
variables=x, y, Ux, Uy, rho, e, p, h=supportlength/2, m, V, ID 
      0.082574339      0.999997828     -0.017191812    0.00424870477        1.0037232       2.00071127       1.00408016             0.05  0.000625026493  0.00062240808  160
     0.0857351984      0.999999951     0.0438353219    0.00393423202        1.0035291       2.01309271       1.01009856             0.05  0.000625026493  0.000622516506  159
     0.0342633772       0.99999993    -0.0128527966    0.00426974786       1.00447926       2.01869058       1.01386641             0.05  0.000625026493  0.000622439733  158
     0.0357008297      0.999999967     0.0442422023    0.00415360349       1.00444864       2.00606273       1.00749349             0.05  0.000625026493  0.000622443883  157
      0.057674154      0.948929134    -0.0117290627   -0.00233845887       1.00314988       2.00296065       1.00463487             0.05  0.000625026493  0.000622931443  156
     0.0597328186      0.948756892   -0.00655511136    -0.0146972459        1.0029234       2.00440268       1.00513118             0.05  0.000625026493  0.000623058012  155
     0.0103799045      0.948624234    -0.0388797566    -0.0176419359       1.00234797        2.0008549       1.00277643             0.05  0.000625026493  0.00062399024  154
     0.0127330635      0.953428532     0.0416272605    -0.0147029404       1.00271034       2.00810576        1.0067742             0.05  0.000625026493  0.000623792237  153
    0.00943191334      0.954560233     0.0556447791    0.00847166565       1.00245183       2.00971149       1.00731948             0.05  0.000625026493  0.00062404664  152
     0.0635464038      0.947956886     0.0441116363     0.0141575524       1.00298836       2.00226758       1.00412554             0.05  0.000625026493  0.000622972082  151
     0.0626096742      0.951848284     0.0263530725    0.00171494173       1.00265652       2.00364661       1.00448467             0.05  0.000625026493  0.000623189785  150
     0.0109409279      0.947310277     0.0116019504    0.00356519678       1.00234715       2.00156686       1.00313242             0.05  0.000625026493  0.000623931817  149
     0.0889899037      0.904242914    -0.0201131477       0.01765102      0.996866202       1.99866112       0.99619886             0.05  0.000625026493  0.00062731208  148
     0.0377072021      0.902110893    -0.0184832397    -0.0253602587       1.00406109       2.00481214       1.00647693             0.05  0.000625026493  0.000621929327  147
     0.0383567636      0.894700357   -0.00934797546     0.0151553727       1.00379438       2.00555702       1.00658343             0.05  0.000625026493  0.000622042596  146
     0.0816980248      0.900641244    -0.0302870776     0.0395408497      0.996946753       1.99879121      0.996344205             0.05  0.000625026493  0.000627087161  145
     0.0867764503      0.886392689     -0.027019503    -0.0143022613      0.999174286       2.00125791      0.999802721             0.05  0.000625026493  0.000625727224  144
     0.0847597773      0.906096351   -0.00620466003    -0.0497297617      0.996899105       1.99812457      0.995964295             0.05  0.000625026493  0.000627217775  143
     0.0315878959      0.901791031     0.0044462694    -0.0160782629       1.00435376       2.00593491       1.00733413             0.05  0.000625026493  0.000621631813  142
     0.0336781104      0.904127781     -0.023630034   -0.00463978261       1.00424839       2.00559826       1.00705941             0.05  0.000625026493  0.000621745041  141
     0.0611699817        0.8595614     0.0247379703    -0.0449180811      0.990821188        1.9923392      0.987025948             0.05  0.000625026493  0.000630405794  140
     0.0617651603      0.851247278   0.000451989503    0.00577057596      0.990753319       1.99263734      0.987106031             0.05  0.000625026493  0.000630408176  139
     0.0101662006      0.851513007     0.0246150907    -0.0217229616      0.993165402       1.99602911      0.991193527             0.05  0.000625026493  0.000629003731  138
      0.012113564      0.861113996    -0.0173133178     0.0319004479      0.993538833       1.99560246      0.991354268             0.05  0.000625026493  0.000628621705  137
     0.0877226686      0.822282356    -0.0120741535   -0.00986858911       0.98765454        1.9885701      0.982010143             0.05  0.000625026493  0.000633188618  136
     0.0586690776      0.856303787     0.0317711701   -0.00765317457       0.99082619       1.99203512      0.986880282             0.05  0.000625026493  0.00063037398  135
     0.0404584635      0.818842642    -0.0403305201     0.0167496368      0.987989127       1.98971557      0.982908674             0.05  0.000625026493  0.000632217403  134
     0.0112324104      0.855717907     0.0232006127     0.0322301441      0.993154923       1.99449227      0.990419907             0.05  0.000625026493  0.000628965052  133
      0.092032988      0.824011792    0.00531037576     0.0120751585      0.988233582       1.99029705      0.983439191             0.05  0.000625026493  0.000632784361  132
     0.0394557636       0.82341906     -0.035458952    -0.0195140427      0.988019322       1.98940303      0.982784319             0.05  0.000625026493  0.000632160648  131
      0.036818831      0.816127548  -0.000763407328     0.0145011453      0.988187216       1.98923335      0.982867485             0.05  0.000625026493  0.000632024861  130
     0.0878976834      0.815340032      -0.03499374    -0.0100385511      0.987520274        1.9885713      0.981877238             0.05  0.000625026493  0.000633491613  129
      0.015240031      0.780883668    -0.0535167321   -0.00499258395        1.0030571       2.00383127        1.0049786             0.05  0.000625026493  0.000622384608  128
      0.062550533      0.781373372    -0.0265975229    -0.0129924699       1.00338436       2.00430464       1.00554396             0.05  0.000625026493  0.000623562518  127
      0.063378637      0.771579643    -0.0563156915    0.00372301529       1.00385783       2.00430414        1.0060182             0.05  0.000625026493  0.000623288138  126
     0.0169791335      0.775476558    -0.0094891369     0.0208775332       1.00322998       2.00420616       1.00533986             0.05  0.000625026493  0.00062243802  125
    0.00958873902      0.775340831   -0.00446658348     0.0454289723       1.00420365       2.00545483       1.00694253             0.05  0.000625026493  0.000621638953  124
     0.0683577997      0.769858799    -0.0247233321    0.00842608095       1.00469704       2.00601348        1.0077179             0.05  0.000625026493  0.000622866826  123
     0.0621437326       0.77892225    0.00403105381   -0.00136505884       1.00359095       2.00541028        1.0063058             0.05  0.000625026493  0.000623435011  122
     0.0109967503      0.770058415    -0.0433953956    -0.0466187041       1.00404709        2.0053045       1.00671007             0.05  0.000625026493  0.000621804438  121
     0.0914902804      0.724713482     0.0152754794   -0.00514562259       1.00480137       2.00561778       1.00762374             0.05  0.000625026493  0.00062203785  120
     0.0928530286      0.725156349    -0.0155973417    -0.0245842555       1.00483436       2.00631461       1.00800693             0.05  0.000625026493  0.000622024724  119
     0.0420422995      0.726249252     0.0213011064    -0.0100549084      0.998893163       1.99961739      0.998702072             0.05  0.000625026493  0.000626027487  118
      0.040512447      0.722666246    0.00273360813    -0.0270010514      0.998875652       1.99962374      0.998687736             0.05  0.000625026493  0.000626036982  117
     0.0905331231      0.720547652     0.0286035414     0.0135964593       1.00533722       2.00613077       1.00841897             0.05  0.000625026493  0.000621620104  116
     0.0898215356      0.726977174    -0.0218445252     0.0283149176       1.00453347       2.00519776       1.00714413             0.05  0.000625026493  0.000622286552  115
     0.0416089761      0.725671682   0.000140564473   -0.00260485519      0.998877299       1.99917798      0.998466751             0.05  0.000625026493  0.000626037136  114
      0.040330297      0.730971966    -0.0067525518     0.0255621232       0.99905318       1.99951027      0.998808547             0.05  0.000625026493  0.000625937337  113
     0.0169078941      0.671323569     0.0041301534    -0.0059838022       1.00028174       2.00161983       1.00109189             0.05  0.000625026493  0.000625599065  112
     0.0662940776      0.671710309     0.0475571618  -0.000494535105       1.00388387        2.0049603       1.00637365             0.05  0.000625026493  0.00062232968  111
     0.0698981889      0.675219819      0.011459598    0.00206010677       1.00410205       2.00507856       1.00665174             0.05  0.000625026493  0.00062208564  110
     0.0175278528      0.675513807     0.0398724634    -0.0193220631       1.00090053       2.00201281       1.00190784             0.05  0.000625026493  0.000625213567  109
     0.0188334986       0.67764851     0.0097817497     0.0181154845       1.00111144        2.0017622       1.00199352             0.05  0.000625026493  0.000625026442  108
     0.0706058629      0.677488605     0.0399127096    0.00245185268       1.00421562       2.00497015       1.00671117             0.05  0.000625026493  0.000621967793  107
     0.0678009322       0.67680079    -0.0215336501   -0.00542120095       1.00376627       2.00441373       1.00598145             0.05  0.000625026493  0.000622358365  106
      0.021555018      0.679229661     0.0192746752    -0.0144543302       1.00145627        2.0021132       1.00251441             0.05  0.000625026493  0.000624768478  105
     0.0932626553      0.622709778    -0.0193989077    0.00546546626      0.998594022       1.99962944      0.998409001             0.05  0.000625026493  0.000625509757  104
     0.0890246052      0.630985102     0.0120257031     0.0147029438      0.998622846       2.00039178      0.998818465             0.05  0.000625026493  0.000625447015  103
     0.0417311571      0.625823128      -0.01359677     0.0104361208       1.00036693       2.00157888       1.00115666             0.05  0.000625026493  0.000624933128  102
     0.0456145116      0.628175887     0.0127205239    -0.0387760094       1.00107825       2.00252262       1.00234093             0.05  0.000625026493  0.000624489478  101
     0.0935028479      0.627343302      0.018415995    -0.0325416731      0.998009197        1.9996937      0.997856353             0.05  0.000625026493  0.000625822562  100
     0.0922838134      0.618682418     0.0121799416    0.00211050571      0.999028906       2.00068321      0.999370179             0.05  0.000625026493  0.000625273089  99
     0.0387332532      0.623194288    -0.0104337355    -0.0355604615       1.00017709       2.00206549       1.00121002             0.05  0.000625026493  0.000625067338  98
     0.0418669211      0.628471651     0.0321467051     0.0285157831       1.00073897       2.00266976       1.00207484             0.05  0.000625026493  0.000624734384  97
     0.0200413126       0.58004861     0.0245924771     0.0304972534       1.00027126       2.00317111       1.00185725             0.05  0.000625026493  0.000624021369  96
     0.0687406461      0.582504712    0.00911835997     0.0176339217      0.995838635       1.99787824      0.994782172             0.05  0.000625026493  0.000627577931  95
     0.0630712358      0.562622021    -0.0520613381     0.0210114208      0.999182971       2.00173307        1.0000488             0.05  0.000625026493  0.000625549428  94
     0.0153256968      0.581008891     -0.031357079    -0.0544370945       1.00008017       2.00241146         1.001286             0.05  0.000625026493  0.000624218199  93
     0.0142645212       0.56917226    -0.0342943178     0.0172598395      0.999999569       2.00326364       1.00163139             0.05  0.000625026493  0.000624005692  92
     0.0672046636      0.576575653    -0.0144706019   -0.00881217728      0.995623373       1.99774544      0.994501029             0.05  0.000625026493  0.000627799861  91
     0.0629744027      0.579180597    -0.0277429285    0.00940687046       0.99605399       1.99872346      0.995418236             0.05  0.000625026493  0.00062734655  90
     0.0148493119      0.571991228   -0.00944189346    -0.0260724029      0.999913464       2.00284027       1.00133347             0.05  0.000625026493  0.000624089395  89
     0.0934124363      0.526419058    -0.0292367093     0.0115938186        0.9849158       1.98617815      0.978109119             0.05  0.000625026493  0.000635437358  88
     0.0910609999      0.537571546     0.0248031572     0.0090422534      0.985718151       1.98728082      0.979449387             0.05  0.000625026493  0.000634977605  87
     0.0432003057      0.528797847    -0.0211244489     0.0258228014      0.994479382       1.99593653      0.992458862             0.05  0.000625026493  0.000628171791  86
     0.0426077525      0.534444612    -0.0412859331   -0.00208233162      0.995134632       1.99695428       0.99361918             0.05  0.000625026493  0.000627712207  85
     0.0931316517      0.529152864    -0.0255204452  -0.000406997782      0.984860042       1.98579867       0.97786688             0.05  0.000625026493  0.00063549018  84
      0.068907932      0.488086825     0.0402828876     0.0864132808      0.986312505       1.98668633      0.979746787             0.05  0.000625026493  0.000633942315  83
      0.012397512      0.497177224     0.0051930689    -0.0138493913      0.984127421       1.98471943      0.976608406             0.05  0.000625026493  0.000634814119  82
     0.0440144274      0.531244334     0.0515580596   -0.00812267416      0.994784743       1.99602889      0.992809545             0.05  0.000625026493  0.00062799399  81
     0.0235761592      0.502128188    -0.0461365128     0.0152997957      0.986578656       1.98785806      0.980589166             0.05  0.000625026493  0.000633194732  80
     0.0695078174      0.491401278   -0.00550422308    -0.0315182737      0.986444472       1.98685995      0.979963507             0.05  0.000625026493  0.000633885998  79
     0.0647689843       0.49874105   -0.00938401643    -0.0531790926      0.987711846       1.98882605      0.982193525             0.05  0.000625026493  0.000633144314  78
     0.0204805081      0.490732443     0.0210502381     0.0441715132      0.983629167       1.98468724      0.976098127             0.05  0.000625026493  0.000635326968  77
     0.0879514042       0.45099407     0.0296570908    0.00381029897      0.988248198       1.98873725      0.982683001             0.05  0.000625026493  0.000631637449  76
     0.0921135304      0.467595487    0.00129898328    -0.0648374502      0.990736541       1.99160867       0.98657974             0.05  0.000625026493  0.000630561272  75
     0.0368585604      0.449910591     0.0295017281     0.0109288421      0.994342127       1.99404604       0.99138199             0.05  0.000625026493  0.000629486945  74
     0.0364636511      0.449638107     0.0203461068        0.0353396      0.994409203       1.99462695      0.991737699             0.05  0.000625026493  0.000629459742  73
     0.0822058901      0.443420595    0.00841701819    -0.0189521102      0.988548152       1.98946712      0.983342023             0.05  0.000625026493  0.000631376877  72
     0.0883154944      0.443755476  -9.19506788e-05    -0.0135848301      0.988714848       1.98987946      0.983711684             0.05  0.000625026493  0.000631144538  71
     0.0405793928      0.445732759     0.0217406265    0.00413405821        0.9943466       1.99458295      0.991653387             0.05  0.000625026493  0.000629372614  70
     0.0348242476      0.453036167   -0.00966082048    0.00706478005      0.994298432       1.99514933      0.991886925             0.05  0.000625026493  0.000629506723  69
    0.00657517907      0.398591219    -0.0170969759    -0.0164290823       0.99955686       2.00032902      0.999721299             0.05  0.000625026493  0.000626520204  68
       0.06146662      0.400496733     0.0251240257     0.0112783854      0.994304321       1.99518922      0.991912632             0.05  0.000625026493  0.000628060728  67
     0.0574122272        0.4000718     0.0105120283    -0.0347153242      0.994228081       1.99498566       0.99173538             0.05  0.000625026493  0.000628246217  66
     0.0110427763      0.399407121      0.015234425     0.0112661291       1.00002749       2.00097264       1.00051382             0.05  0.000625026493  0.000626145048  65
    0.00734179254      0.405691875     0.0411085422     0.0206719131      0.999609937       2.00030329      0.999761525             0.05  0.000625026493  0.000626563241  64
      0.058314037      0.394064831      0.028678987   -0.00252113377      0.994503358       1.99496137      0.991997892             0.05  0.000625026493  0.00062803206  63
     0.0567168248      0.398158115    0.00290876739     0.0236782141      0.994330088       1.99475587      0.991722892             0.05  0.000625026493  0.000628201636  62
    0.00832825606      0.401660538     0.0270606638    -0.0417559374      0.999748951       2.00003996      0.999768925             0.05  0.000625026493  0.000626394241  61
     0.0743682131      0.350786156    0.00214759263   -0.00558751013      0.996735421       1.99711346      0.995296862             0.05  0.000625026493  0.000626444661  60
     0.0755122071      0.345926026     0.0214183867    -0.0128207691      0.996575426       1.99660852      0.994885491             0.05  0.000625026493  0.000626497392  59
     0.0278430528      0.336316506    -0.0614688438    -0.0257400616      0.995876023       1.99661527      0.994190636             0.05  0.000625026493  0.000628502228  58
     0.0293447333      0.356096428     0.0755967021     0.0254517849      0.994286123       1.99429406      0.991449452             0.05  0.000625026493  0.000629504523  57
     0.0772667759      0.347796687     0.0496406079    -0.0198321379      0.996692363       1.99718273      0.995288385             0.05  0.000625026493  0.000626373117  56
      0.084767293      0.350802034   -0.00641163358    -0.0122559473      0.997938245       1.99809345      0.996986934             0.05  0.000625026493  0.000625494657  55
     0.0216262876      0.353865096     0.0347083007    -0.0103234274      0.996348679       1.99615515      0.994433273             0.05  0.000625026493  0.00062848756  54
     0.0263512624      0.351419893     0.0231094307   0.000530480632      0.994756122        1.9947809      0.992160258             0.05  0.000625026493  0.000629338494  53
    0.00273749608      0.302652627     0.0564123502    -0.0209638174        0.9844536        1.9865265      0.977821582             0.05  0.000625026493  0.000634928675  52
     0.0519104159      0.305919454    -0.0130750883     0.0191859768      0.983591857       1.98409288      0.975768798             0.05  0.000625026493  0.00063557625  51
     0.0495514327      0.309587565     0.0403403323    0.00857825893      0.984339475       1.98490428      0.976909819             0.05  0.000625026493  0.000635103114  50
     0.0926912222      0.296391953   -0.00680645875    -0.0140348397      0.984891256       1.98704258       0.97851043             0.05  0.000625026493  0.000634130282  49
     0.0261851415      0.268898354    -0.0655827363     0.0168404905      0.987506866       1.98802167      0.981592527             0.05  0.000625026493  0.000633197904  48
      0.076985735      0.262239309   -0.00526884343    -0.0460401749       0.98826299       1.98850013      0.982580542             0.05  0.000625026493  0.000632473979  47
      0.043710179      0.304816748      -0.01059994    -0.0286980045      0.984728715       1.98554657       0.97761236             0.05  0.000625026493  0.000634919953  46
   0.000485949819      0.307889981    -0.0173356832    -0.0515246377       0.98438848       1.98515547      0.977082088             0.05  0.000625026493  0.00063524175  45
     0.0712755758        0.2687859     0.0317629017   0.000627505294      0.986884772       1.98704913      0.980494264             0.05  0.000625026493  0.000633580752  44
     0.0839750879       0.27733449     0.0227145169     0.0330427876      0.986287901       1.98749658      0.980121916             0.05  0.000625026493  0.000633687492  43
      0.029524612      0.269329771      0.040807818     0.0157439972      0.987316722       1.98809249      0.981438483             0.05  0.000625026493  0.000633377305  42
     0.0297510737      0.263714063     0.0055653304    -0.0474314314      0.988465025       1.98929453      0.983174033             0.05  0.000625026493  0.000632581042  41
    0.00362103457      0.221601058    -0.0040644324    -0.0190910087       1.00385372       2.00416278       1.00594313             0.05  0.000625026493  0.000623053244  40
     0.0532723718      0.233165675     0.0186143217      0.017912022       1.00155338       2.00248031       1.00279546             0.05  0.000625026493  0.000624054717  39
     0.0477223312      0.217208524   0.000305787833    0.00206188615       1.00274867       2.00389364       1.00470083             0.05  0.000625026493  0.000623442904  38
   0.000826299348      0.233773731    -0.0237122236    -0.0490547185       1.00306986        2.0034939       1.00482218             0.05  0.000625026493  0.000623532439  37
     0.0925962755      0.221008323    0.00663941129    -0.0431604238       1.00354118       2.00396041        1.0055284             0.05  0.000625026493  0.00062266492  36
     0.0574426976      0.225526268    -0.0326521758    -0.0030693802       1.00272033       2.00393709       1.00469423             0.05  0.000625026493  0.000623318428  35
      0.043073487      0.218234523     0.0626919253     0.0260849194        1.0036097       2.00455125       1.00589354             0.05  0.000625026493  0.000623042207  34
     0.0027275762      0.222587208     0.0308330817    -0.0138074541       1.00363067       2.00398461       1.00563021             0.05  0.000625026493  0.000623172468  33
     0.0691171261      0.174469905   -0.00521304488    0.00767114229       1.00588956       2.00567078       1.00874165             0.05  0.000625026493  0.000621435441  32
     0.0721269692      0.176026394     0.0148784002    -0.0284914666       1.00568232       2.00574859       1.00857294             0.05  0.000625026493  0.000621535889  31
     0.0205886405      0.171717721     0.0313405099    -0.0118005287       1.00552781       2.00605702       1.00857306             0.05  0.000625026493  0.000622018826  30
     0.0254337131      0.177312671    -0.0124819091   -0.00503699548       1.00597485       2.00619129       1.00908899             0.05  0.000625026493  0.000621774783  29
      0.072014467      0.174479134     0.0357667785    -0.0276136504       1.00575682       2.00576373       1.00865528             0.05  0.000625026493  0.000621481498  28
     0.0734628169       0.17071752    -0.0134576429    -0.0446349041       1.00585079       2.00625637       1.00899728             0.05  0.000625026493  0.000621359454  27
      0.019051454      0.177078338     0.0518104685    -0.0129430751       1.00581555       2.00645458       1.00906161             0.05  0.000625026493  0.000621927245  26
     0.0197202954      0.170538421    -0.0121358155    -0.0106032722       1.00553718       2.00595592       1.00853163             0.05  0.000625026493  0.000621998401  25
    0.00302436026      0.118973159    -0.0246153423    -0.0165731124       1.00925385       2.01097549       1.01479238             0.05  0.000625026493  0.000618798933  24
     0.0399407422      0.126571625    -0.0425687061    0.00190097577       1.00821353        2.0089745       1.01273764             0.05  0.000625026493  0.000620025125  23
     0.0556624066      0.125613974    0.00998059864    -0.0331995388       1.00803206       2.00904042       1.01258858             0.05  0.000625026493  0.00062026684  22
     0.0919549636      0.123855797   -0.00618262451   -0.00940673443       1.00898878       2.01086535       1.01447029             0.05  0.000625026493  0.000619532082  21
   0.000849717845      0.130002648  -0.000246162959    -0.0335631897       1.00845163       2.00968448        1.0133348             0.05  0.000625026493  0.000619463826  20
     0.0425537075      0.126001924    -0.0357815834   -0.00243904389       1.00738939       2.00779313       1.01131475             0.05  0.000625026493  0.000620591957  19
     0.0531075107      0.124192334     0.0208124366    -0.0166478374       1.00716205       2.00777911       1.01107946             0.05  0.000625026493  0.000620811386  18
      0.095037393      0.117972173   -0.00934848442    -0.0308603802       1.00933939        2.0110524        1.0149172             0.05  0.000625026493  0.000619371496  17
     0.0724668246     0.0823527208    -0.0566188456     0.0118281918       0.99427512       1.99529442      0.991935797             0.05  0.000625026493  0.000628669498  16
     0.0759851191     0.0731129153     0.0118716026    -0.0275826003      0.994524057        1.9963671      0.992717556             0.05  0.000625026493  0.000628429612  15
     0.0257792897     0.0721644695   -0.00997594788    -0.0206752863       1.00157901       2.00358878       1.00337623             0.05  0.000625026493  0.000623472658  14
     0.0262168162     0.0822537089   -0.00470389277    -0.0286897704       1.00040357       2.00133468       1.00107118             0.05  0.000625026493  0.00062431226  13
     0.0816762275     0.0542998998    -0.0257519347     -0.054330614        1.0017455       2.00400273       1.00375036             0.05  0.000625026493  0.000623723302  12
     0.0742195104     0.0806510815     0.0334590537   -0.00195178471      0.993978446       1.99522813      0.991606879             0.05  0.000625026493  0.000628888041  11
     0.0288843009      0.081109462     -0.032731216    -0.0201258985       1.00040089       2.00157886       1.00119064             0.05  0.000625026493  0.000624318436  10
     0.0213912192     0.0643324259     0.0420891151   -0.00148958607       1.00477655         2.006076       1.00782906             0.05  0.000625026493  0.000621608261  9
    0.00752566414     0.0337096818    -0.0179295609    -0.0259432581       1.00271778       2.00227361       1.00385768             0.05  0.000625026493  0.000623365638  8
     0.0437603626     0.0357689109      0.035691974     0.0109348071       1.00619806       2.01348704       1.01298337             0.05  0.000625026493  0.000620972714  7
     0.0584532779     0.0378209941    -0.0081839032     0.0372286768        1.0052394       2.01231681       1.01143007             0.05  0.000625026493  0.00062143001  6
      0.096516821     0.0328802247     0.0138737712    -0.0222764455       1.00215599       2.00258984        1.0034537             0.05  0.000625026493  0.00062347756  5
     0.0324404869     0.0226081636    0.00888298328    -0.0208886179        1.0057615       2.00432322       1.00793556             0.05  0.000625026493  0.000621570203  4
     0.0235698798    0.00174972839    -0.0278892801    -0.0224559389       1.00105145        2.0011942       1.00164918             0.05  0.000625026493  0.000624371035  3
     0.0787131764   0.000287370315     0.0148516005    -0.0473869803       1.00190895       2.01131699       1.00757824             0.05  0.000625026493  0.000623533734  2
     0.0691107805      0.021792273   0.000185268494   -0.00523657971       1.00733223       2.01024181       1.01249069             0.05  0.000625026493  0.000620290138  1
