title='particle position' 
variables=x, y, Ux, Uy, rho, e, p, h=supportlength/2, m, V, ID 
     0.0943492403      0.999960892     0.0236545028     0.0145564296      0.993093896        1.9983425      0.992270869             0.05  0.000625026493  0.000629495208  160
     0.0092227793      0.999967959    -0.0372219494     0.0144716438      0.993490958       1.99106972      0.989054883             0.05  0.000625026493  0.000628926374  159
     0.0431336421      0.999972525     0.0209424255     0.0144568335      0.994623453       1.99797629      0.993617036             0.05  0.000625026493  0.000628463491  158
     0.0583460219      0.999962702    -0.0331677054     0.0148650739      0.994650652       2.00209417      0.995692138             0.05  0.000625026493  0.00062852122  157
     0.0617635192      0.944902998     0.0144214294      -0.01997412      0.987600498       1.98962008       0.98247489             0.05  0.000625026493  0.000633446815  156
     0.0782886114      0.950394284    -0.0222132978    -0.0159716927      0.987345534       1.98908794      0.981958548             0.05  0.000625026493  0.000633638192  155
      0.011499748      0.942316873    0.00606382618    -0.0278616573      0.987526067       1.98561658      0.980424064             0.05  0.000625026493  0.000633012622  154
     0.0281873414      0.949851603    -0.0181534573   -0.00622179106      0.986630665       1.98430264       0.97888692             0.05  0.000625026493  0.000633864428  153
     0.0255369389      0.954892983    -0.0182719428     0.0431085419      0.986637691       1.98565762      0.979562326             0.05  0.000625026493  0.000633823633  152
     0.0674648246      0.950637833     0.0122949205    0.00324798453      0.987097055       1.98968429      0.982005751             0.05  0.000625026493  0.000633793941  151
     0.0765096536      0.956157965    -0.0206374333     0.0370348203      0.987800524       1.99052282      0.983119744             0.05  0.000625026493  0.000633332443  150
     0.0168058482      0.946121824     0.0063111741   -0.00108853472      0.986495156       1.98477409       0.97898501             0.05  0.000625026493  0.000633784839  149
    0.00167515159      0.898250691    -0.0407969326     0.0226944641      0.989420841       1.98995022      0.984449109             0.05  0.000625026493  0.000632203292  148
     0.0420350915      0.900730168     0.0274311275    -0.0167744687       0.98907629       1.98925966      0.983764781             0.05  0.000625026493  0.000632556446  147
     0.0521365294      0.906562201    -0.0332089423     0.0269335431      0.989454228       1.98979656      0.984406312             0.05  0.000625026493  0.000632230187  146
     0.0915080986      0.900957403       0.02095603    -0.0014566802      0.989030558       1.98947112      0.983823866             0.05  0.000625026493  0.000631656922  145
     0.0917223823      0.905837733     0.0466248831   0.000835452917      0.988901589       1.98930307      0.983612483             0.05  0.000625026493  0.00063186431  144
     0.0993124842      0.885234505    0.00312695211    -0.0111073714      0.990874124       1.99141871      0.986622636             0.05  0.000625026493  0.00062998214  143
     0.0396644166      0.900134497     0.0401070465     0.0115222291      0.989359971       1.98958838      0.984209548             0.05  0.000625026493  0.000632404952  142
     0.0487326051      0.891965471    -0.0123737202   -0.00321681307      0.989681437        1.9899378      0.984702251             0.05  0.000625026493  0.000632051483  141
     0.0684065377      0.851609575     0.0227986252    0.00801743492      0.988193143       1.98889067      0.982704061             0.05  0.000625026493  0.000632018545  140
     0.0828212549      0.855287813     0.0072088396     0.0212524821       0.98967216       1.99040006      0.984921763             0.05  0.000625026493  0.000630833716  139
     0.0181369458       0.85054761     0.0265286209     0.0347473231      0.988033472       1.98862562      0.982414338             0.05  0.000625026493  0.000633041724  138
     0.0362472971      0.851019598     0.0175138148     0.0112447255       0.98985161       1.99066778      0.985232854             0.05  0.000625026493  0.000631517894  137
     0.0969618955      0.829947263    -0.0330646196   -0.00801471844      0.987471828       1.98778086      0.981438799             0.05  0.000625026493  0.000632732331  136
     0.0671605658      0.860319352     0.0472968405    -0.0147996222      0.987902927       1.98797419      0.981962762             0.05  0.000625026493  0.000632251706  135
     0.0500419456      0.816230162     -0.017085781     -0.021820127      0.987914776       1.98830514      0.982138015             0.05  0.000625026493  0.000632255087  134
     0.0191961703      0.853359151     0.0433217222    -0.0339591675      0.987414179       1.98755123      0.981268132             0.05  0.000625026493  0.00063343925  133
     0.0916556326      0.812895636     0.0184278684     0.0101098198      0.986224438       1.98646491       0.97955012             0.05  0.000625026493  0.000633631067  132
     0.0438258869      0.824598958    -0.0551150132     0.0309558561      0.987252533       1.98778024      0.981220539             0.05  0.000625026493  0.000632765032  131
     0.0432764265       0.81139249   -0.00216744616    -0.0119155985      0.987356669       1.98770455      0.981286671             0.05  0.000625026493  0.000632552872  130
     0.0943197484       0.81043395    -0.0338606206    0.00141730353      0.986323085        1.9866303      0.979729662             0.05  0.000625026493  0.000633579423  129
    0.00418202206      0.765361509     0.0628021182    -0.0556991929      0.991713745       1.99186756      0.987681218             0.05  0.000625026493  0.000630721304  128
     0.0632885089      0.777934588    -0.0261638946    -0.0201935641      0.998022406       1.99863061      0.997339063             0.05  0.000625026493  0.000625279694  127
     0.0514994839      0.765483474     0.0470303394     0.0019966669      0.997768361       1.99840181      0.996971047             0.05  0.000625026493  0.000625529237  126
    0.00877275344      0.791514874    -0.0406920877    0.00134442357      0.990048255       1.99059855      0.985394309             0.05  0.000625026493  0.00063125468  125
    0.00820379684      0.767643439     0.0535249074     0.0290832751      0.991686688       1.99228958       0.98786353             0.05  0.000625026493  0.000630589892  124
     0.0523494216      0.774519683    -0.0056650516     0.0212596384       0.99786166       1.99879915      0.997262517             0.05  0.000625026493  0.000625452121  123
     0.0574858797      0.773032631     0.0594064495     0.0425245629      0.997698351       1.99874634      0.997072966             0.05  0.000625026493  0.000625478354  122
    0.00420133719      0.773468165     -0.006144506     0.0252655566      0.991825477       1.99238804      0.988050611             0.05  0.000625026493  0.000630569856  121
     0.0679343328      0.719108935    0.00618853116     0.0263891598      0.997411269       1.99807906      0.996453284             0.05  0.000625026493  0.000625998  120
     0.0799083402       0.72528363      0.026420073     0.0274488577      0.996075714       1.99671689      0.994440602             0.05  0.000625026493  0.00062682617  119
     0.0176127247      0.720529811    0.00343513624     0.0317330662      0.998290343       1.99927478      0.997928354             0.05  0.000625026493  0.000625906955  118
     0.0301029462      0.721525606     0.0149393617     0.0318148265      0.997498739       1.99853936      0.996770248             0.05  0.000625026493  0.000626178358  117
     0.0677760472      0.726235992    -0.0177745917     -0.022989789      0.997147198       1.99760166       0.99595145             0.05  0.000625026493  0.000626109232  116
     0.0799341338      0.720859252     0.0120516051   -0.00718490833      0.996629994       1.99691084      0.995090617             0.05  0.000625026493  0.000626505509  115
     0.0178254261      0.718661294    -0.0105914543   -0.00549620493      0.998368711       1.99901679      0.997877911             0.05  0.000625026493  0.000625812959  114
     0.0292367966      0.730892925     0.0223262608   -0.00685493048      0.997422157       1.99826283      0.996555813             0.05  0.000625026493  0.000626287843  113
     0.0039566349      0.670580346     0.0398817944     0.0154266812       1.00390435       2.00442701        1.0061265             0.05  0.000625026493  0.000622263998  112
     0.0444100984      0.671972794     -0.051831124     0.0205840509       1.00072878        2.0012666       1.00136255             0.05  0.000625026493  0.000623651203  111
     0.0533579967      0.670518643     0.0351793433     0.0163884607       1.00097427       2.00149571       1.00172286             0.05  0.000625026493  0.000623561725  110
     0.0947952369      0.670034861    -0.0489866302     0.0149667286       1.00378594       2.00426792       1.00592798             0.05  0.000625026493  0.00062271279  109
    0.00410934772       0.67484606     0.0293956108   -0.00350346636       1.00367874       2.00390666       1.00563925             0.05  0.000625026493  0.000622424425  108
     0.0434060359      0.675655928    -0.0387864179    0.00920505369       1.00059801       2.00089344       1.00104499             0.05  0.000625026493  0.000623729796  107
     0.0548213149      0.675496239     0.0236519323    0.00990306814       1.00080548       2.00109919       1.00135552             0.05  0.000625026493  0.000623669875  106
     0.0926852221      0.673637262    -0.0474286226   -0.00214461969       1.00356912       2.00381562       1.00548374             0.05  0.000625026493  0.000622748628  105
     0.0744401882      0.622130585     -0.053146704     0.0347627817       1.00823784       2.00883647       1.01269248             0.05  0.000625026493  0.000620019664  104
     0.0741706474      0.622449083     0.0527758171     0.0375351564       1.00822129        2.0088203       1.01266769             0.05  0.000625026493  0.000620019242  103
     0.0244203642      0.622999697    -0.0523669894     0.0419077533        1.0073153       2.00789037       1.01128935             0.05  0.000625026493  0.000620527642  102
     0.0243934588      0.622674658     0.0537902893     0.0401008519       1.00733143       2.00790421       1.01131251             0.05  0.000625026493  0.000620531089  101
     0.0716849545       0.62379637    -0.0622311702    -0.0199199665       1.00817325       2.00910503       1.01276297             0.05  0.000625026493  0.000619992622  100
     0.0765270571      0.623748599     0.0579199109    -0.0213131608       1.00822449        2.0091494       1.01283682             0.05  0.000625026493  0.000619951717  99
     0.0220756155      0.624087261    -0.0589264484    -0.0183280057       1.00732092       2.00821124        1.0114566             0.05  0.000625026493  0.000620446453  98
     0.0270501239      0.623404598      0.060627058    -0.0208345489       1.00733438       2.00823162       1.01148037             0.05  0.000625026493  0.000620480595  97
     0.0962005828      0.569647854     0.0460251725   -0.00825281325       1.00577065       2.00527639       1.00842407             0.05  0.000625026493  0.000621829241  96
     0.0531489518      0.568367262    -0.0461481236     -0.020641213       1.00604118       2.00556116       1.00883856             0.05  0.000625026493  0.000622807805  95
     0.0461615552      0.569342422      0.045399271    -0.0125188801       1.00606632       2.00558473       1.00887562             0.05  0.000625026493  0.000622805902  94
    0.00316607748      0.568760594    -0.0469941497    -0.0142038236       1.00582856       2.00532536       1.00850676             0.05  0.000625026493  0.000621767744  93
     0.0968259746      0.578288491     0.0680091865     0.0326964465       1.00529979       2.00510902       1.00786784             0.05  0.000625026493  0.000622086346  92
     0.0525913686      0.577379208    -0.0693435495     0.0298613807       1.00565943       2.00545295       1.00840133             0.05  0.000625026493  0.000623132665  91
     0.0466347574      0.577790418      0.065796712     0.0327822838        1.0056159       2.00542137       1.00834181             0.05  0.000625026493  0.000623155078  90
    0.00259536607      0.577605494    -0.0689148087     0.0314628081       1.00528719       2.00506086         1.007831             0.05  0.000625026493  0.000622130185  89
      0.081157326      0.531670897    -0.0419707981    0.00752985369       1.00343291       2.00336982        1.0051236             0.05  0.000625026493  0.000623239864  88
      0.068606184      0.532045727     0.0414042055    0.00904620739       1.00340557       2.00334729       1.00508492             0.05  0.000625026493  0.000623328548  87
     0.0312953178      0.531849376    -0.0418120498    0.00794926675       1.00360324       2.00353961       1.00537942             0.05  0.000625026493  0.000623146841  86
     0.0186935627      0.531914918     0.0403548366    0.00817541436       1.00348392       2.00341467       1.00519721             0.05  0.000625026493  0.000623127376  85
     0.0867877732      0.515106099   -0.00983508028     0.0136362849       1.00564123       2.00553131       1.00842249             0.05  0.000625026493  0.000621662574  84
     0.0630106224      0.513537631    0.00832046578    0.00498814977       1.00587684        2.0057767       1.00878217             0.05  0.000625026493  0.000621528557  83
      0.036857906      0.513462162    -0.0090184458    0.00384381931       1.00582611       2.00572262       1.00870409             0.05  0.000625026493  0.000621532424  82
     0.0130578563      0.515020713    0.00855266473     0.0129703652       1.00568413       2.00557052       1.00848522             0.05  0.000625026493  0.000621569912  81
     0.0897238228      0.486714995     0.0179616714  -0.000955087534       1.00364538       2.00345289       1.00537812             0.05  0.000625026493  0.000622869835  80
     0.0605411062      0.486773637    -0.0168063233   -0.00105458583       1.00383514       2.00365265       1.00566847             0.05  0.000625026493  0.000622796625  79
     0.0396583504      0.486777457     0.0172851149  -0.000568528083       1.00382562       2.00364688       1.00565604             0.05  0.000625026493  0.000622793264  78
      0.010466643      0.486709858    -0.0169359467   -0.00119522708       1.00362368       2.00343691       1.00534836             0.05  0.000625026493  0.000622854492  77
     0.0868247359      0.459277521   -0.00532281322       0.01978515       1.00567249       2.00538449       1.00838001             0.05  0.000625026493  0.000621644627  76
     0.0631658454      0.457980066    0.00541233581      0.012896034       1.00576698       2.00547175       1.00851864             0.05  0.000625026493  0.000621633577  75
     0.0367529939      0.457956154   -0.00570172575     0.0127290848       1.00579126       2.00550081       1.00855759             0.05  0.000625026493  0.000621614521  74
     0.0131060607      0.459268589    0.00498124894     0.0199095779       1.00570252       2.00541872       1.00842733             0.05  0.000625026493  0.000621618368  73
      0.087049658      0.441660648   -0.00459120184   -0.00829282522        1.0044736       2.00430161       1.00663403             0.05  0.000625026493  0.00062238093  72
      0.063082011      0.441776251     0.0054833869   -0.00798965497       1.00469344       2.00452276       1.00696543             0.05  0.000625026493  0.00062227945  71
     0.0369370261      0.441798063     -0.005239124   -0.00764339121       1.00471542       2.00454505       1.00699866             0.05  0.000625026493  0.000622266154  70
     0.0129698849      0.441633896    0.00451855532   -0.00834683498       1.00450156       2.00433093       1.00667677             0.05  0.000625026493  0.00062236305  69
     0.0875886933       0.40337066   0.000847631677     0.0206241825       1.00669106       2.00670457       1.01006578             0.05  0.000625026493  0.00062098571  68
     0.0624395543      0.403156931  -0.000646643783     0.0185822884       1.00675632       2.00677023       1.01016431             0.05  0.000625026493  0.000620980283  67
     0.0375648517      0.403146724   0.000574065171     0.0183948062       1.00675319       2.00676652        1.0101593             0.05  0.000625026493  0.00062098238  66
     0.0124042239      0.403365296  -0.000849998156     0.0205525611        1.0066847       2.00669722       1.01005569             0.05  0.000625026493  0.000620989743  65
     0.0875955063      0.396530826   0.000428902828    -0.0157148278       1.00656419       2.00632626       1.00974809             0.05  0.000625026493  0.000621065265  64
     0.0624403515      0.396390563   -0.00038800077    -0.0153186951        1.0066293       2.00639241        1.0098467             0.05  0.000625026493  0.000621062796  63
     0.0375603712      0.396383508   0.000335803448    -0.0154213272       1.00662498       2.00638807       1.00984017             0.05  0.000625026493  0.000621065048  62
     0.0123980579      0.396526642  -0.000363556078    -0.0157410861       1.00656217       2.00632429       1.00974507             0.05  0.000625026493  0.000621065248  61
     0.0874929094      0.352472028  -0.000111385647    0.00201075382       1.00517143       2.00520587       1.00778782             0.05  0.000625026493  0.000621857994  60
     0.0625334766      0.352467798   0.000320095174    0.00207420734       1.00520374       2.00523777       1.00783625             0.05  0.000625026493  0.000621854423  59
     0.0374641908      0.352470526  -0.000281412444    0.00213221605       1.00520851       2.00524288        1.0078436             0.05  0.000625026493  0.00062185094  58
     0.0125100223      0.352475667   6.89642745e-05    0.00208686417       1.00517611       2.00521082       1.00779501             0.05  0.000625026493  0.000621854042  57
     0.0874919729      0.347060228   -0.00014934099   -0.00250477636       1.00504155       2.00504409       1.00757631             0.05  0.000625026493  0.000621936283  56
     0.0625247059      0.346985538    0.00016433412   -0.00304364204       1.00506897       2.00507186       1.00761775             0.05  0.000625026493  0.000621936596  55
     0.0374747309      0.346986617   -0.00012332381   -0.00299232436       1.00507156       2.00507435        1.0076216             0.05  0.000625026493  0.000621934901  54
     0.0125093489      0.347060259   0.000107661843   -0.00246783002       1.00504425       2.00504666       1.00758031             0.05  0.000625026493  0.000621934368  53
     0.0875094199      0.306700231   5.46259346e-05   -0.00184208702       1.00236968       2.00233792       1.00354141             0.05  0.000625026493  0.000623616992  52
     0.0624971206      0.306671986  -0.000108412494   -0.00189121432       1.00237004       2.00233899       1.00354231             0.05  0.000625026493  0.000623638229  51
     0.0375058086      0.306668092   7.42091868e-05    -0.0019196761       1.00236511       2.00233364       1.00353469             0.05  0.000625026493  0.000623641828  50
     0.0124879474      0.306696341  -1.94485944e-05   -0.00186958009       1.00236458       2.00233238       1.00353353             0.05  0.000625026493  0.000623621255  49
      0.087500573       0.29218624   5.17723675e-05   -0.00168273787       1.00233674        2.0022477       1.00346322             0.05  0.000625026493  0.000623576378  48
      0.062491769      0.292186849  -1.66211849e-05   -0.00161106085       1.00234308       2.00225407       1.00347275             0.05  0.000625026493  0.000623574446  47
     0.0375059781      0.292182184  -1.33963324e-05   -0.00162791233       1.00234211       2.00225338       1.00347145             0.05  0.000625026493  0.000623574997  46
      0.012501884      0.292181484  -2.07164847e-05   -0.00170029518        1.0023358       2.00224703       1.00346194             0.05  0.000625026493  0.000623577034  45
     0.0875036639      0.261357675   1.74541958e-05    -0.0075399573      0.999136965       1.99959783      0.998936052             0.05  0.000625026493  0.00062538241  44
      0.062510697      0.261342373   8.27278493e-05   -0.00768335805      0.999140018       1.99960058      0.998940479             0.05  0.000625026493  0.000625317916  43
       0.03749001       0.26134197  -5.62744599e-05   -0.00766964891       0.99914453       1.99960535      0.998947375             0.05  0.000625026493  0.000625314903  42
     0.0124955963      0.261357287  -4.41205266e-05   -0.00752581568      0.999141455       1.99960258      0.998942915             0.05  0.000625026493  0.000625379289  41
     0.0875007856       0.23628526  -2.81623547e-05     0.0108972422       1.00055201       2.00086597       1.00098524             0.05  0.000625026493  0.000624541461  40
     0.0624985782      0.236292464   -4.3120461e-05     0.0109484771       1.00054898       2.00086326       1.00098084             0.05  0.000625026493  0.000624493605  39
      0.037502291       0.23629338   4.96957688e-05     0.0109397521        1.0005494       2.00086354       1.00098141             0.05  0.000625026493  0.000624493433  38
     0.0124983414      0.236286035   2.16182281e-05     0.0108876643       1.00055244       2.00086625        1.0009858             0.05  0.000625026493  0.000624541339  37
     0.0875002398      0.216268218    1.1112723e-05   -0.00342135471      0.998723076       1.99887592      0.998161754             0.05  0.000625026493  0.000625734083  36
     0.0624965045      0.216259971  -2.58101007e-05   -0.00341346601      0.998727093        1.9988805      0.998168054             0.05  0.000625026493  0.000625699687  35
      0.037503644      0.216258423   1.80316692e-05   -0.00342466173      0.998726052       1.99887933      0.998166431             0.05  0.000625026493  0.000625700373  34
     0.0124996121      0.216266648  -3.35030558e-06   -0.00343271271       0.99872203       1.99887475      0.998160123             0.05  0.000625026493  0.000625734754  33
     0.0875010068      0.171459598   4.44792437e-06     0.0147123505       1.00199466       2.00249043       1.00324236             0.05  0.000625026493  0.000623619449  32
     0.0625014596      0.171458587    1.1565528e-05     0.0146549827       1.00199307       2.00248852       1.00323981             0.05  0.000625026493  0.000623567515  31
     0.0374986693       0.17145882  -8.75819224e-06       0.01465397       1.00199342       2.00248893       1.00324037             0.05  0.000625026493  0.000623567226  30
     0.0124988652      0.171459817  -7.25498467e-06     0.0147112601       1.00199502       2.00249085       1.00324293             0.05  0.000625026493  0.000623619089  29
     0.0875003614      0.179864311   1.16867648e-05   -0.00480099286       1.00216002       2.00271557       1.00352073             0.05  0.000625026493  0.000623504824  28
       0.06250096      0.179869419   1.89406225e-05   -0.00478485785       1.00216188       2.00271707       1.00352336             0.05  0.000625026493  0.00062344672  27
      0.037498914      0.179870105  -1.78564829e-05   -0.00477621256       1.00216219       2.00271745       1.00352385             0.05  0.000625026493  0.000623446434  26
     0.0124997634       0.17986498  -1.27802523e-05   -0.00479246953       1.00216033       2.00271595       1.00352124             0.05  0.000625026493  0.000623504433  25
     0.0874991152      0.125566548  -4.91089132e-06     0.0318306391       1.00276397       2.00317984       1.00435828             0.05  0.000625026493  0.000623247204  24
     0.0624990186      0.125567093  -4.89208454e-06      0.031865791       1.00276361        2.0031795       1.00435775             0.05  0.000625026493  0.000623233561  23
     0.0375008239      0.125567106   4.58908484e-06     0.0318675941       1.00276329       2.00317915       1.00435725             0.05  0.000625026493  0.0006232338  22
     0.0125010425       0.12556656   5.21408264e-06     0.0318324396       1.00276365       2.00317949       1.00435779             0.05  0.000625026493  0.00062324748  21
     0.0874995681      0.125008114  -4.90727106e-06     -0.024159519       1.00275722       2.00291041       1.00421644             0.05  0.000625026493  0.000623260933  20
     0.0624995742      0.125006731  -5.65855922e-06    -0.0241379568       1.00275683       2.00291009       1.00421589             0.05  0.000625026493  0.000623247283  19
      0.037500352      0.125006588   4.58668439e-06    -0.0241373328       1.00275651       2.00290973       1.00421538             0.05  0.000625026493  0.000623247525  18
     0.0125005057      0.125007976   5.97965829e-06    -0.0241588458        1.0027569       2.00291005       1.00421594             0.05  0.000625026493  0.000623261212  17
     0.0875002741     0.0683289689  -2.28407359e-06    -0.0346607867      0.998205488       1.99799972      0.997207145             0.05  0.000625026493  0.000626421546  16
     0.0625002612      0.068327472  -2.80487762e-06    -0.0346841427      0.998204808       1.99799909      0.997206148             0.05  0.000625026493  0.000626511148  15
      0.037499748     0.0683272884   2.40048393e-06    -0.0346857848      0.998204921       1.99799922      0.997206327             0.05  0.000625026493  0.000626511073  14
      0.012499717     0.0683287853   2.68995942e-06    -0.0346624269      0.998205601       1.99799986      0.997207323             0.05  0.000625026493  0.000626421469  13
     0.0875004772     0.0813419932   6.13183151e-06     0.0349035042      0.997638299       1.99701647      0.996150059             0.05  0.000625026493  0.000626772388  12
     0.0625006321     0.0813419456   5.40885181e-06       0.03487649       0.99763845       1.99701639      0.996150167             0.05  0.000625026493  0.000626865099  11
     0.0374995522     0.0813418821  -5.73385203e-06     0.0348749383      0.997638461        1.9970164      0.996150184             0.05  0.000625026493  0.000626865106  10
     0.0124993385     0.0813419293  -5.80770046e-06      0.034901961       0.99763831       1.99701648      0.996150075             0.05  0.000625026493  0.000626772409  9
      0.087500135      0.014723884    4.3566451e-06    -0.0247938834      0.993852861       1.99439189      0.991066045             0.05  0.000625026493  0.000629108178  8
     0.0625001748     0.0147235819   4.19208054e-06    -0.0247848875      0.993853651        1.9943929      0.991067332             0.05  0.000625026493  0.000629185316  7
     0.0374998622     0.0147237401  -4.35484575e-06     -0.024784478      0.993853544       1.99439263      0.991067092             0.05  0.000625026493  0.000629185382  6
     0.0124998278     0.0147240428  -4.19297305e-06     -0.024793473      0.993852754       1.99439163      0.991065805             0.05  0.000625026493  0.000629108235  5
     0.0874996722     0.0348141996  -3.50407036e-06     0.0261281683      0.992837907       1.99284381      0.989285436             0.05  0.000625026493  0.000629812009  4
     0.0624995729     0.0348149721  -2.30537214e-06     0.0261366532      0.992838279       1.99284463      0.989286219             0.05  0.000625026493  0.000629904938  3
      0.037500323     0.0348151195   3.43102287e-06     0.0261368064      0.992838473       1.99284479      0.989286486             0.05  0.000625026493  0.000629904797  2
     0.0125004318     0.0348143473   2.37746452e-06     0.0261283285        0.9928381       1.99284396      0.989285704             0.05  0.000625026493  0.000629811849  1
