                0                0
            0.005                0
             0.01                0
            0.015                0
             0.02                0
            0.025                0
             0.03                0
            0.035                0
             0.04                0
            0.045                0
             0.05                0
            0.055                0
             0.06                0
            0.065                0
             0.07                0
            0.075                0
             0.08                0
            0.085                0
             0.09                0
            0.095                0
              0.1                0
            0.105                0
             0.11                0
            0.115                0
             0.12                0
            0.125   2.53161207e-17
             0.13   6.50792354e-17
            0.135   1.65232411e-16
             0.14   4.14490491e-16
            0.145    1.0269834e-15
             0.15   2.51342458e-15
            0.155   6.07597739e-15
             0.16   1.45084953e-14
            0.165   3.42202937e-14
             0.17    7.9726861e-14
            0.175   1.83479208e-13
             0.18   4.17093145e-13
            0.185   9.36582165e-13
             0.19    2.0774381e-12
            0.195   4.55179324e-12
              0.2   9.85172236e-12
            0.205   2.10629948e-11
             0.21   4.44845955e-11
            0.215   9.28077258e-11
             0.22   1.91270116e-10
            0.225   3.89405721e-10
             0.23   7.83165646e-10
            0.235   1.55598385e-09
             0.24   3.05394318e-09
            0.245    5.9214176e-09
             0.25   1.13423743e-08
            0.255   2.14635085e-08
             0.26   4.01255563e-08
            0.265   7.41089134e-08
             0.27   1.35224239e-07
            0.275     2.437695e-07
             0.28   4.34161404e-07
            0.285   7.63970764e-07
             0.29   1.32819841e-06
            0.295   2.28148316e-06
              0.3   3.87210822e-06
            0.305   6.49324627e-06
             0.31   1.07589322e-05
            0.315   1.76148367e-05
             0.32   2.84970581e-05
            0.325   4.55558106e-05
             0.33   7.19649282e-05
            0.335   0.000112342243
             0.34   0.000173309676
            0.345   0.000264224624
             0.35   0.000398115079
            0.355   0.000592848668
             0.36    0.00087255935
            0.365    0.00126934337
             0.37     0.0018252172
            0.375    0.00259430378
             0.38    0.00364517905
            0.385    0.00506326991
             0.39    0.00695314845
            0.395    0.00944052008
              0.4     0.0126736593
            0.405     0.0168240129
             0.41     0.0220856725
            0.415      0.028673426
             0.42     0.0368191351
            0.425     0.0467662563
             0.43      0.058762434
            0.435      0.073050233
             0.44     0.0898562474
            0.445      0.109379002
             0.45      0.131776239
            0.455       0.15715233
             0.46      0.185546685
            0.465      0.216924033
             0.47      0.251167477
            0.475      0.288075061
             0.48      0.327360423
            0.485      0.368657839
             0.49      0.411531637
            0.495      0.455489646
              0.5              0.5
            0.505      0.544510354
             0.51      0.588468363
            0.515      0.631342161
             0.52      0.672639577
            0.525      0.711924939
             0.53      0.748832523
            0.535      0.783075967
             0.54      0.814453315
            0.545       0.84284767
             0.55      0.868223761
            0.555      0.890620998
             0.56      0.910143753
            0.565      0.926949767
             0.57      0.941237566
            0.575      0.953233744
             0.58      0.963180865
            0.585      0.971326574
             0.59      0.977914328
            0.595      0.983175987
              0.6      0.987326341
            0.605       0.99055948
             0.61      0.993046852
            0.615       0.99493673
             0.62      0.996354821
            0.625      0.997405696
             0.63      0.998174783
            0.635      0.998730657
             0.64      0.999127441
            0.645      0.999407151
             0.65      0.999601885
            0.655      0.999735775
             0.66       0.99982669
            0.665      0.999887658
             0.67      0.999928035
            0.675      0.999954444
             0.68      0.999971503
            0.685      0.999982385
             0.69      0.999989241
            0.695      0.999993507
              0.7      0.999996128
            0.705      0.999997719
             0.71      0.999998672
            0.715      0.999999236
             0.72      0.999999566
            0.725      0.999999756
             0.73      0.999999865
            0.735      0.999999926
             0.74       0.99999996
            0.745      0.999999979
             0.75      0.999999989
            0.755      0.999999994
             0.76      0.999999997
            0.765      0.999999998
             0.77      0.999999999
            0.775                1
             0.78                1
            0.785                1
             0.79                1
            0.795                1
              0.8                1
            0.805                1
             0.81                1
            0.815                1
             0.82                1
            0.825                1
             0.83                1
            0.835                1
             0.84                1
            0.845                1
             0.85                1
            0.855                1
             0.86                1
            0.865                1
             0.87                1
            0.875                1
             0.88                1
            0.885                1
             0.89                1
            0.895                1
              0.9                1
            0.905                1
             0.91                1
            0.915                1
             0.92                1
            0.925                1
             0.93                1
            0.935                1
             0.94                1
            0.945                1
             0.95                1
            0.955                1
             0.96                1
            0.965                1
             0.97                1
            0.975                1
             0.98                1
            0.985                1
             0.99                1
            0.995                1
                1                1
