title='particle position' 
variables=x, y, Ux, Uy, rho, e, p, h=supportlength/2, m, V, ID 
     0.0359692303      0.987304919     0.0381475747   1.92154463e-05      0.990757192       1.99831797      0.989923949            0.025  0.000624461818  0.000630012226  80
     0.0109692663      0.987304929     0.0381476542   1.92125272e-05      0.990757279       1.99831984      0.989924964            0.025  0.000624461818  0.000630632722  79
     0.0198462139      0.962294001     0.0371362286   1.50110664e-05      0.997705315       2.00382505      0.999613453            0.025  0.000624461818  0.00062614429  78
     0.0448462123      0.962293992     0.0371362262    1.5226209e-05      0.997705146       2.00382599      0.999613753            0.025  0.000624461818  0.00062547148  77
      0.003737112       0.93731548     0.0361366322    1.3020362e-05      0.998460105       2.00399966       1.00045685            0.025  0.000624461818  0.000625839738  76
     0.0287371136      0.937315458     0.0361366588   1.29212445e-05      0.998459972       2.00400025       1.00045702            0.025  0.000624461818  0.000625186755  75
      0.037625763       0.91234297     0.0351405697   1.11527186e-05      0.998634704        2.0037916       1.00052792            0.025  0.000624461818  0.000624979727  74
     0.0126257582      0.912342997     0.0351405785   1.11113142e-05      0.998634635       2.00379198       1.00052804            0.025  0.000624461818  0.000625646994  73
     0.0215083074      0.887373226     0.0341470386   9.34127596e-06       0.99872458       2.00360217       1.00052337            0.025  0.000624461818  0.000625485269  72
     0.0465083068      0.887373222     0.0341470201   9.45948959e-06      0.998724797       2.00360264       1.00052382            0.025  0.000624461818  0.000624867099  71
    0.00538228418      0.862405161     0.0331565882    7.8010461e-06      0.998782724       2.00344579       1.00050352            0.025  0.000624461818  0.00062560336  70
     0.0303822877      0.862405138     0.0331566004   7.72268338e-06      0.998782618       2.00344591       1.00050348            0.025  0.000624461818  0.000625004563  69
     0.0392455779      0.837438119     0.0321695648   6.23461048e-06      0.998819765        2.0033137       1.00047466            0.025  0.000624461818  0.000624892096  68
     0.0142455748      0.837438142     0.0321695711   6.19745338e-06      0.998819646       2.00331371       1.00047454            0.025  0.000624461818  0.00062550298  67
     0.0230961219      0.812471689     0.0311859572   4.70044394e-06       0.99884047        2.0031992       1.00043822            0.025  0.000624461818  0.000625393146  66
     0.0480961205      0.812471693     0.0311859422   4.79973233e-06      0.998840684       2.00319942       1.00043854            0.025  0.000624461818  0.000624828663  65
    0.00693198234      0.787505459     0.0302064768   3.41511069e-06      0.998848231       2.00309818       1.00039553            0.025  0.000624461818  0.000625528372  64
     0.0319319866      0.787505432     0.0302064869   3.35216735e-06      0.998848164       2.00309812       1.00039544            0.025  0.000624461818  0.000624983061  63
     0.0407513138      0.762539057     0.0292315256   2.14019845e-06       0.99884459       2.00300713       1.00034642            0.025  0.000624461818  0.000624904401  62
      0.015751311      0.762539079       0.02923153    2.1078891e-06      0.998844431        2.0030069       1.00034614            0.025  0.000624461818  0.000625459698  61
     0.0245522111      0.737572268     0.0282611431   9.22976042e-07      0.998830769       2.00292351       1.00029081            0.025  0.000624461818  0.000625379937  60
     0.0495522091      0.737572277     0.0282611313   1.00295212e-06      0.998830982       2.00292353       1.00029104            0.025  0.000624461818  0.000624868424  59
    0.00833289074      0.712604817     0.0272959795  -5.78802889e-08      0.998808371         2.002846       1.00022967            0.025  0.000624461818  0.000625519792  58
     0.0333328952      0.712604788     0.0272959822  -9.87510425e-08      0.998808346       2.00284581       1.00022955            0.025  0.000624461818  0.000625027207  57
     0.0420916132      0.687636417     0.0263362695  -9.46551192e-07      0.998777806       2.00277296       1.00016259            0.025  0.000624461818  0.000624923882  56
     0.0170916113      0.687636434     0.0263362837  -1.04375724e-06      0.998777623       2.00277258       1.00016222            0.025  0.000624461818  0.000625400531  55
     0.0258265657      0.662666918     0.0253823276  -1.82361362e-06      0.998739431       2.00270309       1.00008927            0.025  0.000624461818  0.000625082973  54
   0.000826563394       0.66266693     0.0253823193  -1.76073359e-06      0.998739615       2.00270302       1.00008942            0.025  0.000624461818  0.000625540786  53
    0.00953606228      0.637696109     0.0244344765  -2.47502281e-06      0.998694283       2.00263607        1.0000106            0.025  0.000624461818  0.000625508458  52
     0.0345360663      0.637696082     0.0244344654  -2.43472922e-06      0.998694299       2.00263593       1.00001054            0.025  0.000624461818  0.000625043889  51
     0.0432184438      0.612723744     0.0234926511  -2.94352795e-06      0.998642418       2.00257112      0.999926232            0.025  0.000624461818  0.000625041398  50
     0.0182184428      0.612723754     0.0234926646  -3.02994773e-06      0.998642231       2.00257084      0.999925908            0.025  0.000624461818  0.000625466587  49
      0.026872007      0.587749689     0.0225573347  -3.41306039e-06      0.998583816       2.00250754       0.99983581            0.025  0.000624461818  0.000625199038  48
    0.00187200457      0.587749705     0.0225573277  -3.36402752e-06      0.998583964       2.00250762         0.999836            0.025  0.000624461818  0.000625605703  47
     0.0104951778      0.562773775     0.0216285938  -3.67504044e-06      0.998519228       2.00244554      0.999740189            0.025  0.000624461818  0.000625591643  46
     0.0354951813      0.562773751     0.0216285863  -3.63987166e-06      0.998519274       2.00244568      0.999740305            0.025  0.000624461818  0.000625180048  45
     0.0440864227      0.537795771     0.0207062427   -3.7719529e-06      0.998448619       2.00238493      0.999639234            0.025  0.000624461818  0.000625194858  44
     0.0190864224      0.537795777     0.0207062535  -3.84218405e-06      0.998448438       2.00238496      0.999639068            0.025  0.000624461818  0.000625569633  43
     0.0276442269      0.512815551     0.0197905294  -3.85973025e-06      0.998371825       2.00232549      0.999532676            0.025  0.000624461818  0.000625350067  42
    0.00264422429      0.512815568     0.0197905239  -3.82255516e-06      0.998371941       2.00232584      0.999532969            0.025  0.000624461818  0.000625706644  41
     0.0111672447      0.487832968     0.0188813229  -3.78483468e-06      0.998289497       2.00226788      0.999421499            0.025  0.000624461818  0.00062570967  40
     0.0361672477      0.487832947     0.0188813176  -3.75456187e-06      0.998289564        2.0022683      0.999421774            0.025  0.000624461818  0.000625349973  39
     0.0446542471      0.462847809     0.0179782452  -3.58967217e-06      0.998201709       2.00221254      0.999305989            0.025  0.000624461818  0.000625380962  38
     0.0196542472      0.462847812     0.0179782538  -3.64581286e-06      0.998201536       2.00221278      0.999305934            0.025  0.000624461818  0.000625706397  37
     0.0281041578      0.437859958     0.0170812448   -3.4128418e-06      0.998108415        2.0021599       0.99918632            0.025  0.000624461818  0.000625533013  36
    0.00310415512      0.437859976     0.0170812406  -3.38534797e-06      0.998108506       2.00216035      0.999186637            0.025  0.000624461818  0.000625840552  35
     0.0115162266        0.4128693     0.0161899133  -3.15090812e-06      0.998010474        2.0021114      0.999064071            0.025  0.000624461818  0.000625859166  34
     0.0365162292      0.412869281     0.0161899094  -3.12519667e-06      0.998010553       2.00211186      0.999064382            0.025  0.000624461818  0.000625550378  33
     0.0448900546      0.387875659     0.0153035904   -2.8502992e-06      0.997908445       2.00206857      0.998940567            0.025  0.000624461818  0.000625595567  32
     0.0198900549       0.38787566     0.0153035971  -2.89473042e-06      0.997908284       2.00206878      0.998940511            0.025  0.000624461818  0.000625872657  31
     0.0282257384      0.362878968     0.0144218383  -2.63927368e-06      0.997802936       2.00203326      0.998817334            0.025  0.000624461818  0.000625742124  30
    0.00322573582      0.362878985     0.0144218352  -2.61972121e-06      0.997803009       2.00203361       0.99881758            0.025  0.000624461818  0.000626001541  29
     0.0115241547      0.337879191     0.0135438759  -2.45691215e-06      0.997695705       2.00200873      0.998697754            0.025  0.000624461818  0.00062603156  28
     0.0365241571      0.337879175     0.0135438728  -2.43530886e-06      0.997695788       2.00200906         0.998698            0.025  0.000624461818  0.000625772932  27
     0.0447871554      0.312876271     0.0126686639  -2.35142158e-06      0.997588642        2.0019989       0.99858568            0.025  0.000624461818  0.000625826424  26
     0.0197871559      0.312876271     0.0126686689    -2.386434e-06      0.997588495       2.00199895       0.99858556            0.025  0.000624461818  0.00062605594  25
     0.0280179052      0.287870297     0.0117953003  -2.43715361e-06      0.997484069       2.00200858      0.998485832            0.025  0.000624461818  0.000625959575  24
    0.00301790314      0.287870313     0.0117952979  -2.42434516e-06      0.997484131       2.00200874      0.998485975            0.025  0.000624461818  0.000626171489  23
     0.0112213614      0.262861452     0.0109225643   -2.6761264e-06      0.997385766       2.00204441      0.998405298            0.025  0.000624461818  0.000626201193  22
     0.0362213638      0.262861439     0.0109225614  -2.65818647e-06      0.997385845       2.00204456      0.998405453            0.025  0.000624461818  0.000625992424  21
     0.0444046073      0.237849974     0.0100489898  -3.09940302e-06      0.997297842        2.0021137      0.998351837            0.025  0.000624461818  0.000626038944  20
     0.0194046081      0.237849974     0.0100489932  -3.12662852e-06       0.99729771       2.00211359      0.998351648            0.025  0.000624461818  0.000626221234  19
     0.0275771343      0.212836304    0.00917318375  -3.78589156e-06      0.997224524       2.00222354       0.99833321            0.025  0.000624461818  0.000626139916  18
    0.00257713279      0.212836319    0.00917318178  -3.77920838e-06      0.997224574       2.00222354      0.998333259            0.025  0.000624461818  0.000626304457  17
     0.0107508912      0.187821027    0.00829344819  -4.69296473e-06      0.997170288       2.00237989      0.998356866            0.025  0.000624461818  0.000626311411  16
     0.0357508935      0.187821017     0.0082934455  -4.67842404e-06      0.997170359       2.00237985      0.998356916            0.025  0.000624461818  0.000626152866  15
     0.0439395609      0.162804785    0.00740783663  -5.82137369e-06      0.997137808       2.00258381      0.998426014            0.025  0.000624461818  0.000626169581  14
     0.0189395618      0.162804785    0.00740783854  -5.84088822e-06      0.997137697       2.00258341      0.998425704            0.025  0.000624461818  0.000626304312  13
     0.0271570251      0.137788315    0.00651446471  -7.21940531e-06      0.997126945       2.00282789      0.998536827            0.025  0.000624461818  0.000626218856  12
    0.00215702405      0.137788328    0.00651446324  -7.21816299e-06      0.997126979       2.00282752       0.99853668            0.025  0.000624461818  0.000626335436  11
     0.0104150807      0.112772298    0.00561145661  -8.86172158e-06      0.997134642       2.00309452      0.998677469            0.025  0.000624461818  0.00062630807  10
     0.0354150824       0.11277229    0.00561145468  -8.85080799e-06      0.997134701       2.00309402      0.998677281            0.025  0.000624461818  0.000626200917  9
     0.0437205712       0.08775718    0.00469748007  -1.07481895e-05      0.997152452       2.00335353       0.99882444            0.025  0.000624461818  0.000626191284  8
     0.0187205715     0.0877571793     0.0046974814   -1.0758525e-05      0.997152377       2.00335242      0.998823815            0.025  0.000624461818  0.000626277162  7
     0.0270730387     0.0627430732    0.00377254746  -1.29101502e-05      0.997142739       2.00354142      0.998908391            0.025  0.000624461818  0.000626227108  6
    0.00207303799     0.0627430816    0.00377254647  -1.29102536e-05      0.997142774       2.00354065      0.998908043            0.025  0.000624461818  0.000626294256  5
     0.0104637343     0.0377283985    0.00283766304  -1.54554555e-05      0.996707976       2.00324302      0.998324148            0.025  0.000624461818  0.000626549534  4
     0.0354637357     0.0377283899    0.00283766266  -1.54518538e-05      0.996707977       2.00324339      0.998324332            0.025  0.000624461818  0.000626495493  3
     0.0438778128     0.0126928634    0.00188482484  -2.00163823e-05      0.990455423       1.99691393      0.988927118            0.025  0.000624461818  0.000630459863  2
     0.0188778091     0.0126928652    0.00188482526  -2.00167562e-05      0.990455373       1.99691415      0.988927174            0.025  0.000624461818  0.000630493526  1
