title='particle position' 
variables=x, y, Ux, Uy, rho, e, p, h=supportlength/2, m, V, ID 
     0.0104128257      0.987401372     0.0398489568  -2.30585931e-05      0.999714697       2.00493143       1.00217971            0.025  0.000624461818  0.000625005257  80
     0.0354128284      0.987401361     0.0398489466  -2.30692923e-05       0.99971461       2.00493317       1.00218049            0.025  0.000624461818  0.000624378852  79
      0.048124689      0.962671075     0.0393719793  -6.88026561e-05       1.00782152       2.01360612        1.0146778            0.025  0.000624461818  0.000619159476  78
     0.0231246876      0.962671073     0.0393719858  -6.88595131e-05       1.00782149       2.01360727       1.01467834            0.025  0.000624461818  0.000619871716  77
     0.0358882215      0.937964236     0.0388461934  -0.000112661784       1.00838894       2.01357457       1.01523316            0.025  0.000624461818  0.000619015854  76
     0.0108882197      0.937964254     0.0388461969  -0.000112622946       1.00838895       2.01357528       1.01523353            0.025  0.000624461818  0.000619717431  75
     0.0237293537      0.913262152     0.0382522705  -0.000155546969       1.00853562       2.01332402        1.0152545            0.025  0.000624461818  0.000619425553  74
     0.0487293535      0.913262153     0.0382522688  -0.000155466819       1.00853562       2.01332446       1.01525471            0.025  0.000624461818  0.000618734131  73
     0.0116698655      0.888562432     0.0375728218  -0.000197100048       1.00861598       2.01310697       1.01522594            0.025  0.000624461818  0.000619562996  72
     0.0366698655        0.8885624     0.0375728196  -0.000197140709       1.00861596       2.01310727       1.01522606            0.025  0.000624461818  0.000618885006  71
     0.0497357364      0.863863967     0.0367872913  -0.000236812236       1.00866013       2.01291248       1.01517228            0.025  0.000624461818  0.000618675032  70
     0.0247357343      0.863863959     0.0367872832  -0.000236909454       1.00866016       2.01291275       1.01517244            0.025  0.000624461818  0.000619339723  69
     0.0379587945      0.839165812     0.0358707731  -0.000273713617       1.00866951       2.01271961       1.01508445            0.025  0.000624461818  0.000618769425  68
     0.0129587934      0.839165849     0.0358707692  -0.000273794841       1.00866956       2.01271977       1.01508458            0.025  0.000624461818  0.000619426496  67
     0.0263781284       0.81446688     0.0347942157  -0.000306321279       1.00863649       2.01250506       1.01494302            0.025  0.000624461818  0.000618890605  66
     0.0013781299      0.814466896     0.0347941899  -0.000306205929       1.00863645         2.012505       1.01494295            0.025  0.000624461818  0.000619517427  65
     0.0150415994      0.789765613     0.0335228066  -0.000332091386       1.00854371        2.0122381       1.01471504            0.025  0.000624461818  0.000619390155  64
     0.0400416011      0.789765578     0.0335228167  -0.000331864782       1.00854363       2.01223802       1.01471492            0.025  0.000624461818  0.000618785348  63
    0.00400745646      0.765059686     0.0320185012  -0.000347003514       1.00835947       2.01187376       1.01434598            0.025  0.000624461818  0.000619654196  62
     0.0290074558      0.765059656     0.0320185164  -0.000347122188       1.00835955       2.01187386       1.01434611            0.025  0.000624461818  0.000619078289  61
     0.0433454364      0.740345568     0.0302426159  -0.000345342137       1.00802965       2.01134361         1.013747            0.025  0.000624461818  0.00061914006  60
     0.0183454365      0.740345595     0.0302426053  -0.000345560398       1.00802989       2.01134374        1.0137473            0.025  0.000624461818  0.000619684102  59
     0.0331369257      0.715617748     0.0281635639  -0.000318141058       1.00747021        2.0105486       1.01278391            0.025  0.000624461818  0.00061964846  58
    0.00813693123      0.715617815     0.0281635495  -0.000318041499       1.00747023       2.01054827       1.01278377            0.025  0.000624461818  0.000620154328  57
     0.0234718799       0.69086787      0.025772836  -0.000254075574       1.00658823       2.00938322       1.01131075            0.025  0.000624461818  0.000620540974  56
     0.0484718858      0.690867881      0.025772866   -0.00025390417       1.00658777       2.00938226       1.01130981            0.025  0.000624461818  0.000620080039  55
     0.0144408957      0.666085123     0.0231073893  -0.000149903352       1.00534252        2.0078028       1.00926477            0.025  0.000624461818  0.000621367207  54
     0.0394408874      0.666085061     0.0231074086  -0.000149859786       1.00534205       2.00780215       1.00926397            0.025  0.000624461818  0.000620930685  53
    0.00612074825      0.641258857     0.0202684485  -1.29748992e-05       1.00377278       2.00586111       1.00671439            0.025  0.000624461818  0.000622343749  52
     0.0311207323      0.641258781     0.0202684373  -1.30764846e-05       1.00377285       2.00586136       1.00671459            0.025  0.000624461818  0.00062197828  51
     0.0485559621      0.616380964     0.0174199351   0.000142593395       1.00198699       2.00369943       1.00384038            0.025  0.000624461818  0.000623024898  50
      0.023555954      0.616380928     0.0174199118   0.000142465377       1.00198747       2.00370032       1.00384131            0.025  0.000624461818  0.000623332838  49
     0.0417425901       0.59144793     0.0147623807   0.000293865201       1.00018773       2.00156138       1.00096856            0.025  0.000624461818  0.000624205568  48
     0.0167425917      0.591447941     0.0147623689   0.000293830184       1.00018808       2.00156198       1.00096922            0.025  0.000624461818  0.000624489378  47
     0.0356269004      0.566463937     0.0124140093   0.000413268355      0.998576042       1.99966894      0.998410748            0.025  0.000624461818  0.000625234979  46
     0.0106269049      0.566463958     0.0124140112   0.000413271629      0.998576119       1.99966913      0.998410922            0.025  0.000624461818  0.000625474448  45
      0.030144471      0.541436696     0.0103476346   0.000502417705      0.997211221       1.99807732       0.99625256            0.025  0.000624461818  0.000626110185  44
     0.0051444761      0.541436716     0.0103476285    0.00050242596      0.997211143       1.99807725       0.99625245            0.025  0.000624461818  0.000626310298  43
     0.0252361479      0.516373251    0.00853739876   0.000565473467      0.996070445       1.99675401      0.994453827            0.025  0.000624461818  0.000626865102  42
   0.000236149786      0.516373261    0.00853741605   0.000565502549      0.996070269       1.99675376      0.994453528            0.025  0.000624461818  0.000627021345  41
     0.0208472136       0.49127978    0.00696044001    0.00060649018      0.995126152        1.9956635      0.992968471            0.025  0.000624461818  0.000627563477  40
     0.0458472129      0.491279775    0.00696045341   0.000606521813      0.995126016       1.99566332      0.992968244            0.025  0.000624461818  0.000627441378  39
     0.0169268488      0.466161613    0.00559573029   0.000629182335      0.994351247       1.99477219      0.991752106            0.025  0.000624461818  0.00062806484  38
     0.0419268472      0.466161603    0.00559573043   0.000629186611      0.994351207       1.99477212      0.991752035            0.025  0.000624461818  0.00062795633  37
     0.0134278603      0.441023298    0.00442346364   0.000636842491       0.99372016       1.99404897      0.990763333            0.025  0.000624461818  0.000628452163  36
     0.0384278589      0.441023287    0.00442346267     0.0006368388      0.993720169       1.99404898      0.990763344            0.025  0.000624461818  0.000628366345  35
     0.0103066117      0.415868652    0.00342475249   0.000632365886      0.993209518       1.99346585      0.989964627            0.025  0.000624461818  0.000628765438  34
     0.0353066106      0.415868643    0.00342475154   0.000632360804      0.993209543       1.99346588      0.989964666            0.025  0.000624461818  0.000628699004  33
    0.00752288094      0.390700847    0.00258175894    0.00061821143      0.992798635       1.99299825       0.98932297            0.025  0.000624461818  0.000629017366  32
     0.0325228802       0.39070084    0.00258175822   0.000618206876      0.992798663       1.99299829      0.989323017            0.025  0.000624461818  0.000628967323  31
     0.0050397241      0.365522492    0.00187771794   0.000596428512      0.992469608       1.99262507      0.988809914            0.025  0.000624461818  0.000629218976  30
     0.0300397236      0.365522487    0.00187771745   0.000596424988      0.992469636       1.99262511      0.988809961            0.025  0.000624461818  0.000629182637  29
    0.00282331395      0.340335714    0.00129699782   0.000568696879      0.992207228        1.9923285      0.988401369            0.025  0.000624461818  0.00062937966  28
     0.0278233137      0.340335711    0.00129699751   0.000568694367      0.992207253       1.99232854      0.988401412            0.025  0.000624461818  0.000629354635  27
   0.000842748841      0.315142238   0.000825134476   0.000536373194      0.991998761       1.99209367      0.988077227            0.025  0.000624461818  0.000629510772  26
     0.0258427487      0.315142236   0.000825134253   0.000536371499      0.991998784       1.99209371      0.988077266            0.025  0.000624461818  0.000629492547  25
     0.0490698452      0.289943454   0.000448824267   0.000500539145      0.991833684       1.99190836      0.987820903            0.025  0.000624461818  0.000629595998  24
     0.0240698452      0.289943454   0.000448824221   0.000500538185      0.991833704       1.99190839      0.987820938            0.025  0.000624461818  0.000629606104  23
      0.047478915      0.264740476   0.000155902966   0.000462047214      0.991703392       1.99176261      0.987618867            0.025  0.000624461818  0.000629685442  22
      0.022478915      0.264740478   0.000155902984   0.000462046974      0.991703407       1.99176263      0.987618893            0.025  0.000624461818  0.000629688212  21
     0.0460465269      0.239534197   -6.4720334e-05   0.000421562477      0.991600911       1.99164836      0.987460166            0.025  0.000624461818  0.000629752656  20
      0.021046527        0.2395342  -6.47203074e-05   0.000421562775      0.991600919       1.99164838      0.987460181            0.025  0.000624461818  0.000629751136  19
     0.0447512765      0.214325329  -0.000223144077   0.000379598626      0.991520628       1.99155918      0.987336004            0.025  0.000624461818  0.000629805178  18
     0.0197512765      0.214325331  -0.000223144046   0.000379599286      0.991520631       1.99155919      0.987336011            0.025  0.000624461818  0.000629800584  17
     0.0435735585      0.189114437  -0.000328558161   0.000336548716       0.99145807       1.99148992      0.987239377            0.025  0.000624461818  0.000629845933  16
     0.0185735586       0.18911444  -0.000328558132    0.00033654957       0.99145807       1.99148992      0.987239378            0.025  0.000624461818  0.0006298393  15
     0.0424953406      0.163901976  -0.000389343901   0.000292710817      0.991409699       1.99143655      0.987164753            0.025  0.000624461818  0.000629877245  14
     0.0174953407      0.163901979  -0.000389343876   0.000292711725      0.991409697       1.99143655      0.987164752            0.025  0.000624461818  0.000629869444  13
      0.041499946      0.138688309  -0.000413175598   0.000248309084      0.991372747        1.9913959       0.98710781            0.025  0.000624461818  0.000629900944  12
      0.016499946      0.138688311  -0.000413175579   0.000248309944      0.991372744        1.9913959      0.987107807            0.025  0.000624461818  0.000629892699  11
     0.0405718437      0.113473729  -0.000407123316   0.000203510933      0.991345075       1.99136554      0.987065212            0.025  0.000624461818  0.000629918456  10
     0.0155718437      0.113473731  -0.000407123302   0.000203511677      0.991345071       1.99136554      0.987065207            0.025  0.000624461818  0.000629910351  9
     0.0396964474     0.0882584751  -0.000377755149      0.000158441      0.991325046       1.99134363      0.987034406            0.025  0.000624461818  0.000629930885  8
     0.0146964474     0.0882584768  -0.000377755139   0.000158441588       0.99132504       1.99134362      0.987034399            0.025  0.000624461818  0.000629923378  7
     0.0388599217     0.0630427475  -0.000331237615   0.000113192482      0.991311115       1.99132845      0.987013011            0.025  0.000624461818  0.000629939271  6
     0.0138599217     0.0630427487  -0.000331237608   0.000113192896      0.991311109       1.99132844      0.987013002            0.025  0.000624461818  0.000629932697  5
     0.0380490066     0.0378266992  -0.000273426943   6.78357157e-05      0.991297335       1.99131389      0.986992076            0.025  0.000624461818  0.000629947451  4
     0.0130490067        0.0378267   -0.00027342694   6.78359572e-05      0.991297328       1.99131388      0.986992067            0.025  0.000624461818  0.000629942031  3
     0.0372510329     0.0126102241  -0.000209845361   2.24147296e-05      0.991221166        1.9912463      0.986882738            0.025  0.000624461818  0.000629994796  2
     0.0122510328     0.0126102244  -0.000209845355    2.2414808e-05      0.991221159       1.99124629      0.986882727            0.025  0.000624461818  0.000629991098  1
