title='particle position' 
variables=x, y, Ux, Uy, rho, e, p, h=supportlength/2, m, V, ID 
     0.0420212783      0.987481663     0.0397641851  -4.33780097e-06       1.00097419       2.00490948       1.00343132            0.025  0.000624461818  0.000623509055  80
     0.0170212421      0.987481662     0.0397641516  -4.36868279e-06        1.0009743       2.00491149       1.00343244            0.025  0.000624461818  0.000624153053  79
     0.0369948953      0.962589824     0.0370387234    0.00013500345       1.00330172       2.00647974       1.00655229            0.025  0.000624461818  0.000622048367  78
     0.0119949053      0.962589835     0.0370387304   0.000134958287       1.00330206       2.00648127       1.00655339            0.025  0.000624461818  0.00062277055  77
     0.0323815433      0.937688036     0.0344664661   0.000261803427       1.00288778       2.00535342       1.00557222            0.025  0.000624461818  0.00062232958  76
     0.0073815499      0.937688055     0.0344664375   0.000261834378       1.00288779       2.00535398       1.00557251            0.025  0.000624461818  0.000623002704  75
     0.0281619898      0.912769004     0.0320567194   0.000369320216       1.00233295       2.00431234       1.00449415            0.025  0.000624461818  0.000622791002  74
    0.00316199837      0.912769017     0.0320567582   0.000369434883        1.0023328       2.00431238       1.00449402            0.025  0.000624461818  0.000623356678  73
     0.0243073538      0.887833932     0.0298017856   0.000458991476       1.00182601       2.00343984       1.00354907            0.025  0.000624461818  0.00062351577  72
     0.0493073562       0.88783393     0.0298018218   0.000459103294       1.00182581       2.00343965       1.00354877            0.025  0.000624461818  0.000622999873  71
     0.0207895772      0.862884846     0.0276930811   0.000532756352       1.00138507       2.00271183       1.00274286            0.025  0.000624461818  0.000623871148  70
     0.0457895742      0.862884834     0.0276930812   0.000532777022       1.00138498       2.00271176       1.00274274            0.025  0.000624461818  0.000623328493  69
      0.017582136      0.837923742      0.025722319   0.000592396916        1.0010079       2.00210404       1.00206098            0.025  0.000624461818  0.000624086833  68
     0.0425821332       0.83792373      0.025722318   0.000592388323       1.00100792       2.00210409       1.00206103            0.025  0.000624461818  0.000623582301  67
     0.0146601436      0.812952438     0.0238807569   0.000639665952       1.00068838        2.0015967       1.00148728            0.025  0.000624461818  0.000624267985  66
     0.0396601412      0.812952428     0.0238807555   0.000639653363       1.00068841       2.00159679       1.00148736            0.025  0.000624461818  0.00062379921  65
     0.0120003948      0.787972532     0.0221601635   0.000676131623       1.00041949       2.00117356       1.00100652            0.025  0.000624461818  0.00062441883  64
     0.0370003929      0.787972524     0.0221601623   0.000676120357       1.00041952       2.00117367        1.0010066            0.025  0.000624461818  0.000623983544  63
    0.00958130419      0.762985413     0.0205526676   0.000703185136       1.00019445       2.00082113       1.00060509            0.025  0.000624461818  0.000624543492  62
     0.0345813026      0.762985407     0.0205526668   0.000703175911       1.00019447       2.00082124       1.00060517            0.025  0.000624461818  0.000624139552  61
    0.00738284138       0.73799227     0.0190508017   0.000722052998       1.00000696       2.00052806       1.00027099            0.025  0.000624461818  0.000624645786  60
       0.03238284      0.737992266     0.0190508015   0.000722045582       1.00000698       2.00052817       1.00027107            0.025  0.000624461818  0.000624271176  59
    0.00538645623      0.712994118     0.0176475275   0.000733809256      0.999851411       2.00028477      0.999993776            0.025  0.000624461818  0.000624729136  58
      0.030386455      0.712994115     0.0176475289   0.000733803233      0.999851424       2.00028489      0.999993846            0.025  0.000624461818  0.000624381965  57
     0.0035749976      0.687991815      0.016336245   0.000739389026      0.999722844       2.00008319      0.999764428            0.025  0.000624461818  0.000624796553  56
     0.0285749962      0.687991813     0.0163362507   0.000739383918      0.999722853        2.0000833      0.999764492            0.025  0.000624461818  0.000624475052  55
    0.00193262828      0.662986084     0.0151107917   0.000739602969      0.999616957       1.99991648      0.999575211            0.025  0.000624461818  0.000624850657  54
     0.0269326264      0.662986082     0.0151108008   0.000739597655       0.99961697       1.99991659      0.999575279            0.025  0.000624461818  0.000624553163  53
   0.000444735986      0.637977531     0.0139654818   0.000735155121      0.999530051       1.99977887      0.999419536            0.025  0.000624461818  0.000624903118  52
     0.0254447348       0.63797753     0.0139654686    0.00073514227       0.99953007       1.99977898       0.99941961            0.025  0.000624461818  0.000624659744  51
     0.0490978605      0.612966661     0.0128948543   0.000726640696      0.999458972       1.99966552      0.999291823            0.025  0.000624461818  0.000624663751  50
     0.0240978605      0.612966662     0.0128948399   0.000726628813      0.999458986       1.99966561      0.999291881            0.025  0.000624461818  0.000624883006  49
     0.0478796068      0.587953897     0.0118939542   0.000714577175      0.999401038       1.99957235      0.999187343            0.025  0.000624461818  0.000624719582  48
     0.0228796073      0.587953898     0.0118939536   0.000714575392       0.99940104       1.99957241      0.999187376            0.025  0.000624461818  0.000624953943  47
     0.0467785575      0.562939589     0.0109582529   0.000699420216      0.999353974       1.99949593      0.999102103            0.025  0.000624461818  0.000624758175  46
      0.021778558      0.562939589     0.0109582529   0.000699421007      0.999353972       1.99949597      0.999102122            0.025  0.000624461818  0.000624974155  45
     0.0457842075      0.537924024     0.0100833885   0.000681550821      0.999315874       1.99943338      0.999032759            0.025  0.000624461818  0.000624790577  44
     0.0207842079      0.537924025     0.0100833885    0.00068155189      0.999315872       1.99943341      0.999032772            0.025  0.000624461818  0.00062498936  43
     0.0448868941      0.512907442    0.00926533251   0.000661298215      0.999285142       1.99938231      0.998976515            0.025  0.000624461818  0.000624817823  42
     0.0198868944      0.512907442    0.00926533251    0.00066129917       0.99928514       1.99938233      0.998976525            0.025  0.000624461818  0.000625000517  41
     0.0440777295      0.487890037    0.00850031029   0.000638946731      0.999260444        1.9993407      0.998931036            0.025  0.000624461818  0.000624840782  40
     0.0190777298      0.487890038    0.00850031029   0.000638947537      0.999260443       1.99934071      0.998931043            0.025  0.000624461818  0.000625008425  39
      0.043348539      0.462871971     0.0077847719   0.000614742022       0.99924067       1.99930688      0.998894374            0.025  0.000624461818  0.000624860181  38
     0.0183485392      0.462871972     0.0077847719   0.000614742699      0.999240669       1.99930689       0.99889438            0.025  0.000624461818  0.00062501374  37
     0.0426918028      0.437853375    0.00711536549   0.000588896852        0.9992249       1.99927947      0.998864915            0.025  0.000624461818  0.000624876628  36
      0.017691803      0.437853375     0.0071153655   0.000588897423      0.999224899       1.99927948      0.998864919            0.025  0.000624461818  0.000625017007  35
     0.0421006026      0.412834353    0.00648891242   0.000561596161      0.999212371       1.99925731      0.998841318            0.025  0.000624461818  0.000624890629  34
     0.0171006028      0.412834354    0.00648891242    0.00056159665      0.999212371       1.99925732      0.998841321            0.025  0.000624461818  0.000625018669  33
     0.0415685706      0.387814994    0.00590238452    0.00053300144      0.999202458       1.99923944       0.99882248            0.025  0.000624461818  0.000624902605  32
     0.0165685708      0.387814995    0.00590238453   0.000533001862      0.999202458       1.99923944      0.998822483            0.025  0.000624461818  0.000625019089  31
     0.0410898426      0.362795367    0.00535288363   0.000503254458      0.999194647       1.99922506      0.998807491            0.025  0.000624461818  0.000624912904  30
     0.0160898427      0.362795367    0.00535288364   0.000503254828      0.999194646       1.99922507      0.998807492            0.025  0.000624461818  0.00062501856  29
     0.0406590138      0.337775527    0.00483762311   0.000472480462      0.999188515       1.99921354      0.998795603            0.025  0.000624461818  0.000624921818  28
     0.0156590139      0.337775527    0.00483762312   0.000472480789      0.999188515       1.99921354      0.998795605            0.025  0.000624461818  0.000625017316  27
     0.0402710978      0.312755521    0.00435391154   0.000440790894      0.999183723       1.99920432      0.998786208            0.025  0.000624461818  0.000624929585  26
     0.0152710979      0.312755521    0.00435391155   0.000440791187      0.999183723       1.99920432      0.998786209            0.025  0.000624461818  0.000625015546  25
     0.0399214873      0.287735382    0.00389913823   0.000408285707      0.999179992       1.99919697      0.998778807            0.025  0.000624461818  0.000624936405  24
     0.0149214874      0.287735383    0.00389913825   0.000408285972      0.999179992       1.99919697      0.998778808            0.025  0.000624461818  0.000625013396  23
     0.0396059182      0.262715142    0.00347076054   0.000375055329        0.9991771       1.99919113      0.998772998            0.025  0.000624461818  0.000624942442  22
     0.0146059183      0.262715142    0.00347076055   0.000375055572        0.9991771       1.99919113      0.998772999            0.025  0.000624461818  0.000625010982  21
     0.0393204346      0.237694821    0.00306629268   0.000341182332      0.999174867       1.99918651      0.998768456            0.025  0.000624461818  0.000624947832  20
     0.0143204346      0.237694821    0.00306629269   0.000341182558      0.999174867       1.99918651      0.998768456            0.025  0.000624461818  0.00062500839  19
     0.0390613562      0.212674438    0.00268329609    0.00030674284      0.999173151       1.99918286       0.99876492            0.025  0.000624461818  0.000624952687  18
     0.0140613562      0.212674438    0.00268329611   0.000306743052      0.999173151       1.99918286       0.99876492            0.025  0.000624461818  0.000625005686  17
     0.0388252476      0.187654007    0.00231937096   0.000271807718       0.99917184          1.99918      0.998762181            0.025  0.000624461818  0.000624957102  16
     0.0138252476      0.187654007    0.00231937097   0.000271807918       0.99917184          1.99918      0.998762181            0.025  0.000624461818  0.000625002917  15
     0.0386088881      0.162633539    0.00197214885   0.000236443574      0.999170845       1.99917778      0.998760075            0.025  0.000624461818  0.000624961155  14
     0.0136088881      0.162633539    0.00197214887   0.000236443764      0.999170844       1.99917778      0.998760075            0.025  0.000624461818  0.000625000114  13
     0.0384092437      0.137613043    0.00163928636   0.000200713607      0.999170097       1.99917607      0.998758473            0.025  0.000624461818  0.000624964912  12
     0.0134092437      0.137613043    0.00163928637   0.000200713789      0.999170097       1.99917607      0.998758473            0.025  0.000624461818  0.000624997297  11
     0.0382234391      0.112592527    0.00131845948   0.000164678317      0.999169545       1.99917477      0.998757275            0.025  0.000624461818  0.000624968428  10
     0.0132234392      0.112592527     0.0013184595   0.000164678492      0.999169545       1.99917478      0.998757275            0.025  0.000624461818  0.000624994476  9
     0.0380487318     0.0875719941     0.0010073587   0.000128396106      0.999169148       1.99917383      0.998756405            0.025  0.000624461818  0.00062497175  8
     0.0130487318     0.0875719941    0.00100735871   0.000128396273      0.999169148       1.99917383      0.998756405            0.025  0.000624461818  0.000624991653  7
     0.0378824856     0.0625514507     0.0007036846    9.1923757e-05      0.999168876       1.99917317      0.998755803            0.025  0.000624461818  0.000624974922  6
     0.0128824856     0.0625514507   0.000703684615   9.19239082e-05      0.999168876       1.99917317      0.998755802            0.025  0.000624461818  0.000624988825  5
     0.0377221457        0.0375309    0.00040514397   5.53161768e-05      0.999168647       1.99917269      0.998755339            0.025  0.000624461818  0.000624978015  4
     0.0127221457        0.0375309   0.000405143983   5.53162937e-05      0.999168647       1.99917269      0.998755338            0.025  0.000624461818  0.000624986019  3
     0.0375652138     0.0125103423   0.000109446673   1.86142286e-05      0.999166444       1.99916953      0.998751556            0.025  0.000624461818  0.000624981863  2
     0.0125652138     0.0125103423    0.00010944669   1.86142753e-05      0.999166444       1.99916953      0.998751556            0.025  0.000624461818  0.000624984621  1
