title='particle position' 
variables=x, y, Ux, Uy, rho, e, p, h=supportlength/2, m, V, ID 
    0.00468599425       0.98734592     0.0380697322    2.5975607e-05      0.992589307       2.00238118      0.993771075            0.025  0.000624461818  0.000629464237  80
     0.0296859804      0.987345907     0.0380694474   2.59497978e-05      0.992589037       2.00238295      0.993771682            0.025  0.000624461818  0.000628841532  79
      0.036762427      0.962326375      0.037094863    2.1720236e-05      0.998238388       2.00463967       1.00055414            0.025  0.000624461818  0.000625204833  78
     0.0117624278      0.962326417     0.0370948287    2.1629597e-05      0.998238537       2.00464096       1.00055493            0.025  0.000624461818  0.000625919646  77
     0.0188965841      0.937344458     0.0361649046   2.14432016e-05      0.999109291       2.00492148       1.00156784            0.025  0.000624461818  0.000625258437  76
     0.0438965897      0.937344439     0.0361648699   2.15629146e-05      0.999109498       2.00492234       1.00156848            0.025  0.000624461818  0.000624609657  75
    0.00103835455      0.912369569     0.0352439432   2.23384836e-05      0.999310675       2.00473752        1.0016778            0.025  0.000624461818  0.000625290638  74
     0.0260383567      0.912369566     0.0352439585   2.22502202e-05      0.999310442       2.00473778        1.0016777            0.025  0.000624461818  0.000624660641  73
     0.0331803933      0.887397827      0.034327784   2.34994943e-05      0.999413171        2.0045588       1.00169123            0.025  0.000624461818  0.000624496419  72
    0.00818038933      0.887397847     0.0343277977   2.34896227e-05       0.99941324       2.00455914       1.00169147            0.025  0.000624461818  0.000625156895  71
     0.0153196249      0.862428104      0.033414985   2.49443141e-05      0.999480455        2.0044098       1.00168421            0.025  0.000624461818  0.000625106084  70
     0.0403196275      0.862428085     0.0334149767   2.49757737e-05      0.999480566        2.0044101       1.00168447            0.025  0.000624461818  0.000624463081  69
     0.0474537824      0.837459661     0.0325049167   2.66581343e-05      0.999525451       2.00428385       1.00166636            0.025  0.000624461818  0.000624391085  68
     0.0224537834      0.837459663      0.032504934   2.65635049e-05      0.999525253       2.00428381       1.00166614            0.025  0.000624461818  0.000624973931  67
     0.0295809553      0.812492032     0.0315974576   2.83817928e-05      0.999553108       2.00417449       1.00163942            0.025  0.000624461818  0.000624533136  66
    0.00458095136      0.812492049     0.0315974482   2.84551094e-05       0.99955323       2.00417463       1.00163961            0.025  0.000624461818  0.000625097622  65
     0.0116994175      0.787524843     0.0306922851   3.03455556e-05      0.999567135       2.00407788       1.00160519            0.025  0.000624461818  0.000625025757  64
     0.0366994209      0.787524821     0.0306922806   3.03618518e-05      0.999567161       2.00407789       1.00160522            0.025  0.000624461818  0.000624435133  63
     0.0438075235      0.762557694     0.0297888589    3.2424177e-05      0.999569376       2.00399076        1.0015639            0.025  0.000624461818  0.000624394453  62
     0.0188075219      0.762557708     0.0297888848   3.23274468e-05      0.999569211       2.00399054       1.00156362            0.025  0.000624461818  0.000624928518  61
     0.0259036338      0.737590347     0.0288873228    3.4424337e-05      0.999560921       2.00391051       1.00151532            0.025  0.000624461818  0.000624546179  60
   0.000903631388      0.737590354     0.0288873125   3.44981361e-05      0.999561115       2.00391052       1.00151552            0.025  0.000624461818  0.000625061931  59
    0.00798618088      0.712622528     0.0279874209   3.65891444e-05      0.999543405       2.00383584       1.00146045            0.025  0.000624461818  0.000625014675  58
     0.0329861847      0.712622506     0.0279874103   3.66006089e-05      0.999543348       2.00383561       1.00146028            0.025  0.000624461818  0.000624475974  57
      0.040053595      0.687653949     0.0270887436   3.87609289e-05      0.999517092       2.00376497       1.00139867            0.025  0.000624461818  0.000624501004  56
     0.0150535921      0.687653968     0.0270887502   3.87336504e-05      0.999516978       2.00376465        1.0013984            0.025  0.000624461818  0.000625022591  55
     0.0221042034      0.662684446      0.026191064   4.08382397e-05      0.999482307       2.00369659       1.00132964            0.025  0.000624461818  0.000624959146  54
     0.0471042026      0.662684443     0.0261910509   4.09132521e-05      0.999482503       2.00369653       1.00132981            0.025  0.000624461818  0.000624489603  53
    0.00413633932      0.637713759     0.0252942027   4.29854136e-05      0.999439867       2.00363018       1.00125394            0.025  0.000624461818  0.000625096926  52
     0.0291363428      0.637713743     0.0252942098   4.29300378e-05      0.999439744       2.00362992       1.00125369            0.025  0.000624461818  0.000624645661  51
     0.0361483035      0.612741654     0.0243978182   4.49619268e-05      0.999389411       2.00356461       1.00117063            0.025  0.000624461818  0.000624606619  50
     0.0111483002      0.612741675     0.0243978208   4.49480651e-05      0.999389398       2.00356448       1.00117055            0.025  0.000624461818  0.000625076603  49
     0.0181382857      0.587767975     0.0235011907   4.67706489e-05      0.999331076       2.00349928       1.00107955            0.025  0.000624461818  0.000625036018  48
     0.0431382877       0.58776796     0.0235011658    4.6849867e-05      0.999331234        2.0034994       1.00107976            0.025  0.000624461818  0.000624614728  47
   0.000104389596      0.562792446     0.0226039145   4.84913094e-05      0.999265064       2.00343398       1.00098079            0.025  0.000624461818  0.000625175681  46
     0.0251043918      0.562792439     0.0226039224   4.84353414e-05      0.999264859        2.0034339       1.00098055            0.025  0.000624461818  0.000624772781  45
     0.0320446892      0.537814856     0.0217054059   4.98669391e-05      0.999190697       2.00336791       1.00087329            0.025  0.000624461818  0.000624756691  44
    0.00704468534      0.537814879     0.0217054193   4.98529016e-05      0.999190759       2.00336813       1.00087346            0.025  0.000624461818  0.000625175072  43
     0.0139571781      0.512835026     0.0208047625   5.09141929e-05      0.999108178       2.00330115       1.00075728            0.025  0.000624461818  0.000625218113  42
     0.0389571812      0.512835008     0.0208047582   5.09353924e-05      0.999108285       2.00330152       1.00075757            0.025  0.000624461818  0.000624816877  41
     0.0458397556      0.487852655     0.0199009959   5.15829626e-05      0.999017294       2.00323367       1.00063254            0.025  0.000624461818  0.000624851981  40
      0.020839756       0.48785266     0.0199010064   5.15246519e-05      0.999017107       2.00323385       1.00063244            0.025  0.000624461818  0.000625208788  39
     0.0276902963      0.462867541     0.0189931824   5.16364142e-05      0.998917425       2.00316524       1.00049833            0.025  0.000624461818  0.000625014013  38
    0.00269029344      0.462867555     0.0189931772   5.16758618e-05      0.998917559       2.00316571        1.0004987            0.025  0.000624461818  0.000625352115  37
    0.00950672171      0.437879461     0.0180800869   5.11152735e-05      0.998809085       2.00309676       1.00035562            0.025  0.000624461818  0.000625379198  36
     0.0345067248       0.43787944     0.0180800853   5.11256176e-05      0.998809087       2.00309717       1.00035583            0.025  0.000624461818  0.000625030245  35
     0.0412870519      0.412888116     0.0171602371   4.98258119e-05      0.998692148       2.00302893       1.00020463            0.025  0.000624461818  0.000625112287  34
     0.0162870498      0.412888131     0.0171602423    4.9803888e-05      0.998692005       2.00302918       1.00020461            0.025  0.000624461818  0.000625443682  33
     0.0230294764      0.387893335     0.0162321929   4.75841659e-05       0.99856685       2.00296292       1.00004619            0.025  0.000624461818  0.000625466632  32
     0.0480294749      0.387893339     0.0162321874   4.76252282e-05      0.998567041       2.00296341       1.00004662            0.025  0.000624461818  0.000625175442  31
    0.00473265241      0.362894893     0.0152945583   4.43784891e-05      0.998434904       2.00290157      0.999883419            0.025  0.000624461818  0.000625612456  30
     0.0297326557      0.362894874     0.0152945616    4.4352614e-05      0.998434826       2.00290183      0.999883471            0.025  0.000624461818  0.000625340715  29
      0.036395972      0.337892593     0.0143462061   4.00718051e-05      0.998297981       2.00284826      0.999719685            0.025  0.000624461818  0.00062538624  28
     0.0113959692      0.337892612     0.0143462053   4.00643263e-05       0.99829792       2.00284843      0.999719712            0.025  0.000624461818  0.000625663523  27
     0.0180199123      0.312886419     0.0133866297    3.4808534e-05      0.998159454       2.00280821      0.999560975            0.025  0.000624461818  0.000625741076  26
     0.0430199134       0.31288641     0.0133866254    3.4825389e-05      0.998159619       2.00280852      0.999561296            0.025  0.000624461818  0.000625482195  25
     0.0496066197      0.287876362     0.0124160546   2.87390416e-05      0.998024522       2.00278892      0.999416226            0.025  0.000624461818  0.000625558486  24
     0.0246066217      0.287876352     0.0124160576   2.87135178e-05      0.998024354       2.00278894      0.999416068            0.025  0.000624461818  0.000625781605  23
     0.0311606003      0.262862622     0.0114356682   2.19353813e-05      0.997899037        2.0027991      0.999295647            0.025  0.000624461818  0.000625702194  22
    0.00616059709      0.262862643     0.0114356665   2.19494234e-05      0.997899057       2.00279916      0.999295697            0.025  0.000624461818  0.000625904843  21
      0.012689335      0.237845662     0.0104476716   1.46509675e-05      0.997790957       2.00284947      0.999212546            0.025  0.000624461818  0.000625943822  20
     0.0376893373      0.237845648     0.0104476707   1.46592191e-05      0.997791069       2.00284957      0.999212707            0.025  0.000624461818  0.000625741666  19
     0.0442037231      0.212826077     0.0094554504   7.12723941e-06      0.997708585       2.00295093      0.999180672            0.025  0.000624461818  0.000625789837  18
     0.0192037234      0.212826079    0.00945545632   7.09994424e-06      0.997708432        2.0029508       0.99918045            0.025  0.000624461818  0.000625960271  17
     0.0257180246      0.187804789    0.00846392227   -3.5265634e-07      0.997658749       2.00311174      0.999210974            0.025  0.000624461818  0.000625872653  16
   0.000718022559      0.187804802    0.00846392102  -3.40979829e-07      0.997658841       2.00311166      0.999211027            0.025  0.000624461818  0.000626022245  15
    0.00724889941      0.162782894     0.0074788174  -7.33854441e-06      0.997645863       2.00333442      0.999309149            0.025  0.000624461818  0.000626006158  14
     0.0322489013      0.162782878    0.00747881433  -7.32668234e-06      0.997645897       2.00333416      0.999309053            0.025  0.000624461818  0.000625861509  13
     0.0388131138      0.137761469    0.00650591341  -1.34260059e-05      0.997668141       2.00361023      0.999469046            0.025  0.000624461818  0.000625856988  12
     0.0138131125      0.137761476    0.00650591539   -1.3433996e-05      0.997668026       2.00360976      0.999468698            0.025  0.000624461818  0.00062598283  11
     0.0204241847      0.112741518    0.00554994653  -1.82605788e-05      0.997716901       2.00391638      0.999670618            0.025  0.000624461818  0.000625928958  10
     0.0454241836      0.112741523    0.00554994527  -1.82510718e-05      0.997716998       2.00391588      0.999670468            0.025  0.000624461818  0.000625828155  9
    0.00208910494      0.087723633    0.00461330202  -2.15150324e-05      0.997775983       2.00421527      0.999878931            0.025  0.000624461818  0.000625905676  8
     0.0270891064     0.0877236223    0.00461330238  -2.15194775e-05      0.997775965       2.00421425      0.999878403            0.025  0.000624461818  0.000625824467  7
     0.0338060579      0.062707766    0.00369501528  -2.31110102e-05      0.997791712       2.00442812       1.00000088            0.025  0.000624461818  0.000625806689  6
    0.00880605628     0.0627077741    0.00369501482  -2.31134171e-05      0.997791697       2.00442733       1.00000047            0.025  0.000624461818  0.000625877992  5
     0.0155618695      0.037691642    0.00278815188  -2.37353365e-05      0.997291359       2.00406971      0.999320704            0.025  0.000624461818  0.000626183145  4
     0.0405618703     0.0376916335     0.0027881511  -2.37349082e-05      0.997291374       2.00407007      0.999320898            0.025  0.000624461818  0.000626129454  3
       0.04730675     0.0126508338    0.00185449977  -2.65525151e-05      0.992366933       2.00095707      0.992841813            0.025  0.000624461818  0.000629245997  2
     0.0223067465      0.012650836    0.00185450017  -2.65524285e-05      0.992366875       2.00095738      0.992841911            0.025  0.000624461818  0.00062927934  1
