title='particle position' 
variables=x, y, Ux, Uy, rho, e, p, h=supportlength/2, m, V, ID 
     0.0399167048      0.987283203      0.038525585   1.64277913e-05      0.989658236       1.99607735      0.987717196            0.025  0.000624461818  0.000630714831  80
     0.0149167376       0.98728321     0.0385256304   1.64233694e-05      0.989658224       1.99607922      0.987718109            0.025  0.000624461818  0.000631339023  79
     0.0249561675        0.9622702     0.0376455538   2.38834538e-05      0.997174274       2.00311317      0.998726462            0.025  0.000624461818  0.000626480479  78
     0.0499561638      0.962270216     0.0376455499   2.40398349e-05      0.997174111       2.00311412       0.99872677            0.025  0.000624461818  0.000625795571  77
     0.0100008916      0.937287881     0.0367688361   3.25400247e-05      0.997890878       2.00325225      0.999513571            0.025  0.000624461818  0.000626206908  76
     0.0350008944      0.937287849     0.0367688468   3.24805982e-05      0.997890924       2.00325299      0.999513988            0.025  0.000624461818  0.0006255386  75
     0.0450410085      0.912311393     0.0358923047    4.1123943e-05      0.998062369        2.0030419      0.999580373            0.025  0.000624461818  0.000625258818  74
      0.020041007      0.912311397     0.0358923102   4.10167748e-05      0.998062206       2.00304221      0.999580365            0.025  0.000624461818  0.000625911331  73
     0.0300731225      0.887337665     0.0350154572   4.94655968e-05      0.998153771        2.0028547      0.999578487            0.025  0.000624461818  0.000625385536  72
    0.00507311898      0.887337686      0.035015448   4.95317009e-05      0.998153849       2.00285506      0.999578741            0.025  0.000624461818  0.000626021623  71
      0.015094686      0.862365726     0.0341380702   5.76845621e-05       0.99821474       2.00270191      0.999563286            0.025  0.000624461818  0.000625804089  70
     0.0400946874      0.862365704     0.0341380534   5.78084207e-05      0.998214847       2.00270221       0.99956354            0.025  0.000624461818  0.000625183655  69
   0.000103267089      0.837394917      0.033259927   6.57994152e-05      0.998255859       2.00257467       0.99954095            0.025  0.000624461818  0.00062593728  68
     0.0251032683      0.837394905       0.03325994   6.57153158e-05       0.99825571       2.00257469      0.999540807            0.025  0.000624461818  0.000625333316  67
     0.0350965693      0.812424796     0.0323811658   7.35235045e-05      0.998281463       2.00246596      0.999512322            0.025  0.000624461818  0.000625229997  66
     0.0100965657      0.812424824     0.0323811779   7.34828373e-05      0.998281436       2.00246597      0.999512301            0.025  0.000624461818  0.000625839127  65
     0.0200723413       0.78745505     0.0315014559   8.08968798e-05      0.998294492       2.00237122      0.999478081            0.025  0.000624461818  0.000625736714  64
     0.0450723414      0.787455047     0.0315014477   8.09966656e-05      0.998294655       2.00237134      0.999478302            0.025  0.000624461818  0.000625164304  63
     0.0050283442      0.762485326      0.030621005   8.80768522e-05       0.99829706       2.00228742      0.999438821            0.025  0.000624461818  0.000625880788  62
     0.0300283471      0.762485304     0.0306210161   8.80184377e-05      0.998296991       2.00228729      0.999438687            0.025  0.000624461818  0.000625324941  61
     0.0399624473       0.73751533     0.0297398092   9.47958144e-05      0.998290208       2.00221189      0.999394262            0.025  0.000624461818  0.00062524912  60
     0.0149624453       0.73751535     0.0297398139   9.47592142e-05      0.998290099       2.00221165      0.999394033            0.025  0.000624461818  0.000625809142  59
     0.0248724813      0.712544877     0.0288575848   0.000101059922      0.998274849       2.00214272      0.999344362            0.025  0.000624461818  0.000625731631  58
     0.0498724798      0.712544888     0.0288575738   0.000101131126         0.998275       2.00214264      0.999344473            0.025  0.000624461818  0.000625207364  57
    0.00975638263      0.687573735     0.0279746392   0.000106996846      0.998252084       2.00207878      0.999289655            0.025  0.000624461818  0.000625878216  56
     0.0347563859      0.687573707     0.0279746382   0.000106963336       0.99825211        2.0020786      0.999289591            0.025  0.000624461818  0.000625370583  55
     0.0446121378      0.662601651     0.0270909214   0.000112441107      0.998222312       2.00201886      0.999229949            0.025  0.000624461818  0.000625260924  54
     0.0196121373      0.662601655     0.0270909254   0.000112359117      0.998222152       2.00201852      0.999229615            0.025  0.000624461818  0.000625753053  53
     0.0294377254      0.637628476     0.0262064903   0.000117303631      0.998185732       2.00196193      0.999164916            0.025  0.000624461818  0.000625423883  52
    0.00443772243      0.637628497     0.0262064815   0.000117350442      0.998185805        2.0019618      0.999164924            0.025  0.000624461818  0.000625899208  51
     0.0142312568      0.612654051     0.0253214551   0.000121721354      0.998143014       2.00190763      0.999095056            0.025  0.000624461818  0.000625860294  50
     0.0392312588      0.612654031     0.0253214506   0.000121756751      0.998143118       2.00190761      0.999095152            0.025  0.000624461818  0.000625382447  49
     0.0489908642      0.587678148     0.0244356135   0.000125633477      0.998094452       2.00185558      0.999020476            0.025  0.000624461818  0.000625371934  48
     0.0239908654      0.587678138     0.0244356229   0.000125573238      0.998094301       2.00185545      0.999020261            0.025  0.000624461818  0.000625815768  47
     0.0337148032      0.562700613     0.0235492715   0.000128892589      0.998039949       2.00180531      0.998940833            0.025  0.000624461818  0.000625532847  46
    0.00871479988      0.562700639     0.0235492725   0.000128917396      0.998039937       2.00180536       0.99894085            0.025  0.000624461818  0.00062595978  45
     0.0184014456      0.537721333     0.0226623395   0.000131583165      0.997979879       2.00175683       0.99885652            0.025  0.000624461818  0.000625875879  44
     0.0434014463      0.537721326     0.0226623352   0.000131656325      0.997980032       2.00175715      0.998856833            0.025  0.000624461818  0.000625464276  43
    0.00304925847      0.512740106     0.0217747964   0.000133743089      0.997914657       2.00171048      0.998768112            0.025  0.000624461818  0.000626017732  42
     0.0280492611      0.512740088     0.0217748036   0.000133705616      0.997914569        2.0017107      0.998768135            0.025  0.000624461818  0.000625623206  41
     0.0376569578      0.487756772     0.0208866473    0.00013521894      0.997844208       2.00166633      0.998675575            0.025  0.000624461818  0.000625611259  40
     0.0126569556      0.487756793     0.0208866526   0.000135183578      0.997844124       2.00166659       0.99867562            0.025  0.000624461818  0.000626006461  39
     0.0222234424      0.462771241     0.0199975257   0.000135994812      0.997768801       2.00162486      0.998579417            0.025  0.000624461818  0.000625990794  38
     0.0472234419      0.462771247     0.0199975182   0.000136047825      0.997768956       2.00162536      0.998579823            0.025  0.000624461818  0.000625627598  37
    0.00674794231      0.437783365     0.0191073773   0.000136177409      0.997689172       2.00158718      0.998480927            0.025  0.000624461818  0.000626128225  36
     0.0317479458      0.437783342     0.0191073783   0.000136159154      0.997689149       2.00158758      0.998481103            0.025  0.000624461818  0.000625782262  35
     0.0412301427       0.41279299      0.018215735   0.000135651097      0.997605634       2.00155432      0.998380931            0.025  0.000624461818  0.000625750734  34
     0.0162301416      0.412793003     0.0182157427   0.000135580679      0.997605497       2.00155457      0.998380922            0.025  0.000624461818  0.000626081578  33
     0.0256702034      0.387800074     0.0173220219   0.000134314435      0.997518812       2.00152774      0.998280786            0.025  0.000624461818  0.000625900983  32
   0.000670201756      0.387800088     0.0173220157    0.00013434586      0.997518939       2.00152817      0.998281128            0.025  0.000624461818  0.000626214363  31
     0.0100691097      0.362804557     0.0164254205   0.000132262908      0.997430223       2.00151002      0.998183292            0.025  0.000624461818  0.000626224488  30
     0.0350691129      0.362804534      0.016425412   0.000132301452      0.997430268       2.00151038       0.99818352            0.025  0.000624461818  0.000625912843  29
     0.0444288466      0.337806372     0.0155245467   0.000129450495      0.997341288       2.00150416      0.998091369            0.025  0.000624461818  0.000625947824  28
     0.0194288467      0.337806375     0.0155245514   0.000129401438      0.997341132       2.00150427      0.998091266            0.025  0.000624461818  0.000626229885  27
     0.0287526818      0.312805594      0.014617952   0.000125704862      0.997253885       2.00151393      0.998008771            0.025  0.000624461818  0.000626085256  26
    0.00375267975      0.312805614     0.0146179479   0.000125719777      0.997253952       2.00151414      0.998008941            0.025  0.000624461818  0.000626349449  25
     0.0130457129      0.287802368     0.0137033611   0.000121065272      0.997171185       2.00154474       0.99794137            0.025  0.000624461818  0.000626361522  24
     0.0380457156      0.287802353     0.0137033571   0.000121091303      0.997171286       2.00154498       0.99794159            0.025  0.000624461818  0.000626101145  23
      0.047315243       0.26279687     0.0127776401   0.000115454817       0.99709681       2.00160304      0.997896006            0.025  0.000624461818  0.000626133084  22
      0.022315245      0.262796865      0.012777644   0.000115422966      0.997096665         2.001603      0.997895837            0.025  0.000624461818  0.000626365425  21
     0.0315713387      0.237789467     0.0118370206   0.000108705025      0.997034723       2.00169578      0.997880101            0.025  0.000624461818  0.00062624144  20
    0.00657133675      0.237789492     0.0118370197   0.000108705213      0.997034739       2.00169577      0.997880109            0.025  0.000624461818  0.000626455083  19
     0.0158272305      0.212780703     0.0108764213   0.000100742648      0.996989716       2.00183027      0.997902097            0.025  0.000624461818  0.000626420166  18
     0.0408272335      0.212780695     0.0108764138   0.000100788585      0.996989855       2.00183039      0.997902293            0.025  0.000624461818  0.000626222181  17
   9.92214004e-05      0.187771179    0.00988963964    9.1503267e-05      0.996966065       2.00201212      0.997969071            0.025  0.000624461818  0.000626475854  16
      0.025099225      0.187771169    0.00988964335   9.14884701e-05      0.996965944       2.00201192      0.997968852            0.025  0.000624461818  0.000626297667  15
     0.0344060859      0.162761652    0.00886949926    8.0804456e-05      0.996965889       2.00224162      0.998083297            0.025  0.000624461818  0.000626276053  14
    0.00940608539      0.162761678    0.00886950482   8.07634524e-05      0.996965843       2.00224124      0.998083061            0.025  0.000624461818  0.000626444458  13
     0.0187670952      0.137752967    0.00780823077   6.85317235e-05      0.996988636       2.00251078      0.998240244            0.025  0.000624461818  0.00062640072  12
      0.043767098      0.137752973     0.0078082272   6.85517268e-05      0.996988777       2.00251054      0.998240267            0.025  0.000624461818  0.00062625814  11
    0.00319873723      0.112745793    0.00669919249   5.47533175e-05      0.997029785       2.00280091      0.998426082            0.025  0.000624461818  0.000626399228  10
     0.0281987414       0.11274578    0.00669919129   5.47528892e-05      0.997029739       2.00280034      0.998425749            0.025  0.000624461818  0.000626278887  9
      0.037710669     0.0877405602    0.00553864228   3.95216873e-05      0.997078597       2.00308038      0.998614288            0.025  0.000624461818  0.000626236759  8
     0.0127106693     0.0877405759     0.0055386416   3.94991574e-05      0.997078518       2.00307924       0.99861364            0.025  0.000624461818  0.000626341604  7
     0.0223015955     0.0627373033    0.00432830842   2.30287302e-05      0.997097521       2.00328699      0.998736244            0.025  0.000624461818  0.000626309356  6
      0.047301597     0.0627373135    0.00432830477   2.30282225e-05      0.997097609       2.00328628      0.998735978            0.025  0.000624461818  0.00062622975  5
    0.00695777683     0.0377343461    0.00307681501   5.57693133e-06      0.996715236       2.00303103      0.998225774            0.025  0.000624461818  0.000626555317  4
     0.0319577789     0.0377343316    0.00307681534   5.58226343e-06      0.996715213       2.00303139       0.99822593            0.025  0.000624461818  0.00062650056  3
     0.0416670764     0.0127126207    0.00178920537  -1.31389114e-05      0.989704039       1.99480522      0.987133393            0.025  0.000624461818  0.000630938484  2
     0.0166670722     0.0127126214    0.00178920602  -1.31355718e-05      0.989703985       1.99480537      0.987133411            0.025  0.000624461818  0.000630971348  1
