title='particle position' 
variables=x, y, Ux, Uy, rho, e, p, h=supportlength/2, m, V, ID 
      0.028414285      0.987420109     0.0399418261  -2.33461784e-05       1.00118662       2.00637888       1.00437984            0.025  0.000624461818  0.000623462921  80
    0.00341428183      0.987420113     0.0399417538  -2.33139431e-05       1.00118662       2.00638071       1.00438076            0.025  0.000624461818  0.000624087239  79
     0.0166013582      0.962725222     0.0392086256  -6.42470021e-05       1.00923749       2.01496859       1.01679092            0.025  0.000624461818  0.000619001116  78
     0.0416013568      0.962725206     0.0392086202  -6.41300793e-05       1.00923749       2.01496977       1.01679152            0.025  0.000624461818  0.000618292204  77
    0.00489747419      0.938051926     0.0383758913  -0.000102154519       1.00975258        2.0148678       1.01725898            0.025  0.000624461818  0.000618875399  76
      0.029897474      0.938051901     0.0383758991  -0.000102237905       1.00975259       2.01486854       1.01725936            0.025  0.000624461818  0.000618183069  75
     0.0433497967      0.913381834     0.0374088143  -0.000136796944       1.00984646       2.01454159       1.01718885            0.025  0.000624461818  0.000617940644  74
     0.0183497937      0.913381846     0.0374088132  -0.000136958175       1.00984651       2.01454211       1.01718916            0.025  0.000624461818  0.000618616217  73
     0.0319988499      0.888711941     0.0362777131  -0.000166661889       1.00984818        2.0142138       1.01702507            0.025  0.000624461818  0.000618138234  72
    0.00699884877      0.888711974     0.0362777075  -0.000166571521        1.0098482       2.01421407       1.01702522            0.025  0.000624461818  0.000618791787  71
     0.0208921027      0.864040097     0.0349501331  -0.000188946979       1.00977081       2.01385258       1.01676477            0.025  0.000624461818  0.000618646632  70
     0.0458921037      0.864040089     0.0349501335  -0.000188772799       1.00977068        2.0138526       1.01676465            0.025  0.000624461818  0.00061801635  69
     0.0100860735      0.839363599     0.0333915181  -0.000199609754       1.00958945       2.01340584       1.01635665            0.025  0.000624461818  0.000618915608  68
     0.0350860719      0.839363541     0.0333915245  -0.000199702702       1.00958939       2.01340597       1.01635665            0.025  0.000624461818  0.000618315031  67
     0.0496469142      0.814678599     0.0315692245  -0.000192890613        1.0092549       2.01280363       1.01571597            0.025  0.000624461818  0.000618372588  66
     0.0246469092      0.814678586     0.0315691953  -0.000193066097       1.00925519       2.01280416       1.01571652            0.025  0.000624461818  0.000618940222  65
     0.0396498509      0.789979507     0.0294599208  -0.000160153749       1.00869149       2.01195314          1.01472            0.025  0.000624461818  0.000618811503  64
     0.0146498549      0.789979567     0.0294599066  -0.000160231383       1.00869179       2.01195339       1.01472043            0.025  0.000624461818  0.000619361883  63
     0.0301757643      0.765258248     0.0270655037   -9.1571776e-05       1.00782014       2.01076288       1.01324366            0.025  0.000624461818  0.000619438954  62
    0.00517577378      0.765258307     0.0270655107  -9.14254145e-05       1.00781998       2.01076237       1.01324325            0.025  0.000624461818  0.000619925485  61
     0.0213030423      0.740504827     0.0244295774   1.45611189e-05       1.00661614       2.00920547       1.01124932            0.025  0.000624461818  0.00062051389  60
     0.0463030464      0.740504827     0.0244296149   1.47611508e-05       1.00661562       2.00920453       1.01124833            0.025  0.000624461818  0.000620078483  59
     0.0130955353      0.715709853     0.0216502407    0.00014978357       1.00512981       2.00734339       1.00882035            0.025  0.000624461818  0.000621485024  58
     0.0380955261        0.7157098     0.0216502609   0.000149814111       1.00512944       2.00734287       1.00881971            0.025  0.000624461818  0.000621074018  57
     0.0055880431       0.69086654     0.0188758663   0.000300473511       1.00346306       2.00530577       1.00612513            0.025  0.000624461818  0.0006225198  56
     0.0305880291      0.690866481      0.018875852    0.00030038037       1.00346318       2.00530603       1.00612539            0.025  0.000624461818  0.000622178395  55
     0.0487744228      0.665972088     0.0162782991   0.000446735882       1.00178703       2.00329605         1.003438            0.025  0.000624461818  0.000623162265  54
     0.0237744174      0.665972062     0.0162782845   0.000446625012       1.00178746       2.00329677       1.00343879            0.025  0.000624461818  0.000623450005  53
     0.0426075422      0.641030051     0.0139642887   0.000563865995       1.00027355       2.00150267       1.00102509            0.025  0.000624461818  0.000624159224  52
      0.017607544      0.641030061     0.0139642794   0.000563834519       1.00027383       2.00150314        1.0010256            0.025  0.000624461818  0.000624427689  51
     0.0370303296      0.616047212     0.0119113919   0.000652743927      0.998977358       1.99997668      0.998965711            0.025  0.000624461818  0.0006249884  50
     0.0120303333       0.61604723     0.0119113936   0.000652745171      0.998977399       1.99997681      0.998965817            0.025  0.000624461818  0.00062521797  49
     0.0319901395      0.591029787     0.0100956714   0.000717043092      0.997879887       1.99869094      0.997226742            0.025  0.000624461818  0.000625692945  48
    0.00699014257      0.591029803     0.0100956735    0.00071705626      0.997879841       1.99869091      0.997226683            0.025  0.000624461818  0.000625887859  47
     0.0274382236      0.565983279    0.00849621222   0.000760304298      0.996958256       1.99761549      0.995769627            0.025  0.000624461818  0.000626307566  46
    0.00243822658       0.56598329    0.00849621736    0.00076032752      0.996958153       1.99761536      0.995769458            0.025  0.000624461818  0.000626463178  45
     0.0233292914      0.540912489    0.00709369533   0.000785815952      0.996189742       1.99672172      0.994556846            0.025  0.000624461818  0.000626894782  44
     0.0483292919      0.540912489    0.00709369756   0.000785838177      0.996189616       1.99672155      0.994556635            0.025  0.000624461818  0.000626769505  43
     0.0196212928      0.515821545    0.00587010878   0.000796531208      0.995552798       1.99598311      0.993553285            0.025  0.000624461818  0.000627309361  42
     0.0446212916      0.515821537      0.005870109    0.00079653757       0.99555273       1.99598302      0.993553169            0.025  0.000624461818  0.000627195851  41
     0.0162752401      0.490713963    0.00480848895   0.000795035804      0.995027688       1.99537576      0.992727062            0.025  0.000624461818  0.00062763  40
     0.0412752389      0.490713954    0.00480848849   0.000795034075       0.99502768       1.99537574      0.992727047            0.025  0.000624461818  0.000627536987  39
     0.0132551085      0.465592714    0.00389272402   0.000783576045      0.994596679        1.9948784      0.992049715            0.025  0.000624461818  0.000627893004  38
     0.0382551075      0.465592705     0.0038927233   0.000783571871      0.994596694       1.99487841      0.992049738            0.025  0.000624461818  0.000627817718  37
     0.0105277381      0.440460278    0.00310773234   0.000764056134      0.994244175       1.99447249      0.991496328            0.025  0.000624461818  0.000628107926  36
     0.0355277373       0.44046027    0.00310773174   0.000764051806      0.994244195       1.99447252      0.991496362            0.025  0.000624461818  0.000628047861  35
    0.00806269168      0.415318714    0.00243945693    0.00073806621      0.993956724       1.99414214      0.991045492            0.025  0.000624461818  0.000628283028  34
     0.0330626911      0.415318709    0.00243945649   0.000738062523      0.993956744       1.99414217      0.991045528            0.025  0.000624461818  0.000628235934  33
    0.00583210415      0.390169723    0.00187488907   0.000706917621      0.993722884       1.99387388      0.990679049            0.025  0.000624461818  0.000628425348  32
     0.0308321038      0.390169718    0.00187488879   0.000706914758      0.993722903       1.99387391      0.990679084            0.025  0.000624461818  0.000628389218  31
     0.0038105174      0.365014699    0.00140207037   0.000671680277       0.99353303       1.99365644      0.990381761            0.025  0.000624461818  0.00062854081  30
     0.0288105172      0.365014696    0.00140207017   0.000671678248      0.993533047       1.99365647      0.990381794            0.025  0.000624461818  0.000628513865  29
    0.00197470471      0.339854784    0.00101007168   0.000633219243      0.993379142       1.99348046      0.990140956            0.025  0.000624461818  0.000628634349  28
     0.0269747046      0.339854782    0.00101007163   0.000633217978      0.993379159       1.99348049      0.990140988            0.025  0.000624461818  0.000628615018  27
   0.000303487127       0.31469091   0.000688952847   0.000592228721       0.99325459       1.99333824      0.989946179            0.025  0.000624461818  0.000628713822  26
      0.025303487       0.31469091   0.000688952775   0.000592227809      0.993254607       1.99333827       0.98994621            0.025  0.000624461818  0.000628698  25
     0.0487775568      0.289523836   0.000429703602   0.000549261794      0.993153932       1.99322345      0.989788854            0.025  0.000624461818  0.000628759022  24
     0.0237775568      0.289523837   0.000429703597   0.000549261121      0.993153947       1.99322348      0.989788881            0.025  0.000624461818  0.000628769379  23
     0.0473792926      0.264354179   0.000224182743   0.000504756713      0.993072727       1.99313096      0.989661998            0.025  0.000624461818  0.000628816586  22
     0.0223792927      0.264354181   0.000224182736   0.000504756624      0.993072736       1.99313097      0.989662015            0.025  0.000624461818  0.000628820649  21
     0.0460925819      0.239182442   6.50404498e-05   0.000459059735      0.993007365       1.99305659      0.989559938            0.025  0.000624461818  0.000628859512  20
      0.021092582      0.239182444   6.50404535e-05    0.00045906012      0.993007368        1.9930566      0.989559946            0.025  0.000624461818  0.000628860497  19
     0.0449026562      0.214009033  -5.43599281e-05   0.000412443065      0.992954929         1.992997      0.989478095            0.025  0.000624461818  0.000628893871  18
     0.0199026562      0.214009035  -5.43599128e-05   0.000412443717      0.992954929         1.992997      0.989478098            0.025  0.000624461818  0.000628892552  17
     0.0437959293      0.188834287  -0.000140016807   0.000365120193      0.992913079       1.99294947      0.989412799            0.025  0.000624461818  0.0006289212  16
     0.0187959294      0.188834289  -0.000140016791   0.000365120947      0.992913078       1.99294948      0.989412799            0.025  0.000624461818  0.000628918235  15
     0.0427598431      0.163658479  -0.000197369118   0.000317258501      0.992879949       1.99291188      0.989361125            0.025  0.000624461818  0.000628942732  14
     0.0177598431      0.163658481  -0.000197369102    0.00031725925      0.992879947       1.99291188      0.989361123            0.025  0.000624461818  0.000628938673  13
     0.0417827214      0.138481834  -0.000231372295   0.000268989455      0.992854064       1.99288254      0.989320763            0.025  0.000624461818  0.000628959448  12
     0.0167827214      0.138481835  -0.000231372282   0.000268990138      0.992854062       1.99288254      0.989320761            0.025  0.000624461818  0.00062895475  11
     0.0408536314      0.113304542  -0.000246572141   0.000220416878      0.992834275       1.99286011      0.989289913            0.025  0.000624461818  0.000628972121  10
     0.0158536315      0.113304543   -0.00024657213   0.000220417456      0.992834272       1.99286011      0.989289909            0.025  0.000624461818  0.000628967151  9
     0.0399622514     0.0881267635  -0.000247176318   0.000171623652      0.992819681       1.99284359      0.989267168            0.025  0.000624461818  0.000628981361  8
     0.0149622514     0.0881267648  -0.000247176309   0.000171624101      0.992819678       1.99284359      0.989267164            0.025  0.000624461818  0.000628976403  7
     0.0390987444     0.0629486362  -0.000237123167    0.00012267704      0.992809299       1.99283189      0.989251014            0.025  0.000624461818  0.000628987828  6
     0.0140987444     0.0629486372  -0.000237123162   0.000122677347      0.992809295       1.99283188      0.989251008            0.025  0.000624461818  0.000628983092  5
     0.0382536434     0.0377702664  -0.000220143222   7.36307551e-05      0.992797904       1.99281967      0.989233598            0.025  0.000624461818  0.00062899487  4
     0.0132536434      0.037770267  -0.000220143215   7.36309241e-05      0.992797899       1.99281967      0.989233591            0.025  0.000624461818  0.00062899049  3
     0.0374178487     0.0125915264   -0.00019973857   2.44962391e-05      0.992717059       1.99273674      0.989111876            0.025  0.000624461818  0.000629045383  2
     0.0124178487     0.0125915266  -0.000199738578   2.44962919e-05      0.992717053       1.99273673      0.989111868            0.025  0.000624461818  0.000629041987  1
