title='particle position' 
variables=x, y, Ux, Uy, rho, e, p, h=supportlength/2, m, V, ID 
     0.0303100905      0.987449163     0.0400972112  -2.41801676e-05       1.00319521       2.00826674       1.00734178            0.025  0.000624461818  0.000622220545  80
    0.00531007686      0.987449176     0.0400970862  -2.41239503e-05       1.00319525       2.00826858       1.00734275            0.025  0.000624461818  0.000622837413  79
     0.0198020282      0.962790059     0.0385433634  -3.13648766e-05       1.01082353       2.01627252       1.01904785            0.025  0.000624461818  0.000618025464  78
     0.0448020251      0.962790049     0.0385433627  -3.12101952e-05       1.01082346       2.01627357       1.01904831            0.025  0.000624461818  0.000617330917  77
    0.00959991855      0.938145371     0.0367553628  -2.57172236e-05       1.01103887       2.01577587       1.01901387            0.025  0.000624461818  0.00061806703  76
     0.0345999155      0.938145303     0.0367553681   -2.5855885e-05        1.0110388        2.0157766       1.01901418            0.025  0.000624461818  0.000617406205  75
     0.0498024364      0.913491145     0.0346989522   3.67092187e-06       1.01063337       2.01482216       1.01812326            0.025  0.000624461818  0.000617493069  74
     0.0248024278      0.913491126     0.0346989143   3.46058573e-06       1.01063373       2.01482324       1.01812417            0.025  0.000624461818  0.000618115794  73
     0.0404817112      0.888818242     0.0323776204   6.59614971e-05        1.0099011       2.01360194       1.01676941            0.025  0.000624461818  0.000618041181  72
     0.0154817152      0.888818295     0.0323776026   6.59032003e-05       1.00990151       2.01360267       1.01677019            0.025  0.000624461818  0.000618649  71
     0.0317041837      0.864117303     0.0298338422   0.000163741442       1.00885341       2.01208924       1.01495155            0.025  0.000624461818  0.000618785424  70
    0.00670419487      0.864117365     0.0298338558   0.000163911009       1.00885329       2.01208907       1.01495134            0.025  0.000624461818  0.000619321724  69
     0.0235230171       0.83937977     0.0271509272   0.000289465191        1.0075458       2.01033164        1.0127506            0.025  0.000624461818  0.000619958653  68
     0.0485230225      0.839379782     0.0271509665   0.000289672995       1.00754526       2.01033081       1.01274964            0.025  0.000624461818  0.000619475289  67
     0.0159688267      0.814599554     0.0244494961   0.000430804848       1.00606836       2.00842914       1.01030851            0.025  0.000624461818  0.000620932271  66
     0.0409688192      0.814599513     0.0244495207   0.000430848616       1.00606799       2.00842866        1.0103079            0.025  0.000624461818  0.000620466456  65
     0.0090414759      0.789773673     0.0218703505   0.000572237952        1.0045482        2.0065276       1.00782685            0.025  0.000624461818  0.000621847176  64
     0.0340414649      0.789773626     0.0218703505   0.000572220684       1.00454823       2.00652771       1.00782693            0.025  0.000624461818  0.000621428429  63
    0.00270766493      0.764903768     0.0195274112   0.000691692193       1.00313425       2.00478804       1.00553578            0.025  0.000624461818  0.000622730633  62
     0.0277076561      0.764903736     0.0195273859    0.00069159367       1.00313453       2.00478854       1.00553631            0.025  0.000624461818  0.000622378014  61
     0.0469197087      0.739995238     0.0174154589   0.000785472048       1.00189758       2.00327899       1.00354019            0.025  0.000624461818  0.000623081927  60
      0.021919707      0.739995236     0.0174154399   0.000785368741        1.0018979       2.00327953       1.00354077            0.025  0.000624461818  0.000623389884  59
     0.0416329184      0.715053377     0.0155137043   0.000856445924       1.00083048       2.00198416       1.00182338            0.025  0.000624461818  0.000623796193  58
     0.0166329215      0.715053393     0.0155137003   0.000856424014       1.00083061       2.00198441       1.00182364            0.025  0.000624461818  0.000624095355  57
     0.0368057318      0.690082942     0.0138041715   0.000907595955      0.999916097        2.0008794       1.00035576            0.025  0.000624461818  0.000624382777  56
      0.011805735      0.690082958     0.0138041735   0.000907602427      0.999916083       2.00087943       1.00035576            0.025  0.000624461818  0.000624649511  55
     0.0323993997      0.665088144     0.0122701442   0.000941654854      0.999137204       1.99994148      0.999107972            0.025  0.000624461818  0.000624884071  54
    0.00739940218      0.665088158     0.0122701457   0.000941669982      0.999137159       1.99994143        0.9991079            0.025  0.000624461818  0.000625121531  53
     0.0283778087      0.640072683     0.0108962627   0.000961124095      0.998477155       1.99914876      0.998052184            0.025  0.000624461818  0.00062533941  52
     0.0033778118      0.640072692     0.0108962669   0.000961148895      0.998477073       1.99914864       0.99805204            0.025  0.000624461818  0.000625536695  51
     0.0247073268      0.615039777    0.00966794889   0.000968275281      0.997920215       1.99848125      0.997162419            0.025  0.000624461818  0.000625825314  50
     0.0497073276      0.615039778    0.00966795104   0.000968298657      0.997920103       1.99848108      0.997162222            0.025  0.000624461818  0.000625654598  49
     0.0213567378      0.589992191    0.00857158685   0.000965106831      0.997451923       1.99792088      0.996415013            0.025  0.000624461818  0.000626141569  48
     0.0463567367      0.589992185     0.0085715872   0.000965113988      0.997451858       1.99792078      0.996414898            0.025  0.000624461818  0.000625975205  47
     0.0182971169      0.564932292    0.00759444624   0.000953343268      0.997059353       1.99745172      0.995788959            0.025  0.000624461818  0.000626378551  46
     0.0432971159      0.564932284    0.00759444603   0.000953341805      0.997059347       1.99745169      0.995788941            0.025  0.000624461818  0.000626230998  45
     0.0155017222      0.539862094    0.00672449443   0.000934480607      0.996731045       1.99705974      0.995265719            0.025  0.000624461818  0.000626576368  44
     0.0405017213      0.539862087    0.00672449388   0.000934476588      0.996731057       1.99705975      0.995265736            0.025  0.000624461818  0.000626445611  43
     0.0129459214      0.514783297    0.00595059153   0.000909788337      0.996456957       1.99673274      0.994829113            0.025  0.000624461818  0.000626741152  42
     0.0379459207      0.514783291    0.00595059106   0.000909784099      0.996456973       1.99673276      0.994829139            0.025  0.000624461818  0.000626625364  41
     0.0106070627      0.489697331    0.00526244644   0.000880332603      0.996228434       1.99646025      0.994465235            0.025  0.000624461818  0.000626878193  40
     0.0356070622      0.489697326    0.00526244606   0.000880328881      0.996228449       1.99646028      0.994465262            0.025  0.000624461818  0.000626775734  39
    0.00846435137      0.464605395    0.00465060786   0.000847001608      0.996038078       1.99623337      0.994162224            0.025  0.000624461818  0.000626992017  38
      0.033464351      0.464605391    0.00465060759   0.000846998533      0.996038091        1.9962334       0.99416225            0.025  0.000624461818  0.000626901421  37
     0.0064987209       0.43950849    0.00410644271   0.000810530206      0.995879612       1.99604456      0.993910039            0.025  0.000624461818  0.000627086466  36
     0.0314987206      0.439508487    0.00410644253   0.000810527736      0.995879623       1.99604458      0.993910063            0.025  0.000624461818  0.000627006431  35
    0.00469270276      0.414407452    0.00362210278   0.000771522803      0.995747743       1.99588747      0.993700223            0.025  0.000624461818  0.000627164778  34
     0.0296927025      0.414407449    0.00362210261   0.000771520872      0.995747752        1.9958875      0.993700246            0.025  0.000624461818  0.00062709415  33
    0.00303029669      0.389302976    0.00319048251   0.000730474018      0.995638031       1.99575681      0.993525691            0.025  0.000624461818  0.000627229668  32
     0.0280302965      0.389302974    0.00319048248   0.000730472552       0.99563804       1.99575684      0.993525712            0.025  0.000624461818  0.000627167429  31
    0.00149684408      0.364195643    0.00280517065   0.000687786373      0.995546766       1.99564814      0.993380524            0.025  0.000624461818  0.000627283401  30
     0.0264968438      0.364195642    0.00280517161   0.000687785684      0.995546777       1.99564816      0.993380548            0.025  0.000624461818  0.000627228655  29
   7.89035464e-05      0.339085934    0.00246040296     0.0006437893      0.995470858       1.99555777      0.993259803            0.025  0.000624461818  0.000627332551  28
     0.0250789034      0.339085934    0.00246040239   0.000643787505      0.995470873        1.9955578      0.993259832            0.025  0.000624461818  0.000627286395  27
     0.0487641398      0.313974251    0.00215099261   0.000598745646      0.995407754       1.99548266      0.993159457            0.025  0.000624461818  0.000627317511  26
     0.0237641398      0.313974252    0.00215099172   0.000598743608      0.995407764       1.99548268      0.993159479            0.025  0.000624461818  0.000627357059  25
     0.0475412075      0.288860928    0.00187229656   0.000552867806      0.995355331       1.99542029      0.993076109            0.025  0.000624461818  0.000627358349  24
     0.0225412075      0.288860929    0.00187229654   0.000552867641      0.995355335        1.9954203      0.993076119            0.025  0.000624461818  0.000627394919  23
     0.0463996443      0.263746245    0.00162015752   0.000506330798      0.995311837       1.99536855      0.993006969            0.025  0.000624461818  0.000627388216  22
     0.0213996444      0.263746246    0.00162015753   0.000506331264      0.995311837       1.99536856      0.993006973            0.025  0.000624461818  0.000627419871  21
      0.045329778      0.238630434    0.00139084008   0.000459272567      0.995275832       1.99532575      0.992949746            0.025  0.000624461818  0.000627413144  20
      0.020329778      0.238630435    0.00139084009   0.000459273201      0.995275831       1.99532575      0.992949747            0.025  0.000624461818  0.000627440325  19
     0.0443226318      0.213513693    0.00118099343   0.000411804375      0.995246138       1.99529046      0.992902564            0.025  0.000624461818  0.000627433907  18
     0.0193226319      0.213513694    0.00118099344   0.000411805024      0.995246137       1.99529047      0.992902565            0.025  0.000624461818  0.000627456991  17
     0.0433698388      0.188396186    0.00098760139   0.000364015752      0.995221794       1.99526155      0.992863892            0.025  0.000624461818  0.000627451141  16
     0.0183698388      0.188396187   0.000987601401   0.000364016369      0.995221793       1.99526156      0.992863892            0.025  0.000624461818  0.000627470445  15
     0.0424635601      0.163278055   0.000807938178    0.00031597882      0.995202018       1.99523809      0.992832487            0.025  0.000624461818  0.000627465362  14
     0.0174635601      0.163278056   0.000807938187    0.00031597939      0.995202017       1.99523809      0.992832487            0.025  0.000624461818  0.000627481154  13
     0.0415964092      0.138159421   0.000639526507    0.00026775189      0.995186185       1.99521932      0.992807351            0.025  0.000624461818  0.00062747699  12
     0.0165964092      0.138159422   0.000639526514   0.000267752405      0.995186184       1.99521932      0.992807351            0.025  0.000624461818  0.000627489487  11
     0.0407613799      0.113040388   0.000480098014    0.00021938244      0.995173797       1.99520465      0.992787692            0.025  0.000624461818  0.000627486359  10
     0.0157613799      0.113040389    0.00048009802    0.00021938289      0.995173795       1.99520465      0.992787691            0.025  0.000624461818  0.000627495735  9
     0.0399517784     0.0879210478   0.000327555708   0.000170909577      0.995164454        1.9951936      0.992772876            0.025  0.000624461818  0.000627493743  8
     0.0149517784     0.0879210485   0.000327555712   0.000170909945      0.995164452        1.9951936      0.992772874            0.025  0.000624461818  0.000627500131  7
     0.0391611582     0.0628014829   0.000179938352     0.0001223657       0.99515765       1.99518561      0.992762114            0.025  0.000624461818  0.000627499478  6
     0.0141611583     0.0628014836   0.000179938352   0.000122365967      0.995157647       1.99518561      0.992762111            0.025  0.000624461818  0.000627502975  5
       0.03838326     0.0376817579   3.53888924e-05   7.37724334e-05      0.995149975       1.99517722      0.992750281            0.025  0.000624461818  0.000627505734  4
       0.01338326     0.0376817583   3.53888968e-05   7.37725838e-05      0.995149972       1.99517722      0.992750276            0.025  0.000624461818  0.000627506398  3
     0.0376119882     0.0125617828   -0.00010783378   2.50628325e-05      0.995084007       1.99509967      0.992645888            0.025  0.000624461818  0.00062754812  2
     0.0126119882      0.012561783  -0.000107833807   2.50628788e-05      0.995084003       1.99509967      0.992645882            0.025  0.000624461818  0.000627546774  1
