title='particle position' 
variables=x, y, Ux, Uy, rho, e, p, h=supportlength/2, m, V, ID 
    0.00117744795      0.987305624     0.0395398591  -1.84074171e-05      0.991941212       1.99732067      0.990612343            0.025  0.000624461818  0.000629898101  80
     0.0261774561      0.987305621     0.0395396635  -1.84181716e-05      0.991941175       1.99732247        0.9906132            0.025  0.000624461818  0.000629267486  79
     0.0378161711      0.962372942     0.0394111882  -5.83515553e-05      0.999945176       2.00576657        1.0028283            0.025  0.000624461818  0.000624135378  78
     0.0128161702      0.962372953     0.0394111869  -5.83638701e-05      0.999945111       2.00576767       1.00282879            0.025  0.000624461818  0.000624857214  77
      0.024458344      0.937468952     0.0392832061  -9.78024651e-05       1.00062286       2.00586286       1.00355612            0.025  0.000624461818  0.000624330314  76
     0.0494583449      0.937468951     0.0392832081  -9.77880439e-05       1.00062287       2.00586357       1.00355648            0.025  0.000624461818  0.000623619251  75
     0.0111022907      0.912570716     0.0391542409  -0.000137101831       1.00079575       2.00565194       1.00362397            0.025  0.000624461818  0.000624418369  74
     0.0361022895      0.912570711     0.0391542408    -0.0001371076       1.00079573       2.00565238       1.00362417            0.025  0.000624461818  0.000623709796  73
     0.0477482739      0.887675498     0.0390237108  -0.000176385939       1.00089821       2.00547379       1.00363756            0.025  0.000624461818  0.000623450611  72
      0.022748273      0.887675496     0.0390237104  -0.000176401377       1.00089821       2.00547409       1.00363772            0.025  0.000624461818  0.000624156803  71
      0.034396799      0.862782467     0.0388910782  -0.000215689728       1.00097475       2.00533435       1.00364453            0.025  0.000624461818  0.000623600027  70
    0.00939679877       0.86278247     0.0388910784  -0.000215681141       1.00097476       2.00533456       1.00364464            0.025  0.000624461818  0.000624303731  69
     0.0210485391      0.837891151     0.0387557198  -0.000255001977       1.00103525       2.00522401       1.00364996            0.025  0.000624461818  0.00062406959  68
     0.0460485392       0.83789115     0.0387557206  -0.000254984541       1.00103525       2.00522413       1.00365002            0.025  0.000624461818  0.000623368295  67
    0.00770434068      0.813001213     0.0386168971   -0.00029432289       1.00108428       2.00513586         1.003655            0.025  0.000624461818  0.00062423232  66
     0.0327043402      0.813001208     0.0386168971  -0.000294332642       1.00108428        2.0051359       1.00365501            0.025  0.000624461818  0.000623533637  65
     0.0443652622      0.788112405      0.038473716  -0.000333691307       1.00112467       2.00506528       1.00366016            0.025  0.000624461818  0.000623315819  64
     0.0193652616      0.788112405     0.0384737148  -0.000333711673       1.00112467       2.00506526       1.00366015            0.025  0.000624461818  0.000624012003  63
     0.0310326164      0.763224545     0.0383250905  -0.000373131584       1.00115839       2.00500905       1.00366582            0.025  0.000624461818  0.000623489428  62
    0.00603261623      0.763224548     0.0383250901  -0.000373120145        1.0011584       2.00500897       1.00366579            0.025  0.000624461818  0.000624182796  61
     0.0177080417      0.738337494     0.0381696859  -0.000412628674       1.00118691       2.00496486       1.00367228            0.025  0.000624461818  0.00062397124  60
     0.0427080417      0.738337491     0.0381696876  -0.000412604255       1.00118691       2.00496471       1.00367222            0.025  0.000624461818  0.000623280534  59
    0.00439357805      0.713451134     0.0380058551  -0.000452180334        1.0012114       2.00493098       1.00367987            0.025  0.000624461818  0.000624146119  58
     0.0293935775       0.71345113     0.0380058566  -0.000452193983       1.00121139       2.00493078       1.00367976            0.025  0.000624461818  0.000623458558  57
     0.0410917862      0.688565383     0.0378315399  -0.000491843545        1.0012328       2.00490613       1.00368889            0.025  0.000624461818  0.000623255834  56
     0.0160917852      0.688565385     0.0378315379   -0.00049187324       1.00123279       2.00490591       1.00368877            0.025  0.000624461818  0.000623940469  55
     0.0278058855      0.663680189     0.0376441555  -0.000531655895       1.00125195       2.00488941       1.00369971            0.025  0.000624461818  0.000623435726  54
    0.00280588483       0.66368019     0.0376441523  -0.000531637601       1.00125196        2.0048892       1.00369962            0.025  0.000624461818  0.000624116708  53
     0.0145399579      0.638795516     0.0374404297  -0.000571597951        1.0012696       2.00488017       1.00371278            0.025  0.000624461818  0.000623915034  52
     0.0395399574      0.638795508     0.0374404329  -0.000571558075        1.0012696       2.00487999       1.00371269            0.025  0.000624461818  0.000623237411  51
    0.00129919478      0.613911336     0.0372162022  -0.000611657785       1.00128642       2.00487796       1.00372854            0.025  0.000624461818  0.000624090334  50
     0.0262991934       0.61391133     0.0372162126  -0.000611679846       1.00128639       2.00487783       1.00372845            0.025  0.000624461818  0.000623417161  49
     0.0380902521      0.589027653     0.0369661677  -0.000651932112       1.00130298       2.00488244       1.00374738            0.025  0.000624461818  0.000623314369  48
       0.01309025      0.589027659     0.0369661681  -0.000651945919       1.00130298       2.00488242       1.00374737            0.025  0.000624461818  0.000623983793  47
     0.0249217074      0.564144499     0.0366832726  -0.000692429182       1.00131981       2.00489333        1.0037697            0.025  0.000624461818  0.000623878956  46
     0.0499217062      0.564144497     0.0366832699    -0.0006923934       1.00131983       2.00489343       1.00376978            0.025  0.000624461818  0.000623214875  45
     0.0118047053        0.5392619      0.036358598  -0.000733058349        1.0013373        2.0049102       1.00379568            0.025  0.000624461818  0.00062404875  44
     0.0368047041      0.539261881     0.0363585968   -0.00073307216       1.00133728       2.00491038       1.00379576            0.025  0.000624461818  0.000623391294  43
     0.0487538218      0.514379877     0.0359802038  -0.000773835725       1.00135537       2.00493211       1.00382477            0.025  0.000624461818  0.000623200926  42
     0.0237538185      0.514379869     0.0359802076  -0.000773879645       1.00135533       2.00493236       1.00382486            0.025  0.000624461818  0.000623852412  41
      0.035788257      0.489498467     0.0355323057   -0.00081467705       1.00137323       2.00495708       1.00385518            0.025  0.000624461818  0.000623374547  40
     0.0107882529      0.489498479     0.0355323104  -0.000814648928       1.00137325       2.00495744       1.00385538            0.025  0.000624461818  0.000624016754  39
     0.0229335124      0.464617681      0.034993798  -0.000855241757       1.00138866        2.0049811       1.00388267            0.025  0.000624461818  0.00062382548  38
     0.0479335116      0.464617677     0.0349937953  -0.000855168197       1.00138871       2.00498152       1.00388294            0.025  0.000624461818  0.000623191742  37
     0.0102236943      0.439737387     0.0343362791   -0.00089490325       1.00139639       2.00499594       1.00389785            0.025  0.000624461818  0.000623988298  36
     0.0352236953      0.439737356      0.034336276  -0.000894935876       1.00139637       2.00499634       1.00389803            0.025  0.000624461818  0.000623368288  35
     0.0477047221      0.414857195      0.033521468   -0.00093264116       1.00138489       2.00498511        1.0038809            0.025  0.000624461818  0.00062321159  34
     0.0227047195      0.414857191     0.0335214749  -0.000932739798       1.00138486        2.0049855       1.00388107            0.025  0.000624461818  0.0006238186  33
     0.0354386853      0.389976266     0.0324979763  -0.000966353967       1.00133018       2.00491593       1.00379142            0.025  0.000624461818  0.000623421836  32
     0.0104386822      0.389976308     0.0324979805  -0.000966300932       1.00133025       2.00491632       1.00379168            0.025  0.000624461818  0.000624007562  31
     0.0235095621       0.36509276     0.0311982064  -0.000991593848       1.00118273       2.00472377       1.00354741            0.025  0.000624461818  0.000623929633  30
     0.0485095662      0.365092771     0.0311982159  -0.000991456823       1.00118273         2.004724       1.00354753            0.025  0.000624461818  0.00062336536  29
     0.0120299601      0.340202678     0.0295376846  -0.000999985548       1.00084374       2.00428486       1.00298798            0.025  0.000624461818  0.000624216453  28
     0.0370299654      0.340202623     0.0295376969  -0.000999870334       1.00084366       2.00428509       1.00298802            0.025  0.000624461818  0.000623666213  27
    0.00114670188      0.315297982      0.027426039  -0.000976859267       1.00015408       2.00340357       1.00185613            0.025  0.000624461818  0.00062467909  26
     0.0261467002      0.315297967     0.0274261019  -0.000977022865        1.0001543       2.00340426       1.00185669            0.025  0.000624461818  0.000624186805  25
     0.0410388745      0.290364994     0.0248005801   -0.00090542298      0.998930485       2.00185728      0.999858132            0.025  0.000624461818  0.000624848065  24
     0.0160388811      0.290365062     0.0248005465  -0.000905687229      0.998930955       2.00185788        0.9998589            0.025  0.000624461818  0.000625292082  23
     0.0318959561      0.265384553     0.0217027725  -0.000774743648      0.997057216       1.99951945      0.996817647            0.025  0.000624461818  0.000626159207  22
    0.00689597521       0.26538465     0.0217027606  -0.000774653104      0.997057237       1.99951913      0.996817511            0.025  0.000624461818  0.000626548946  21
     0.0238620511       0.24033636      0.018367467  -0.000593824761      0.994633283       1.99655179      0.992918433            0.025  0.000624461818  0.000627947948  20
     0.0488620627       0.24033641     0.0183674979  -0.000593679245      0.994632739       1.99655059      0.992917288            0.025  0.000624461818  0.000627623829  19
      0.016960314      0.215208892     0.0152072336  -0.000404826692      0.992116654       1.99353374       0.98890901            0.025  0.000624461818  0.000629575837  18
     0.0419603126      0.215208883     0.0152072482  -0.000404784719      0.992116221       1.99353289      0.988908157            0.025  0.000624461818  0.000629279305  17
     0.0110738733       0.19001059     0.0124542931  -0.000261131171      0.989985586       1.99101455      0.985537853            0.025  0.000624461818  0.000630903606  16
     0.0360738685      0.190010568     0.0124542904  -0.000261133359      0.989985514       1.99101426       0.98553764            0.025  0.000624461818  0.00063065941  15
    0.00605884532       0.16475753     0.0100502413  -0.000157943741      0.988355292        1.9891001      0.982968804            0.025  0.000624461818  0.000631920217  14
     0.0310588413      0.164757511     0.0100502392  -0.000157961394      0.988355358       1.98910009      0.982968868            0.025  0.000624461818  0.000631722385  13
    0.00177900752      0.139463663     0.0079441106  -8.70691983e-05      0.987153929       1.98769475      0.981080343            0.025  0.000624461818  0.000632673489  12
     0.0267790042      0.139463652    0.00794410364  -8.70968502e-05      0.987154055       1.98769491      0.981080545            0.025  0.000624461818  0.000632530159  11
     0.0481033862      0.114140379    0.00608727936  -4.07551289e-05      0.986299604       1.98669791      0.979739679            0.025  0.000624461818  0.00063307045  10
     0.0231033856      0.114140379    0.00608727597  -4.07795896e-05      0.986299731       1.98669809      0.979739895            0.025  0.000624461818  0.000633172769  9
     0.0449055441     0.0887966577    0.00443108611   -1.2229393e-05      0.985717058       1.98601939      0.978826595            0.025  0.000624461818  0.000633467462  8
     0.0199055451     0.0887966648    0.00443108637  -1.22361744e-05      0.985717113       1.98601948      0.978826694            0.025  0.000624461818  0.000633555118  7
      0.042063193     0.0634394159    0.00292638905   4.15841413e-06      0.985342286       1.98558372      0.978239801            0.025  0.000624461818  0.000633723129  6
     0.0170631939     0.0634394237    0.00292638952   4.15944574e-06      0.985342275       1.98558373      0.978239796            0.025  0.000624461818  0.000633781087  5
     0.0394578487      0.038073878    0.00152385319   1.29228871e-05      0.985098122       1.98530499      0.977860111            0.025  0.000624461818  0.000633894016  4
     0.0144578492     0.0380738836     0.0015238537   1.29253337e-05      0.985098084       1.98530497      0.977860059            0.025  0.000624461818  0.000633924223  3
       0.03697684     0.0127026644   0.000176641735   1.63438355e-05       0.98442396       1.98454165      0.976815177            0.025  0.000624461818  0.000634339409  2
     0.0119768404     0.0127026665   0.000176642185    1.6344948e-05      0.984423908        1.9845416      0.976815101            0.025  0.000624461818  0.000634346561  1
