title='particle position' 
variables=x, y, Ux, Uy, rho, e, p, h=supportlength/2, m, V, ID 
     0.0420828879      0.987499827     0.0395002554  -1.65381728e-06      0.999987832        2.0055669       1.00277125            0.025  0.000624461818  0.000624466162  80
     0.0170828879      0.987499827     0.0395002554  -1.65382627e-06      0.999987832       2.00556695       1.00277128            0.025  0.000624461818  0.000624472658  79
     0.0419349909      0.962499593     0.0385000525  -3.77083981e-06      0.999991445       2.00421994       1.00210139            0.025  0.000624461818  0.000624463359  78
     0.0169349909      0.962499593     0.0385000524  -3.77083895e-06      0.999991445       2.00421999       1.00210142            0.025  0.000624461818  0.000624470964  77
     0.0417895284      0.937499446     0.0374998659  -5.13530142e-06      0.999994052       2.00368173       1.00183491            0.025  0.000624461818  0.00062446183  76
     0.0167895285      0.937499446     0.0374998659  -5.13529872e-06      0.999994052       2.00368177       1.00183493            0.025  0.000624461818  0.000624469237  75
     0.0416464557      0.912499339     0.0364996923  -6.15190589e-06      0.999995421       2.00333687       1.00166385            0.025  0.000624461818  0.000624461073  74
     0.0166464557      0.912499339     0.0364996924  -6.15190342e-06      0.999995421       2.00333691       1.00166387            0.025  0.000624461818  0.000624468283  73
     0.0415057089      0.887499258     0.0354995316  -6.93609666e-06      0.999996374       2.00308309       1.00153791            0.025  0.000624461818  0.000624460577  72
     0.0165057089      0.887499258     0.0354995316  -6.93609452e-06      0.999996374       2.00308312       1.00153793            0.025  0.000624461818  0.000624467589  71
     0.0413672244      0.862499197     0.0344993832  -7.54630974e-06      0.999997101       2.00288296       1.00143858            0.025  0.000624461818  0.000624460222  70
     0.0163672244      0.862499197     0.0344993832  -7.54630785e-06      0.999997101       2.00288299       1.00143859            0.025  0.000624461818  0.000624467036  69
     0.0412309384      0.837499151     0.0334992471  -8.01846902e-06      0.999997683       2.00271848       1.00135692            0.025  0.000624461818  0.000624459957  68
     0.0162309384      0.837499151     0.0334992471  -8.01846731e-06      0.999997683       2.00271851       1.00135694            0.025  0.000624461818  0.000624466574  67
     0.0410967871      0.812499117     0.0324991228  -8.37709402e-06      0.999998162       2.00257956       1.00128794            0.025  0.000624461818  0.000624459757  66
     0.0160967871      0.812499117     0.0324991228  -8.37709245e-06      0.999998162       2.00257958       1.00128795            0.025  0.000624461818  0.000624466176  65
     0.0409647067      0.787499094     0.0314990101  -8.64007756e-06      0.999998565       2.00245994       1.00122853            0.025  0.000624461818  0.000624459604  64
     0.0159647068      0.787499094     0.0314990101   -8.6400761e-06      0.999998565       2.00245996       1.00122855            0.025  0.000624461818  0.000624465826  63
     0.0408346337      0.762499079     0.0304989088  -8.82110357e-06       0.99999891       2.00235549       1.00117665            0.025  0.000624461818  0.000624459488  62
     0.0158346337      0.762499079     0.0304989088  -8.82110221e-06       0.99999891       2.00235551       1.00117667            0.025  0.000624461818  0.000624465512  61
     0.0407065041      0.737499072     0.0294988187  -8.93100813e-06      0.999999207       2.00226332       1.00113087            0.025  0.000624461818  0.000624459401  60
     0.0157065041      0.737499072     0.0294988187  -8.93100685e-06      0.999999207       2.00226335       1.00113088            0.025  0.000624461818  0.000624465228  59
     0.0405802544      0.712499071     0.0284987394  -8.97860609e-06      0.999999465       2.00218134       1.00109014            0.025  0.000624461818  0.000624459338  58
     0.0155802544      0.712499071     0.0284987394  -8.97860488e-06      0.999999465       2.00218136       1.00109015            0.025  0.000624461818  0.000624464967  57
     0.0404558206      0.687499076     0.0274986708   -8.9712228e-06      0.999999691       2.00210797       1.00105367            0.025  0.000624461818  0.000624459296  56
     0.0154558206      0.687499076     0.0274986709  -8.97122165e-06      0.999999691       2.00210798       1.00105368            0.025  0.000624461818  0.000624464727  55
     0.0403331392      0.662499085     0.0264986127  -8.91505187e-06       0.99999989       2.00204198       1.00102088            0.025  0.000624461818  0.00062445927  54
     0.0153331392      0.662499085     0.0264986127  -8.91505078e-06       0.99999989         2.002042       1.00102089            0.025  0.000624461818  0.000624464504  53
     0.0402121464      0.637499099     0.0254985646  -8.81540477e-06       1.00000007       2.00198242       1.00099128            0.025  0.000624461818  0.000624459259  52
     0.0152121464      0.637499099     0.0254985646  -8.81540373e-06       1.00000007       2.00198243       1.00099128            0.025  0.000624461818  0.000624464296  51
     0.0400927783      0.612499116     0.0244985265   -8.6768902e-06       1.00000022       2.00192851       1.00096448            0.025  0.000624461818  0.000624459261  50
     0.0150927784      0.612499116     0.0244985265  -8.67688921e-06       1.00000022       2.00192853       1.00096449            0.025  0.000624461818  0.0006244641  49
     0.0399749715      0.587499137     0.0234984979  -8.50354643e-06       1.00000036       2.00187962       1.00094017            0.025  0.000624461818  0.000624459273  48
     0.0149749715      0.587499137     0.0234984979  -8.50354548e-06       1.00000036       2.00187964       1.00094018            0.025  0.000624461818  0.000624463915  47
     0.0398586619       0.56249916     0.0224984787  -8.29894085e-06       1.00000048       2.00183523        1.0009181            0.025  0.000624461818  0.000624459295  46
      0.014858662       0.56249916     0.0224984787  -8.29893994e-06       1.00000048       2.00183524        1.0009181            0.025  0.000624461818  0.00062446374  45
     0.0397437861      0.537499186     0.0214984685  -8.06624646e-06       1.00000059       2.00179487       1.00089803            0.025  0.000624461818  0.000624459326  44
     0.0147437861      0.537499186     0.0214984686  -8.06624558e-06       1.00000059       2.00179489       1.00089803            0.025  0.000624461818  0.000624463573  43
     0.0396302802      0.512499214     0.0204984671  -7.80830155e-06       1.00000069       2.00175818       1.00087978            0.025  0.000624461818  0.000624459365  42
     0.0146302802      0.512499214     0.0204984671  -7.80830071e-06       1.00000069       2.00175819       1.00087979            0.025  0.000624461818  0.000624463414  41
     0.0395180805      0.487499244     0.0194984741  -7.52765697e-06       1.00000077       2.00172483       1.00086319            0.025  0.000624461818  0.00062445941  40
     0.0145180805      0.487499244     0.0194984741  -7.52765616e-06       1.00000077       2.00172484       1.00086319            0.025  0.000624461818  0.000624463261  39
     0.0394071232      0.462499276     0.0184984892   -7.2266141e-06       1.00000085       2.00169452       1.00084811            0.025  0.000624461818  0.000624459461  38
     0.0144071232      0.462499276     0.0184984892  -7.22661332e-06       1.00000085       2.00169453       1.00084811            0.025  0.000624461818  0.000624463115  37
     0.0392973448       0.43749931      0.017498512  -6.90725582e-06       1.00000092         2.001667       1.00083442            0.025  0.000624461818  0.000624459517  36
     0.0142973448       0.43749931      0.017498512  -6.90725506e-06       1.00000092       2.00166701       1.00083442            0.025  0.000624461818  0.000624462974  35
     0.0391886813      0.412499344     0.0164985423  -6.57147199e-06       1.00000098       2.00164205       1.00082201            0.025  0.000624461818  0.000624459578  34
     0.0141886813      0.412499344     0.0164985423  -6.57147125e-06       1.00000098       2.00164206       1.00082201            0.025  0.000624461818  0.000624462837  33
     0.0390810692       0.38749938     0.0154985796  -6.22098084e-06       1.00000103       2.00161948       1.00081077            0.025  0.000624461818  0.000624459644  32
     0.0140810692       0.38749938     0.0154985796  -6.22098013e-06       1.00000103       2.00161948       1.00081077            0.025  0.000624461818  0.000624462705  31
     0.0389744446      0.362499417     0.0144986236  -5.85734706e-06       1.00000108       2.00159909       1.00080062            0.025  0.000624461818  0.000624459714  30
     0.0139744446      0.362499417     0.0144986236  -5.85734637e-06       1.00000108       2.00159909       1.00080063            0.025  0.000624461818  0.000624462578  29
      0.038868744      0.337499455     0.0134986739  -5.48199735e-06       1.00000112       2.00158073       1.00079148            0.025  0.000624461818  0.000624459787  28
      0.013868744      0.337499455     0.0134986739  -5.48199667e-06       1.00000112       2.00158073       1.00079149            0.025  0.000624461818  0.000624462453  27
     0.0387639035      0.312499494     0.0124987301  -5.09623397e-06       1.00000116       2.00156425       1.00078328            0.025  0.000624461818  0.000624459863  26
     0.0137639035      0.312499494     0.0124987301  -5.09623331e-06       1.00000116       2.00156425       1.00078328            0.025  0.000624461818  0.000624462332  25
     0.0386598594      0.287499533     0.0114987918  -4.70124685e-06       1.00000119       2.00154952       1.00077595            0.025  0.000624461818  0.000624459942  24
     0.0136598594      0.287499533     0.0114987918   -4.7012462e-06       1.00000119       2.00154953       1.00077595            0.025  0.000624461818  0.000624462213  23
      0.038556548      0.262499573     0.0104988585  -4.29812435e-06       1.00000121       2.00153642       1.00076943            0.025  0.000624461818  0.000624460023  22
      0.013556548      0.262499573     0.0104988586  -4.29812373e-06       1.00000121       2.00153643       1.00076943            0.025  0.000624461818  0.000624462097  21
     0.0384539057      0.237499613       0.00949893  -3.88786327e-06       1.00000124       2.00152485       1.00076366            0.025  0.000624461818  0.000624460107  20
     0.0134539057      0.237499613    0.00949893001  -3.88786265e-06       1.00000124       2.00152485       1.00076366            0.025  0.000624461818  0.000624461984  19
     0.0383518686      0.212499654    0.00849900569  -3.47137796e-06       1.00000126        2.0015147       1.00075861            0.025  0.000624461818  0.000624460193  18
     0.0133518686      0.212499654     0.0084990057  -3.47137735e-06       1.00000126        2.0015147       1.00075861            0.025  0.000624461818  0.000624461872  17
     0.0382503731      0.187499695    0.00749908517  -3.04950912e-06       1.00000128       2.00150589       1.00075422            0.025  0.000624461818  0.000624460281  16
     0.0132503731      0.187499695    0.00749908519  -3.04950852e-06       1.00000128        2.0015059       1.00075423            0.025  0.000624461818  0.000624461763  15
     0.0381493554      0.162499737    0.00649916801  -2.62303205e-06       1.00000129       2.00149835       1.00075047            0.025  0.000624461818  0.000624460371  14
     0.0131493554      0.162499737    0.00649916803  -2.62303146e-06       1.00000129       2.00149836       1.00075047            0.025  0.000624461818  0.000624461655  13
     0.0380487518      0.137499779    0.00549925374  -2.19266472e-06        1.0000013       2.00149201       1.00074731            0.025  0.000624461818  0.000624460462  12
     0.0130487518      0.137499779    0.00549925376  -2.19266414e-06        1.0000013       2.00149201       1.00074731            0.025  0.000624461818  0.000624461548  11
     0.0379484987      0.112499821    0.00449934191  -1.75907561e-06       1.00000131       2.00148681       1.00074472            0.025  0.000624461818  0.000624460555  10
     0.0129484987      0.112499821    0.00449934193  -1.75907503e-06       1.00000131       2.00148681       1.00074472            0.025  0.000624461818  0.000624461443  9
     0.0378485323     0.0874998626    0.00349943206  -1.32289142e-06       1.00000132       2.00148271       1.00074268            0.025  0.000624461818  0.000624460648  8
     0.0128485323     0.0874998626    0.00349943207  -1.32289085e-06       1.00000132       2.00148271       1.00074268            0.025  0.000624461818  0.00062446134  7
     0.0377487889     0.0624999048     0.0024995237  -8.84704738e-07       1.00000133       2.00147967       1.00074116            0.025  0.000624461818  0.000624460744  6
     0.0127487889     0.0624999048    0.00249952372  -8.84704181e-07       1.00000133       2.00147967       1.00074116            0.025  0.000624461818  0.000624461237  5
     0.0376492047     0.0374999471    0.00149961639    -4.450816e-07       1.00000133       2.00147765       1.00074016            0.025  0.000624461818  0.00062446084  4
     0.0126492047     0.0374999471     0.0014996164  -4.45081093e-07       1.00000133       2.00147765       1.00074016            0.025  0.000624461818  0.000624461136  3
     0.0375497161     0.0124999895    0.00049970987  -4.51212416e-09       1.00000109       2.00147603       1.00073911            0.025  0.000624461818  0.00062446108  2
     0.0125497161     0.0124999895   0.000499709877  -4.51178416e-09       1.00000109       2.00147603       1.00073911            0.025  0.000624461818  0.000624461195  1
