title='particle position' 
variables=x, y, Ux, Uy, rho, e, p, h=supportlength/2, m, V, ID 
    0.00263077707      0.987499312     0.0395008627  -2.20626421e-06      0.999952902       2.00972062       1.00481298            0.025  0.000624461818  0.000624494459  80
     0.0276307771      0.987499312     0.0395008628  -2.20623558e-06      0.999952901        2.0097207       1.00481302            0.025  0.000624461818  0.000624487964  79
    0.00221579487      0.962498526     0.0385006397  -4.22711537e-06      0.999967291       2.00839009        1.0041622            0.025  0.000624461818  0.000624486048  78
     0.0272157949      0.962498526     0.0385006398  -4.22711134e-06      0.999967291       2.00839017       1.00416224            0.025  0.000624461818  0.000624478444  77
    0.00180325248      0.937498024     0.0375004397  -5.51732192e-06      0.999975813       2.00785769       1.00390456            0.025  0.000624461818  0.000624480628  76
     0.0268032525      0.937498024     0.0375004397  -5.51732626e-06      0.999975813       2.00785777        1.0039046            0.025  0.000624461818  0.000624473221  75
    0.00139310339      0.912497654     0.0365002537  -6.46864624e-06      0.999980325       2.00751587       1.00373818            0.025  0.000624461818  0.000624477711  74
     0.0263931034      0.912497654     0.0365002537  -6.46865119e-06      0.999980325       2.00751595       1.00373822            0.025  0.000624461818  0.000624470502  73
   0.000985283786      0.887497372     0.0355000817  -7.19410132e-06       0.99998349        2.0072642       1.00361553            0.025  0.000624461818  0.000624475635  72
     0.0259852838      0.887497372     0.0355000817   -7.1941078e-06       0.99998349       2.00726427       1.00361557            0.025  0.000624461818  0.000624468624  71
   0.000579729741      0.862497155     0.0344999227  -7.75069967e-06      0.999985925       2.00706568       1.00351872            0.025  0.000624461818  0.000624474016  70
     0.0255797297      0.862497155     0.0344999227  -7.75071896e-06      0.999985925       2.00706576       1.00351875            0.025  0.000624461818  0.000624467202  69
   0.000176377335       0.83749699     0.0334997771  -8.17344901e-06       0.99998789       2.00690249       1.00343909            0.025  0.000624461818  0.000624472725  68
     0.0251763773       0.83749699     0.0334997766  -8.17351976e-06       0.99998789       2.00690257       1.00343913            0.025  0.000624461818  0.000624467122  67
     0.0497751627      0.812496867     0.0324996421  -8.48628734e-06      0.999989525       2.00676463       1.00337181            0.025  0.000624461818  0.000624465116  66
     0.0247751627      0.812496867     0.0324996416  -8.48635488e-06      0.999989525       2.00676471       1.00337184            0.025  0.000624461818  0.00062447049  65
     0.0493760219      0.787496779     0.0314995171  -8.70663831e-06      0.999990914       2.00664592       1.00331384            0.025  0.000624461818  0.000624464383  64
     0.0243760219      0.787496779      0.031499517  -8.70665127e-06      0.999990914       2.00664599       1.00331388            0.025  0.000624461818  0.000624470604  63
     0.0489788912      0.762496721     0.0304994038  -8.84777552e-06      0.999992113       2.00654224       1.00326321            0.025  0.000624461818  0.000624463733  62
     0.0239788913      0.762496721     0.0304994038  -8.84777488e-06      0.999992113       2.00654231       1.00326324            0.025  0.000624461818  0.000624469757  61
     0.0485837067      0.737496689     0.0294993007  -8.92025663e-06      0.999993158       2.00645074       1.00321851            0.025  0.000624461818  0.000624463179  60
     0.0235837067      0.737496689     0.0294993007  -8.92025405e-06      0.999993158       2.00645081       1.00321854            0.025  0.000624461818  0.000624469005  59
     0.0481904046       0.71249668     0.0284992073  -8.93265837e-06      0.999994077       2.00636934       1.00317873            0.025  0.000624461818  0.000624462704  58
     0.0231904046       0.71249668     0.0284992074  -8.93265558e-06      0.999994077       2.00636941       1.00317876            0.025  0.000624461818  0.000624468333  57
      0.047798921      0.687496691     0.0274991234   -8.8921008e-06      0.999994891       2.00629648       1.00314312            0.025  0.000624461818  0.000624462294  56
      0.022798921      0.687496691     0.0274991234  -8.89209803e-06      0.999994891       2.00629654       1.00314315            0.025  0.000624461818  0.000624467726  55
      0.047409192       0.66249672     0.0264990483  -8.80459981e-06      0.999995614       2.00623095       1.00311107            0.025  0.000624461818  0.000624461941  54
      0.022409192       0.66249672     0.0264990483   -8.8045971e-06      0.999995614       2.00623101        1.0031111            0.025  0.000624461818  0.000624467175  53
     0.0470211539      0.637496764     0.0254989818  -8.67531108e-06      0.999996261       2.00617179       1.00308214            0.025  0.000624461818  0.000624461636  52
     0.0220211539      0.637496764     0.0254989819  -8.67530841e-06      0.999996261       2.00617185       1.00308217            0.025  0.000624461818  0.000624466673  51
     0.0466347429      0.612496822     0.0244989236  -8.50870508e-06       0.99999684       2.00611824       1.00305595            0.025  0.000624461818  0.000624461374  50
     0.0216347429      0.612496822     0.0244989236  -8.50870246e-06       0.99999684       2.00611829       1.00305598            0.025  0.000624461818  0.000624466212  49
     0.0462498951      0.587496892     0.0234988731  -8.30869609e-06      0.999997359       2.00606967       1.00303219            0.025  0.000624461818  0.000624461148  48
     0.0212498951      0.587496892     0.0234988731  -8.30869351e-06      0.999997359       2.00606972       1.00303221            0.025  0.000624461818  0.000624465789  47
     0.0458665466      0.562496974     0.0224988302  -8.07873932e-06      0.999997826       2.00602556        1.0030106            0.025  0.000624461818  0.000624460955  46
     0.0208665466      0.562496974     0.0224988302  -8.07873677e-06      0.999997826       2.00602561       1.00301062            0.025  0.000624461818  0.000624465399  45
     0.0454846338      0.537497065     0.0214987944  -7.82190545e-06      0.999998246       2.00598546       1.00299097            0.025  0.000624461818  0.000624460792  44
     0.0204846338      0.537497065     0.0214987944  -7.82190294e-06      0.999998246        2.0059855       1.00299099            0.025  0.000624461818  0.000624465038  43
     0.0451040927      0.512497165     0.0204987653  -7.54093884e-06      0.999998624       2.00594899       1.00297312            0.025  0.000624461818  0.000624460655  42
     0.0201040927      0.512497165     0.0204987654  -7.54093637e-06      0.999998624       2.00594904       1.00297314            0.025  0.000624461818  0.000624464703  41
     0.0447248595      0.487497273     0.0194987428  -7.23830361e-06      0.999998963       2.00591584       1.00295688            0.025  0.000624461818  0.000624460541  40
     0.0197248595      0.487497273     0.0194987428  -7.23830116e-06      0.999998963       2.00591588        1.0029569            0.025  0.000624461818  0.000624464392  39
     0.0443468705      0.462497388     0.0184987263  -6.91622066e-06      0.999999269       2.00588571       1.00294212            0.025  0.000624461818  0.000624460449  38
     0.0193468705      0.462497388     0.0184987263  -6.91621824e-06      0.999999269       2.00588575       1.00294214            0.025  0.000624461818  0.000624464103  37
     0.0439700618      0.437497509     0.0174987156  -6.57669787e-06      0.999999544       2.00585835       1.00292872            0.025  0.000624461818  0.000624460376  36
     0.0189700618      0.437497509     0.0174987156  -6.57669548e-06      0.999999544       2.00585839       1.00292874            0.025  0.000624461818  0.000624463832  35
     0.0435943696      0.412497636     0.0164987103  -6.22155496e-06       0.99999979       2.00583355       1.00291656            0.025  0.000624461818  0.000624460321  34
     0.0185943696      0.412497636     0.0164987103  -6.22155259e-06       0.99999979       2.00583358       1.00291658            0.025  0.000624461818  0.00062446358  33
     0.0432197301      0.387497768     0.0154987102  -5.85244432e-06       1.00000001        2.0058111       1.00290556            0.025  0.000624461818  0.000624460282  32
     0.0182197301      0.387497768     0.0154987102  -5.85244197e-06       1.00000001       2.00581113       1.00290558            0.025  0.000624461818  0.000624463343  31
     0.0428460795      0.362497905     0.0144987148  -5.47086864e-06       1.00000021       2.00579082       1.00289562            0.025  0.000624461818  0.000624460257  30
     0.0178460795      0.362497905     0.0144987148  -5.47086631e-06       1.00000021       2.00579085       1.00289564            0.025  0.000624461818  0.000624463121  29
      0.042473354      0.337498045     0.0134987239  -5.07819608e-06       1.00000038       2.00577256       1.00288667            0.025  0.000624461818  0.000624460246  28
      0.017473354      0.337498045     0.0134987239  -5.07819377e-06       1.00000038       2.00577259       1.00288668            0.025  0.000624461818  0.000624462912  27
     0.0421014897      0.312498189     0.0124987372  -4.67567353e-06       1.00000054       2.00575617       1.00287863            0.025  0.000624461818  0.000624460247  26
     0.0171014898      0.312498189     0.0124987372  -4.67567124e-06       1.00000054       2.00575619       1.00287864            0.025  0.000624461818  0.000624462716  25
      0.041730423      0.287498336     0.0114987542  -4.26443833e-06       1.00000068       2.00574152       1.00287144            0.025  0.000624461818  0.000624460259  24
      0.016730423      0.287498336     0.0114987542  -4.26443605e-06       1.00000068       2.00574154       1.00287145            0.025  0.000624461818  0.00062446253  23
     0.0413600899      0.262498486     0.0104987747  -3.84552884e-06        1.0000008       2.00572849       1.00286505            0.025  0.000624461818  0.000624460282  22
     0.0163600899      0.262498486     0.0104987748  -3.84552657e-06        1.0000008       2.00572851       1.00286506            0.025  0.000624461818  0.000624462355  21
     0.0409904267      0.237498637    0.00949879844   -3.4198941e-06       1.00000091       2.00571697        1.0028594            0.025  0.000624461818  0.000624460313  20
     0.0159904267      0.237498637    0.00949879846  -3.41989184e-06       1.00000091       2.00571699       1.00285941            0.025  0.000624461818  0.00062446219  19
     0.0406213695      0.212498791      0.008498825  -2.98840284e-06         1.000001       2.00570687       1.00285444            0.025  0.000624461818  0.000624460354  18
     0.0156213695      0.212498791    0.00849882501   -2.9884006e-06         1.000001       2.00570689       1.00285445            0.025  0.000624461818  0.000624462033  17
     0.0402528546      0.187498947    0.00749885408  -2.55185198e-06       1.00000108       2.00569811       1.00285014            0.025  0.000624461818  0.000624460403  16
     0.0152528546      0.187498947     0.0074988541  -2.55184974e-06       1.00000108       2.00569812       1.00285015            0.025  0.000624461818  0.000624461884  15
     0.0398848181      0.162499104    0.00649888539  -2.11097465e-06       1.00000115        2.0056906       1.00284646            0.025  0.000624461818  0.000624460459  14
     0.0148848181      0.162499104     0.0064988854  -2.11097243e-06       1.00000115       2.00569062       1.00284646            0.025  0.000624461818  0.000624461742  13
     0.0395171963      0.137499263    0.00549891859  -1.66644813e-06       1.00000121       2.00568429       1.00284336            0.025  0.000624461818  0.000624460522  12
     0.0145171963      0.137499263     0.0054989186  -1.66644591e-06       1.00000121       2.00568431       1.00284336            0.025  0.000624461818  0.000624461608  11
     0.0391499254      0.112499422    0.00449895337  -1.21890143e-06       1.00000126       2.00567912       1.00284082            0.025  0.000624461818  0.000624460591  10
     0.0141499254      0.112499422    0.00449895339  -1.21889922e-06       1.00000126       2.00567913       1.00284082            0.025  0.000624461818  0.00062446148  9
     0.0387829415     0.0874995828    0.00349898943  -7.68922849e-07       1.00000129       2.00567504       1.00283882            0.025  0.000624461818  0.000624460667  8
     0.0137829415     0.0874995828    0.00349898944  -7.68920646e-07       1.00000129       2.00567505       1.00283882            0.025  0.000624461818  0.000624461358  7
     0.0384161808     0.0624997438    0.00249902643  -3.17067424e-07       1.00000132       2.00567201       1.00283733            0.025  0.000624461818  0.000624460748  6
     0.0134161808     0.0624997438    0.00249902645  -3.17065254e-07       1.00000132       2.00567202       1.00283733            0.025  0.000624461818  0.000624461242  5
     0.0380495796     0.0374999053    0.00149906407   1.36137744e-07       1.00000134       2.00567001       1.00283635            0.025  0.000624461818  0.000624460834  4
     0.0130495796     0.0374999053    0.00149906409    1.3613972e-07       1.00000134       2.00567001       1.00283635            0.025  0.000624461818  0.00062446113  3
     0.0376830745     0.0125000671   0.000499105445    5.9087856e-07      0.999997958       2.00566047       1.00282818            0.025  0.000624461818  0.000624463037  2
     0.0126830745     0.0125000671   0.000499105452   5.90879858e-07      0.999997958       2.00566047       1.00282819            0.025  0.000624461818  0.000624463152  1
