title='particle position' 
variables=x, y, Ux, Uy, rho, e, p, h=supportlength/2, m, V, ID 
    0.00318592285      0.987499281     0.0395008932  -2.23619862e-06      0.999950834       2.00993887       1.00492002            0.025  0.000624461818  0.00062449575  80
     0.0281859228      0.987499281     0.0395008932  -2.23616898e-06      0.999950834       2.00993894       1.00492006            0.025  0.000624461818  0.000624489254  79
    0.00275688348      0.962498466      0.038500668   -4.2519959e-06      0.999965893       2.00860945       1.00427047            0.025  0.000624461818  0.000624486922  78
     0.0277568835      0.962498466      0.038500668  -4.25199158e-06      0.999965893       2.00860954       1.00427051            0.025  0.000624461818  0.000624479317  77
    0.00233028425      0.937497946     0.0375004659   -5.5382983e-06      0.999974721       2.00807735       1.00401329            0.025  0.000624461818  0.000624481309  76
     0.0273302842      0.937497946     0.0375004659  -5.53830262e-06      0.999974721       2.00807743       1.00401333            0.025  0.000624461818  0.000624473903  75
    0.00190607853      0.912497563     0.0365002781  -6.48618299e-06      0.999979396       2.00773569       1.00384716            0.025  0.000624461818  0.000624478291  74
     0.0269060785      0.912497563     0.0365002781  -6.48618775e-06      0.999979396       2.00773577        1.0038472            0.025  0.000624461818  0.000624471082  73
    0.00148420248      0.887497271     0.0355001043  -7.20853745e-06      0.999982676       2.00748413       1.00372468            0.025  0.000624461818  0.000624476144  72
     0.0264842025      0.887497271     0.0355001042  -7.20854207e-06      0.999982676        2.0074842       1.00372471            0.025  0.000624461818  0.000624469132  71
    0.00106459218      0.862497046     0.0344999435  -7.76230472e-06      0.999985199        2.0072857       1.00362799            0.025  0.000624461818  0.00062447447  70
     0.0260645922      0.862497046     0.0344999435  -7.76231091e-06      0.999985199       2.00728577       1.00362803            0.025  0.000624461818  0.000624467655  69
   0.000647183699      0.837496875     0.0334997952  -8.18245507e-06      0.999987236       2.00712258       1.00354848            0.025  0.000624461818  0.000624473099  68
     0.0256471837      0.837496875     0.0334997951  -8.18247408e-06      0.999987236       2.00712265       1.00354852            0.025  0.000624461818  0.000624466482  67
   0.000231913138      0.812496747     0.0324996595  -8.49283276e-06      0.999988931       2.00698477       1.00348128            0.025  0.000624461818  0.000624471976  66
     0.0252319131      0.812496747     0.0324996591  -8.49290297e-06      0.999988931       2.00698485       1.00348132            0.025  0.000624461818  0.000624466539  65
     0.0498187166      0.787496656      0.031499534  -8.71088595e-06      0.999990371        2.0068661       1.00342339            0.025  0.000624461818  0.000624464687  64
     0.0248187166      0.787496656     0.0314995335  -8.71095309e-06      0.999990371       2.00686617       1.00342343            0.025  0.000624461818  0.000624469895  63
     0.0494075303      0.762496597     0.0304994181  -8.84991428e-06      0.999991614       2.00676246       1.00337282            0.025  0.000624461818  0.000624464045  62
     0.0244075303      0.762496597      0.030499418  -8.84992717e-06      0.999991614       2.00676254       1.00337285            0.025  0.000624461818  0.000624470068  61
     0.0489982903      0.737496564     0.0294993134  -8.92039919e-06      0.999992698         2.006671       1.00332817            0.025  0.000624461818  0.000624463466  60
     0.0239982903      0.737496564     0.0294993134  -8.92039853e-06      0.999992698       2.00667107       1.00332821            0.025  0.000624461818  0.000624469293  59
     0.0485909328      0.712496555     0.0284992185  -8.93091454e-06      0.999993651       2.00658963       1.00328845            0.025  0.000624461818  0.00062446297  58
     0.0235909329      0.712496555     0.0284992185  -8.93091194e-06      0.999993651        2.0065897       1.00328848            0.025  0.000624461818  0.000624468599  57
      0.048185394      0.687496566     0.0274991329  -8.88857396e-06      0.999994495       2.00651679       1.00325287            0.025  0.000624461818  0.000624462542  56
      0.023185394      0.687496566     0.0274991329  -8.88857115e-06      0.999994495       2.00651686       1.00325291            0.025  0.000624461818  0.000624467973  55
       0.04778161      0.662496596     0.0264990563  -8.79938481e-06      0.999995246       2.00645128       1.00322087            0.025  0.000624461818  0.000624462171  54
       0.02278161      0.662496596     0.0264990563  -8.79938201e-06      0.999995246       2.00645134        1.0032209            0.025  0.000624461818  0.000624467405  53
      0.047379517      0.637496642     0.0254989883  -8.66849481e-06      0.999995916       2.00639215       1.00319198            0.025  0.000624461818  0.000624461851  52
      0.022379517      0.637496642     0.0254989883  -8.66849206e-06      0.999995916        2.0063922       1.00319201            0.025  0.000624461818  0.000624466888  51
     0.0469790511      0.612496702     0.0244989285  -8.50036732e-06      0.999996517       2.00633862       1.00316581            0.025  0.000624461818  0.000624461575  50
     0.0219790511      0.612496702     0.0244989285  -8.50036461e-06      0.999996517       2.00633867       1.00316584            0.025  0.000624461818  0.000624466414  49
     0.0465801485      0.587496776     0.0234988766  -8.29891023e-06      0.999997056       2.00629006       1.00314208            0.025  0.000624461818  0.000624461337  48
     0.0215801485      0.587496776     0.0234988766  -8.29890757e-06      0.999997056       2.00629012        1.0031421            0.025  0.000624461818  0.000624465978  47
     0.0461827454       0.56249686     0.0224988321  -8.06757296e-06      0.999997541       2.00624596       1.00312052            0.025  0.000624461818  0.000624461133  46
     0.0211827454       0.56249686     0.0224988321  -8.06757033e-06      0.999997541       2.00624601       1.00312054            0.025  0.000624461818  0.000624465577  45
     0.0457867781      0.537496955     0.0214987947  -7.80942093e-06      0.999997977       2.00620588       1.00310091            0.025  0.000624461818  0.00062446096  44
     0.0207867781      0.537496955     0.0214987948  -7.80941834e-06      0.999997977       2.00620593       1.00310093            0.025  0.000624461818  0.000624465206  43
     0.0453921825      0.512497059     0.0204987642  -7.52719365e-06      0.999998369       2.00616943       1.00308308            0.025  0.000624461818  0.000624460814  42
     0.0203921825      0.512497059     0.0204987642  -7.52719109e-06      0.999998369       2.00616947        1.0030831            0.025  0.000624461818  0.000624464862  41
      0.044998895      0.487497171     0.0194987401  -7.22335078e-06      0.999998722       2.00613628       1.00306686            0.025  0.000624461818  0.000624460692  40
      0.019998895      0.487497171     0.0194987401  -7.22334825e-06      0.999998722       2.00613632       1.00306688            0.025  0.000624461818  0.000624464543  39
     0.0446068517      0.462497291     0.0184987221  -6.90010908e-06      0.999999039       2.00610616       1.00305212            0.025  0.000624461818  0.000624460592  38
     0.0196068518      0.462497291     0.0184987221  -6.90010657e-06      0.999999039        2.0061062       1.00305214            0.025  0.000624461818  0.000624464246  37
     0.0442159889      0.437497417     0.0174987099  -6.55947256e-06      0.999999325       2.00607881       1.00303873            0.025  0.000624461818  0.000624460513  36
     0.0192159889      0.437497417     0.0174987099  -6.55947008e-06      0.999999325       2.00607885       1.00303875            0.025  0.000624461818  0.000624463969  35
     0.0438262426      0.412497549     0.0164987031  -6.20325734e-06      0.999999581       2.00605402       1.00302659            0.025  0.000624461818  0.000624460452  34
     0.0188262426      0.412497549     0.0164987031  -6.20325489e-06      0.999999581       2.00605405       1.00302661            0.025  0.000624461818  0.00062446371  33
     0.0434375491      0.387497686     0.0154987014  -5.83311242e-06       0.99999981       2.00603157        1.0030156            0.025  0.000624461818  0.000624460407  32
     0.0184375491      0.387497686     0.0154987014  -5.83310998e-06       0.99999981        2.0060316       1.00301561            0.025  0.000624461818  0.000624463468  31
     0.0430498445      0.362497828     0.0144987045  -5.45053729e-06       1.00000002        2.0060113       1.00300567            0.025  0.000624461818  0.000624460378  30
     0.0180498445      0.362497828     0.0144987046  -5.45053487e-06       1.00000002       2.00601133       1.00300568            0.025  0.000624461818  0.000624463242  29
     0.0426630651      0.337497974     0.0134987121  -5.05689712e-06        1.0000002       2.00599304       1.00299672            0.025  0.000624461818  0.000624460362  28
     0.0176630651      0.337497974     0.0134987121  -5.05689472e-06        1.0000002       2.00599307       1.00299674            0.025  0.000624461818  0.000624463028  27
      0.042277147      0.312498123     0.0124987238  -4.65343594e-06       1.00000036       2.00597666       1.00298869            0.025  0.000624461818  0.000624460359  26
      0.017277147      0.312498123     0.0124987238  -4.65343356e-06       1.00000036       2.00597668        1.0029887            0.025  0.000624461818  0.000624462828  25
     0.0418920265      0.287498276     0.0114987393  -4.24128839e-06       1.00000051       2.00596201       1.00298151            0.025  0.000624461818  0.000624460368  24
     0.0168920265      0.287498276     0.0114987393  -4.24128602e-06       1.00000051       2.00596203       1.00298152            0.025  0.000624461818  0.000624462639  23
     0.0415076397      0.262498432     0.0104987583  -3.82149024e-06       1.00000063       2.00594898       1.00297512            0.025  0.000624461818  0.000624460388  22
     0.0165076397      0.262498432     0.0104987583  -3.82148789e-06       1.00000063         2.005949       1.00297514            0.025  0.000624461818  0.000624462461  21
     0.0411239228       0.23749859    0.00949878048  -3.39498811e-06       1.00000074       2.00593747       1.00296948            0.025  0.000624461818  0.000624460417  20
     0.0161239228       0.23749859     0.0094987805  -3.39498577e-06       1.00000074       2.00593749       1.00296949            0.025  0.000624461818  0.000624462293  19
     0.0407408119       0.21249875     0.0084988055  -2.96264837e-06       1.00000084       2.00592737       1.00296453            0.025  0.000624461818  0.000624460455  18
     0.0157408119       0.21249875    0.00849880551  -2.96264604e-06       1.00000084       2.00592739       1.00296454            0.025  0.000624461818  0.000624462134  17
     0.0403582434      0.187498912    0.00749883304  -2.52526567e-06       1.00000092       2.00591861       1.00296023            0.025  0.000624461818  0.000624460502  16
     0.0153582434      0.187498912    0.00749883306  -2.52526335e-06       1.00000092       2.00591863       1.00296024            0.025  0.000624461818  0.000624461983  15
     0.0399761534      0.162499075     0.0064988628    -2.083571e-06         1.000001       2.00591111       1.00295655            0.025  0.000624461818  0.000624460556  14
     0.0149761534      0.162499075    0.00649886282  -2.08356869e-06         1.000001       2.00591112       1.00295656            0.025  0.000624461818  0.00062446184  13
      0.039594478       0.13749924    0.00549889446  -1.63823953e-06       1.00000106        2.0059048       1.00295346            0.025  0.000624461818  0.000624460617  12
      0.014594478       0.13749924    0.00549889447  -1.63823723e-06       1.00000106       2.00590481       1.00295346            0.025  0.000624461818  0.000624461704  11
     0.0392131535      0.112499406     0.0044989277  -1.18989825e-06        1.0000011       2.00589963       1.00295092            0.025  0.000624461818  0.000624460686  10
     0.0142131535      0.112499406    0.00449892771  -1.18989595e-06        1.0000011       2.00589964       1.00295093            0.025  0.000624461818  0.000624461574  9
     0.0388321161     0.0874995722     0.0034989622  -7.39133489e-07       1.00000114       2.00589555       1.00294892            0.025  0.000624461818  0.00062446076  8
     0.0138321161     0.0874995722    0.00349896222  -7.39131199e-07       1.00000114       2.00589556       1.00294892            0.025  0.000624461818  0.000624461451  7
      0.038451302     0.0624997396    0.00249899766  -2.86498346e-07       1.00000117       2.00589252       1.00294744            0.025  0.000624461818  0.000624460841  6
      0.013451302     0.0624997396    0.00249899767  -2.86496091e-07       1.00000117       2.00589253       1.00294744            0.025  0.000624461818  0.000624461335  5
     0.0380706473     0.0374999074    0.00149903375   1.67482213e-07       1.00000119       2.00589052       1.00294646            0.025  0.000624461818  0.000624460926  4
     0.0130706473     0.0374999074    0.00149903377   1.67484267e-07       1.00000119       2.00589052       1.00294646            0.025  0.000624461818  0.000624461222  3
     0.0376900887     0.0125000756   0.000499073849   6.23046068e-07      0.999997539        2.0058803       1.00293768            0.025  0.000624461818  0.000624463299  2
     0.0126900887     0.0125000756   0.000499073856   6.23047416e-07      0.999997539       2.00588031       1.00293768            0.025  0.000624461818  0.000624463413  1
