title='particle position' 
variables=x, y, Ux, Uy, rho, e, p, h=supportlength/2, m, V, ID 
    0.00572372262      0.987499133     0.0395010311  -2.37408628e-06      0.999941086       2.01093611       1.00540882            0.025  0.000624461818  0.000624501835  80
     0.0307237226      0.987499133     0.0395010312  -2.37405205e-06      0.999941086       2.01093618       1.00540885            0.025  0.000624461818  0.000624495339  79
    0.00523042195      0.962498189     0.0385007961   -4.3667977e-06      0.999959338       2.00961212        1.0047652            0.025  0.000624461818  0.000624491015  78
     0.0302304219      0.962498189     0.0385007962  -4.36679211e-06      0.999959338       2.00961219       1.00476524            0.025  0.000624461818  0.000624483411  77
    0.00473956292      0.937497588     0.0375005852  -5.63526256e-06      0.999969562       2.00908138       1.00451012            0.025  0.000624461818  0.000624484531  76
     0.0297395629      0.937497588     0.0375005852  -5.63526698e-06      0.999969562       2.00908145       1.00451015            0.025  0.000624461818  0.000624477124  75
    0.00425109832      0.912497144     0.0365003888   -6.5674229e-06       0.99997498       2.00874044       1.00434509            0.025  0.000624461818  0.000624481049  74
     0.0292510983      0.912497144     0.0365003888  -6.56742795e-06       0.99997498        2.0087405       1.00434512            0.025  0.000624461818  0.00062447384  73
    0.00376496432      0.887496806     0.0355002068  -7.27559162e-06      0.999978782       2.00848938       1.00422338            0.025  0.000624461818  0.000624478576  72
     0.0287649643      0.887496806     0.0355002068  -7.27559631e-06      0.999978782       2.00848944       1.00422341            0.025  0.000624461818  0.000624471564  71
     0.0032810969      0.862496546     0.0345000382  -7.81637787e-06      0.999981708       2.00829132       1.00412729            0.025  0.000624461818  0.00062447665  70
     0.0282810969      0.862496546     0.0345000382  -7.81638221e-06      0.999981708       2.00829139       1.00412733            0.025  0.000624461818  0.000624469836  69
    0.00279943211      0.837496348     0.0334998822    -8.224544e-06       0.99998407       2.00812851       1.00404826            0.025  0.000624461818  0.000624475076  68
     0.0277994321      0.837496348     0.0334998821  -8.22454808e-06       0.99998407       2.00812857       1.00404829            0.025  0.000624461818  0.000624468459  67
      0.002319906      0.812496201      0.032499738  -8.52379989e-06      0.999986038       2.00799095       1.00398146            0.025  0.000624461818  0.000624473748  66
      0.027319906      0.812496201      0.032499738  -8.52380381e-06      0.999986038       2.00799102       1.00398149            0.025  0.000624461818  0.000624467329  65
    0.00184245467      0.787496096     0.0314996051  -8.73143675e-06       0.99998771       2.00787249       1.00392391            0.025  0.000624461818  0.000624472605  64
     0.0268424547      0.787496096     0.0314996051  -8.73144078e-06       0.99998771       2.00787256       1.00392394            0.025  0.000624461818  0.000624466384  63
    0.00136701421      0.762496028      0.030499483  -8.86066966e-06      0.999989154       2.00776903       1.00387363            0.025  0.000624461818  0.000624471605  62
     0.0263670142      0.762496028      0.030499483  -8.86067546e-06      0.999989154        2.0077691       1.00387366            0.025  0.000624461818  0.000624465581  61
   0.000893520752      0.737495991     0.0294993712  -8.92195263e-06      0.999990413       2.00767772       1.00382924            0.025  0.000624461818  0.000624470719  60
     0.0258935207      0.737495991     0.0294993712  -8.92197113e-06      0.999990413       2.00767779       1.00382927            0.025  0.000624461818  0.000624464893  59
   0.000421910411      0.712495981     0.0284992701  -8.92377439e-06      0.999991522       2.00759649       1.00378973            0.025  0.000624461818  0.000624469962  58
     0.0254219104      0.712495981     0.0284992697  -8.92384321e-06      0.999991522       2.00759656       1.00378977            0.025  0.000624461818  0.000624465187  57
     0.0499521193      0.687495996     0.0274991775   -8.8732406e-06      0.999992504       2.00752377       1.00375436            0.025  0.000624461818  0.00062446375  56
     0.0249521193      0.687495996     0.0274991771  -8.87330656e-06      0.999992504       2.00752384        1.0037544            0.025  0.000624461818  0.000624468297  55
     0.0494840836      0.662496031      0.026499093  -8.77631472e-06      0.999993378       2.00745837       1.00372254            0.025  0.000624461818  0.000624463338  54
     0.0244840836      0.662496031     0.0264990929  -8.77632726e-06      0.999993378       2.00745844       1.00372257            0.025  0.000624461818  0.000624468572  53
     0.0490177394      0.637496086      0.025499018  -8.63806264e-06      0.999994159       2.00739932        1.0036938            0.025  0.000624461818  0.000624462949  52
     0.0240177394      0.637496086      0.025499018   -8.6380618e-06      0.999994159       2.00739939       1.00369383            0.025  0.000624461818  0.000624467985  51
      0.048553023      0.612496157     0.0244989512   -8.4629295e-06      0.999994859       2.00734588       1.00366778            0.025  0.000624461818  0.000624462611  50
      0.023553023      0.612496157     0.0244989512  -8.46292672e-06      0.999994859       2.00734594       1.00366781            0.025  0.000624461818  0.000624467449  49
     0.0480898703      0.587496244     0.0234988923  -8.25479903e-06      0.999995487        2.0072974       1.00364417            0.025  0.000624461818  0.000624462317  48
     0.0230898703      0.587496244     0.0234988923  -8.25479602e-06      0.999995487       2.00729746        1.0036442            0.025  0.000624461818  0.000624466958  47
     0.0476282176      0.562496344     0.0224988409  -8.01709511e-06      0.999996053       2.00725336       1.00362272            0.025  0.000624461818  0.000624462063  46
     0.0226282176      0.562496344     0.0224988409   -8.0170921e-06      0.999996053       2.00725342       1.00362275            0.025  0.000624461818  0.000624466506  45
     0.0471680011      0.537496455     0.0214987967  -7.75285931e-06      0.999996561       2.00721334       1.00360322            0.025  0.000624461818  0.000624461844  44
     0.0221680011      0.537496455     0.0214987967  -7.75285632e-06      0.999996561       2.00721339       1.00360325            0.025  0.000624461818  0.00062446609  43
     0.0467091568      0.512496578     0.0204987592  -7.46480916e-06      0.999997019       2.00717694       1.00358548            0.025  0.000624461818  0.000624461657  42
     0.0217091568      0.512496578     0.0204987592   -7.4648062e-06      0.999997019       2.00717699        1.0035855            0.025  0.000624461818  0.000624465705  41
      0.046251621       0.48749671     0.0194987282  -7.15538402e-06      0.999997432       2.00714384       1.00356934            0.025  0.000624461818  0.000624461498  40
      0.021251621       0.48749671     0.0194987282   -7.1553811e-06      0.999997432       2.00714389       1.00356937            0.025  0.000624461818  0.000624465349  39
     0.0457953299       0.46249685     0.0184987033  -6.82678186e-06      0.999997803       2.00711376       1.00355468            0.025  0.000624461818  0.000624461365  38
     0.0207953299       0.46249685     0.0184987033  -6.82677896e-06      0.999997803       2.00711381        1.0035547            0.025  0.000624461818  0.000624465018  37
     0.0453402194      0.437496998     0.0174986841  -6.48098914e-06      0.999998137       2.00708645       1.00354136            0.025  0.000624461818  0.000624461255  36
     0.0203402195      0.437496998     0.0174986842  -6.48098627e-06      0.999998137        2.0070865       1.00354138            0.025  0.000624461818  0.000624464711  35
      0.044886226      0.412497153     0.0164986704  -6.11980559e-06      0.999998436       2.00706169       1.00352927            0.025  0.000624461818  0.000624461167  34
      0.019886226      0.412497153     0.0164986705  -6.11980274e-06      0.999998436       2.00706173        1.0035293            0.025  0.000624461818  0.000624464425  33
     0.0444332856      0.387497314     0.0154986618  -5.74486482e-06      0.999998705       2.00703927       1.00351834            0.025  0.000624461818  0.000624461098  32
     0.0194332856      0.387497314     0.0154986618  -5.74486199e-06      0.999998705       2.00703931       1.00351836            0.025  0.000624461818  0.000624464159  31
     0.0439813345      0.362497481      0.014498658  -5.35765187e-06      0.999998945       2.00701903       1.00350846            0.025  0.000624461818  0.000624461047  30
     0.0189813345      0.362497481      0.014498658  -5.35764906e-06      0.999998945       2.00701906       1.00350847            0.025  0.000624461818  0.00062446391  29
     0.0435303088      0.337497652     0.0134986586  -4.95951821e-06       0.99999916       2.00700079       1.00349955            0.025  0.000624461818  0.000624461011  28
     0.0185303088      0.337497652     0.0134986586  -4.95951542e-06       0.99999916       2.00700083       1.00349957            0.025  0.000624461818  0.000624463677  27
     0.0430801447      0.312497828     0.0124986634  -4.55169497e-06       0.99999935       2.00698443       1.00349156            0.025  0.000624461818  0.000624460991  26
     0.0180801447      0.312497828     0.0124986634   -4.5516922e-06       0.99999935       2.00698446       1.00349158            0.025  0.000624461818  0.00062446346  25
     0.0426307784      0.287498007     0.0114986719  -4.13530451e-06      0.999999519        2.0069698       1.00348442            0.025  0.000624461818  0.000624460984  24
     0.0176307784      0.287498007     0.0114986719  -4.13530175e-06      0.999999519       2.00696983       1.00348443            0.025  0.000624461818  0.000624463255  23
     0.0421821461       0.26249819     0.0104986839  -3.71137094e-06      0.999999668       2.00695678       1.00347806            0.025  0.000624461818  0.00062446099  22
     0.0171821461       0.26249819     0.0104986839  -3.71136819e-06      0.999999668       2.00695681       1.00347807            0.025  0.000624461818  0.000624463063  21
     0.0417341838      0.237498375    0.00949869907  -3.28082973e-06      0.999999799       2.00694528       1.00347244            0.025  0.000624461818  0.000624461007  20
     0.0167341838      0.237498375    0.00949869909    -3.280827e-06      0.999999799       2.00694531       1.00347245            0.025  0.000624461818  0.000624462883  19
     0.0412868279      0.212498563    0.00849871709  -2.84453663e-06      0.999999913        2.0069352       1.00346751            0.025  0.000624461818  0.000624461035  18
     0.0162868279      0.212498563     0.0084987171  -2.84453391e-06      0.999999913       2.00693522       1.00346752            0.025  0.000624461818  0.000624462713  17
     0.0408400144      0.187498753    0.00749873762  -2.40327607e-06       1.00000001       2.00692645       1.00346324            0.025  0.000624461818  0.000624461072  16
     0.0158400144      0.187498753    0.00749873763  -2.40327336e-06       1.00000001       2.00692647       1.00346325            0.025  0.000624461818  0.000624462553  15
     0.0403936795      0.162498945    0.00649876036  -1.95776923e-06       1.00000009       2.00691896       1.00345957            0.025  0.000624461818  0.000624461119  14
     0.0153936795      0.162498945    0.00649876037  -1.95776652e-06       1.00000009       2.00691897       1.00345958            0.025  0.000624461818  0.000624462402  13
     0.0399477594      0.137499139    0.00549878499  -1.50868178e-06       1.00000016       2.00691266       1.00345649            0.025  0.000624461818  0.000624461174  12
     0.0149477594      0.137499139      0.005498785  -1.50867908e-06       1.00000016       2.00691267        1.0034565            0.025  0.000624461818  0.00062446226  11
     0.0395021903      0.112499333    0.00449881119  -1.05663153e-06       1.00000022       2.00690749       1.00345397            0.025  0.000624461818  0.000624461236  10
     0.0145021903      0.112499333    0.00449881121  -1.05662883e-06       1.00000022        2.0069075       1.00345397            0.025  0.000624461818  0.000624462125  9
     0.0390569083     0.0874995291    0.00349883866  -6.02195848e-07       1.00000027       2.00690341       1.00345198            0.025  0.000624461818  0.000624461307  8
     0.0140569083     0.0874995291    0.00349883868  -6.02193164e-07       1.00000027       2.00690342       1.00345198            0.025  0.000624461818  0.000624461998  7
     0.0386118497     0.0624997257    0.00249886708  -1.45919098e-07        1.0000003       2.00690039        1.0034505            0.025  0.000624461818  0.000624461384  6
     0.0136118497     0.0624997257    0.00249886709  -1.45916454e-07        1.0000003        2.0069004        1.0034505            0.025  0.000624461818  0.000624461878  5
     0.0381669505     0.0374999228    0.00149889613   3.11683702e-07       1.00000033       2.00689839       1.00344952            0.025  0.000624461818  0.000624461467  4
     0.0131669505     0.0374999228    0.00149889614   3.11686109e-07       1.00000033       2.00689839       1.00344953            0.025  0.000624461818  0.000624461763  3
     0.0377221478     0.0125001204    0.00049893057   7.71105264e-07      0.999995295       2.00688478       1.00343767            0.025  0.000624461818  0.0006244647  2
     0.0127221478     0.0125001204   0.000498930577    7.7110684e-07      0.999995295       2.00688478       1.00343767            0.025  0.000624461818  0.000624464815  1
