title='particle position' 
variables=x, y, Ux, Uy, rho, e, p, h=supportlength/2, m, V, ID 
     0.0458103608      0.987499662     0.0395004818  -1.84541044e-06      0.999976424       2.00703627       1.00349448            0.025  0.000624461818  0.000624473282  80
     0.0208103608      0.987499662     0.0395004817  -1.84542634e-06      0.999976424       2.00703634       1.00349451            0.025  0.000624461818  0.000624479778  79
     0.0455680805      0.962499229     0.0385002874  -3.92845584e-06      0.999983434       2.00569409       1.00283043            0.025  0.000624461818  0.000624468362  78
     0.0205680805      0.962499229     0.0385002873  -3.92845685e-06      0.999983434       2.00569416       1.00283047            0.025  0.000624461818  0.000624475967  77
     0.0453282363      0.937498955      0.037500112  -5.26668701e-06      0.999988151       2.00515796        1.0025671            0.025  0.000624461818  0.000624465515  76
     0.0203282363      0.937498955      0.037500112  -5.26668416e-06      0.999988151       2.00515802       1.00256713            0.025  0.000624461818  0.000624472922  75
     0.0450907831      0.912498753     0.0364999497  -6.26026211e-06       0.99999064       2.00481418       1.00239771            0.025  0.000624461818  0.000624464059  74
     0.0200907832      0.912498753     0.0364999497  -6.26025913e-06       0.99999064       2.00481424       1.00239774            0.025  0.000624461818  0.000624471269  73
     0.0448556571      0.887498599     0.0354998003  -7.02376136e-06      0.999992383       2.00456115       1.00227294            0.025  0.000624461818  0.00062446307  72
     0.0198556571      0.887498599     0.0354998003  -7.02375866e-06      0.999992383       2.00456121       1.00227297            0.025  0.000624461818  0.000624470082  71
     0.0446227945      0.862498482     0.0344996632  -7.61511484e-06      0.999993719        2.0043616       1.00217451            0.025  0.000624461818  0.000624462334  70
     0.0196227945      0.862498482     0.0344996632  -7.61511238e-06      0.999993719       2.00436165       1.00217453            0.025  0.000624461818  0.000624469149  69
     0.0443921314      0.837498392     0.0334995377   -8.0699244e-06      0.999994794       2.00419759       1.00209358            0.025  0.000624461818  0.000624461762  68
     0.0193921314      0.837498392     0.0334995377  -8.06992212e-06      0.999994794       2.00419764        1.0020936            0.025  0.000624461818  0.000624468379  67
     0.0441636041      0.812498325     0.0324994234  -8.41248496e-06      0.999995686       2.00405904        1.0020252            0.025  0.000624461818  0.000624461303  66
     0.0191636041      0.812498325     0.0324994234  -8.41248282e-06      0.999995686       2.00405909       1.00202522            0.025  0.000624461818  0.000624467723  65
     0.0439371489      0.787498278     0.0314993199  -8.66052238e-06      0.999996441       2.00393975       1.00196631            0.025  0.000624461818  0.00062446093  64
     0.0189371489      0.787498278     0.0314993199  -8.66052035e-06      0.999996441       2.00393979       1.00196633            0.025  0.000624461818  0.000624467152  63
     0.0437127018      0.762498247     0.0304992266  -8.82759059e-06      0.999997091       2.00383558       1.00191487            0.025  0.000624461818  0.000624460624  62
     0.0187127018      0.762498247     0.0304992267  -8.82758865e-06      0.999997091       2.00383561       1.00191489            0.025  0.000624461818  0.000624466648  61
     0.0434901993       0.73749823     0.0294991433  -8.92442079e-06      0.999997655       2.00374365       1.00186947            0.025  0.000624461818  0.00062446037  60
     0.0184901993       0.73749823     0.0294991434  -8.92441894e-06      0.999997655       2.00374369       1.00186949            0.025  0.000624461818  0.000624466197  59
     0.0432695774      0.712498225     0.0284990696  -8.95974089e-06       0.99999815       2.00366187       1.00182908            0.025  0.000624461818  0.00062446016  58
     0.0182695774      0.712498225     0.0284990696  -8.95973911e-06       0.99999815       2.00366191        1.0018291            0.025  0.000624461818  0.000624465789  57
     0.0430507724      0.687498231     0.0274990051  -8.94080253e-06      0.999998586       2.00358868       1.00179292            0.025  0.000624461818  0.000624459986  56
     0.0180507724      0.687498231     0.0274990051   -8.9408008e-06      0.999998586       2.00358872       1.00179294            0.025  0.000624461818  0.000624465418  55
     0.0428337206      0.662498246     0.0264989493  -8.87373567e-06      0.999998973       2.00352286        1.0017604            0.025  0.000624461818  0.000624459844  54
     0.0178337206      0.662498246     0.0264989493    -8.873734e-06      0.999998973       2.00352289       1.00176041            0.025  0.000624461818  0.000624465078  53
     0.0426183581      0.637498269     0.0254989021    -8.763796e-06      0.999999317       2.00346344       1.00173104            0.025  0.000624461818  0.000624459727  52
     0.0176183581      0.637498269     0.0254989021  -8.76379438e-06      0.999999317       2.00346347       1.00173105            0.025  0.000624461818  0.000624464764  51
     0.0424046213        0.6124983     0.0244988629  -8.61554275e-06      0.999999624       2.00340966       1.00170445            0.025  0.000624461818  0.000624459634  50
     0.0174046213        0.6124983     0.0244988629  -8.61554118e-06      0.999999624       2.00340969       1.00170447            0.025  0.000624461818  0.000624464474  49
     0.0421924464      0.587498338     0.0234988316  -8.43296977e-06      0.999999898       2.00336089       1.00168034            0.025  0.000624461818  0.000624459562  48
     0.0171924464      0.587498338     0.0234988316  -8.43296825e-06      0.999999898       2.00336091       1.00168035            0.025  0.000624461818  0.000624464203  47
     0.0419817696      0.562498381     0.0224988077  -8.21960429e-06       1.00000014       2.00331659       1.00165844            0.025  0.000624461818  0.000624459507  46
     0.0169817696      0.562498381     0.0224988077   -8.2196028e-06       1.00000014       2.00331662       1.00165845            0.025  0.000624461818  0.000624463951  45
     0.0417725271      0.537498429     0.0214987908  -7.97858267e-06       1.00000036       2.00327633       1.00163853            0.025  0.000624461818  0.000624459468  44
     0.0167725271      0.537498429     0.0214987909  -7.97858122e-06       1.00000036       2.00327635       1.00163854            0.025  0.000624461818  0.000624463715  43
     0.0415646552      0.512498482     0.0204987808  -7.71270956e-06       1.00000056       2.00323972       1.00162042            0.025  0.000624461818  0.000624459444  42
     0.0165646552      0.512498482     0.0204987808  -7.71270815e-06       1.00000056       2.00323974       1.00162043            0.025  0.000624461818  0.000624463493  41
     0.0413580901      0.487498539     0.0194987772  -7.42450476e-06       1.00000074       2.00320643       1.00160396            0.025  0.000624461818  0.000624459432  40
     0.0163580901      0.487498539     0.0194987772  -7.42450337e-06       1.00000074       2.00320646       1.00160397            0.025  0.000624461818  0.000624463284  39
     0.0411527681        0.4624986     0.0184987797  -7.11624083e-06        1.0000009       2.00317619       1.00158899            0.025  0.000624461818  0.000624459432  38
     0.0161527681        0.4624986     0.0184987797  -7.11623947e-06        1.0000009       2.00317621         1.001589            0.025  0.000624461818  0.000624463086  37
     0.0409486255      0.437498663      0.017498788  -6.78997381e-06       1.00000104       2.00314873       1.00157541            0.025  0.000624461818  0.000624459442  36
     0.0159486255      0.437498663      0.017498788  -6.78997247e-06       1.00000104       2.00314875       1.00157542            0.025  0.000624461818  0.000624462898  35
     0.0407455984       0.41249873     0.0164988017  -6.44756846e-06       1.00000117       2.00312383       1.00156308            0.025  0.000624461818  0.000624459461  34
     0.0157455984       0.41249873     0.0164988017  -6.44756715e-06       1.00000117       2.00312385       1.00156309            0.025  0.000624461818  0.00062446272  33
     0.0405436231      0.387498799     0.0154988206  -6.09071946e-06       1.00000128        2.0031013       1.00155193            0.025  0.000624461818  0.00062445949  32
     0.0155436231      0.387498799     0.0154988206  -6.09071817e-06       1.00000128       2.00310132       1.00155194            0.025  0.000624461818  0.000624462551  31
     0.0403426359      0.362498871     0.0144988443  -5.72096933e-06       1.00000138       2.00308095       1.00154186            0.025  0.000624461818  0.000624459525  30
     0.0153426359      0.362498871     0.0144988443  -5.72096806e-06       1.00000138       2.00308097       1.00154187            0.025  0.000624461818  0.000624462389  29
      0.040142573      0.337498945     0.0134988724  -5.33972383e-06       1.00000147       2.00306263       1.00153279            0.025  0.000624461818  0.000624459568  28
      0.015142573      0.337498945     0.0134988724  -5.33972258e-06       1.00000147       2.00306264       1.00153279            0.025  0.000624461818  0.000624462234  27
     0.0399433706       0.31249902     0.0124989047  -4.94826546e-06       1.00000155       2.00304618       1.00152464            0.025  0.000624461818  0.000624459617  26
     0.0149433706       0.31249902     0.0124989047  -4.94826423e-06       1.00000155       2.00304619       1.00152465            0.025  0.000624461818  0.000624462086  25
     0.0397449651      0.287499097     0.0114989409  -4.54776535e-06       1.00000162       2.00303148       1.00151736            0.025  0.000624461818  0.000624459672  24
     0.0147449651      0.287499097     0.0114989409  -4.54776413e-06       1.00000162       2.00303149       1.00151737            0.025  0.000624461818  0.000624461944  23
     0.0395472927      0.262499175     0.0104989805  -4.13929401e-06       1.00000168        2.0030184       1.00151089            0.025  0.000624461818  0.000624459733  22
     0.0145472927      0.262499175     0.0104989805  -4.13929281e-06       1.00000168       2.00301842       1.00151089            0.025  0.000624461818  0.000624461807  21
     0.0393502895      0.237499254    0.00949902337   -3.7238312e-06       1.00000173       2.00300685       1.00150516            0.025  0.000624461818  0.000624459798  20
     0.0143502895      0.237499254    0.00949902339     -3.72383e-06       1.00000173       2.00300686       1.00150517            0.025  0.000624461818  0.000624461674  19
     0.0391538919      0.212499335    0.00849906909    -3.302275e-06       1.00000178       2.00299672       1.00150014            0.025  0.000624461818  0.000624459868  18
     0.0141538919      0.212499335     0.0084990691  -3.30227382e-06       1.00000178       2.00299673       1.00150015            0.025  0.000624461818  0.000624461546  17
     0.0389580362      0.187499416    0.00749911736   -2.8754505e-06       1.00000182       2.00298793       1.00149579            0.025  0.000624461818  0.000624459941  16
     0.0139580362      0.187499416    0.00749911738  -2.87544933e-06       1.00000182       2.00298794       1.00149579            0.025  0.000624461818  0.000624461423  15
     0.0387626585      0.162499498    0.00649916787  -2.44411799e-06       1.00000185        2.0029804       1.00149206            0.025  0.000624461818  0.000624460019  14
     0.0137626585      0.162499498    0.00649916788  -2.44411683e-06       1.00000185       2.00298041       1.00149206            0.025  0.000624461818  0.000624461303  13
     0.0385676951       0.13749958    0.00549922028  -2.00898093e-06       1.00000188       2.00297407       1.00148892            0.025  0.000624461818  0.0006244601  12
     0.0135676951       0.13749958     0.0054992203  -2.00897977e-06       1.00000188       2.00297408       1.00148892            0.025  0.000624461818  0.000624461186  11
     0.0383730823      0.112499663     0.0044992743  -1.57069375e-06       1.00000191       2.00296888       1.00148635            0.025  0.000624461818  0.000624460184  10
     0.0133730823      0.112499663    0.00449927432   -1.5706926e-06       1.00000191       2.00296889       1.00148635            0.025  0.000624461818  0.000624461073  9
     0.0381787564     0.0874997469    0.00349932959   -1.1298695e-06       1.00000192       2.00296479       1.00148432            0.025  0.000624461818  0.000624460271  8
     0.0131787564     0.0874997469    0.00349932961  -1.12986835e-06       1.00000192       2.00296479       1.00148432            0.025  0.000624461818  0.000624460963  7
     0.0379846535     0.0624998306    0.00249938585  -6.87087397e-07       1.00000194       2.00296175       1.00148282            0.025  0.000624461818  0.000624460362  6
     0.0129846535     0.0624998306    0.00249938586   -6.8708627e-07       1.00000194       2.00296175       1.00148282            0.025  0.000624461818  0.000624460855  5
     0.0377907099     0.0374999146    0.00149944274  -2.42900076e-07       1.00000195       2.00295974       1.00148182            0.025  0.000624461818  0.000624460454  4
     0.0127907099     0.0374999146    0.00149944276   -2.4289905e-07       1.00000195       2.00295974       1.00148182            0.025  0.000624461818  0.000624460751  3
     0.0375968621     0.0124999988   0.000499500896   2.02367089e-07       1.00000102       2.00295636       1.00147921            0.025  0.000624461818  0.000624461122  2
     0.0125968621     0.0124999988   0.000499500903   2.02367768e-07       1.00000102       2.00295636       1.00147921            0.025  0.000624461818  0.000624461237  1
