title='particle position' 
variables=x, y, Ux, Uy, rho, e, p, h=supportlength/2, m, V, ID 
     0.0472378974      0.987499594     0.0395005626  -1.91985044e-06      0.999971786       2.00759857       1.00377096            0.025  0.000624461818  0.000624476177  80
     0.0222378974      0.987499594     0.0395005626  -1.91986897e-06      0.999971786       2.00759865         1.003771            0.025  0.000624461818  0.000624482672  79
     0.0469594703      0.962499086      0.038500362  -3.98987231e-06      0.999980214       2.00625852       1.00310941            0.025  0.000624461818  0.000624470373  78
     0.0219594703      0.962499086     0.0385003619  -3.98987404e-06      0.999980214        2.0062586       1.00310945            0.025  0.000624461818  0.000624477978  77
       0.04668348      0.937498764     0.0375001813  -5.31804594e-06      0.999985733       2.00572317       1.00284728            0.025  0.000624461818  0.000624467025  76
       0.02168348      0.937498764     0.0375001813  -5.31804303e-06      0.999985733       2.00572324       1.00284731            0.025  0.000624461818  0.000624474432  75
     0.0464098812      0.912498526      0.036500014  -6.30278029e-06      0.999988649       2.00537981       1.00267852            0.025  0.000624461818  0.000624465303  74
     0.0214098812      0.912498526      0.036500014  -6.30277712e-06      0.999988649       2.00537987       1.00267856            0.025  0.000624461818  0.000624472513  73
       0.04613861      0.887498345     0.0354998598  -7.05832709e-06      0.999990691       2.00512707        1.0025542            0.025  0.000624461818  0.000624464126  72
       0.02113861      0.887498345     0.0354998598  -7.05832418e-06      0.999990691       2.00512713       1.00255423            0.025  0.000624461818  0.000624471138  71
     0.0458696026      0.862498206      0.034499718  -7.64242411e-06      0.999992259       2.00492773       1.00245611            0.025  0.000624461818  0.000624463246  70
     0.0208696026      0.862498206      0.034499718  -7.64242144e-06      0.999992259       2.00492779       1.00245614            0.025  0.000624461818  0.000624470061  69
     0.0456027952        0.8374981      0.033499588  -8.09055088e-06      0.999993522       2.00476389       1.00237545            0.025  0.000624461818  0.000624462556  68
     0.0206027952        0.8374981     0.0334995881  -8.09054838e-06      0.999993522       2.00476395       1.00237548            0.025  0.000624461818  0.000624469173  67
      0.045338124      0.812498021     0.0324994694  -8.42691702e-06      0.999994571       2.00462549       1.00230731            0.025  0.000624461818  0.000624462  66
     0.0203381241      0.812498021     0.0324994694  -8.42691466e-06      0.999994571       2.00462555       1.00230733            0.025  0.000624461818  0.000624468419  65
     0.0450755253      0.787497965     0.0314993615  -8.66918502e-06       0.99999546       2.00450632       1.00224861            0.025  0.000624461818  0.000624461543  64
     0.0200755253      0.787497965     0.0314993615  -8.66918277e-06       0.99999546       2.00450637       1.00224863            0.025  0.000624461818  0.000624467765  63
     0.0448149351      0.762497928      0.030499264  -8.83085948e-06      0.999996225       2.00440225       1.00219734            0.025  0.000624461818  0.000624461164  62
     0.0198149351      0.762497928      0.030499264  -8.83085732e-06      0.999996225        2.0044023       1.00219737            0.025  0.000624461818  0.000624467189  61
     0.0445562897      0.737497907     0.0294991765  -8.92263185e-06      0.999996891       2.00431042       1.00215209            0.025  0.000624461818  0.000624460847  60
     0.0195562897      0.737497907     0.0294991765  -8.92262977e-06      0.999996891       2.00431046       1.00215211            0.025  0.000624461818  0.000624466674  59
     0.0442995254      0.712497901     0.0284990986  -8.95319706e-06      0.999997475       2.00422872       1.00211183            0.025  0.000624461818  0.000624460581  58
     0.0192995254      0.712497901     0.0284990986  -8.95319505e-06      0.999997475       2.00422876       1.00211185            0.025  0.000624461818  0.00062446621  57
     0.0440445783      0.687497908       0.02749903   -8.9297788e-06      0.999997991        2.0041556       1.00207579            0.025  0.000624461818  0.000624460358  56
     0.0190445783      0.687497908       0.02749903  -8.92977686e-06      0.999997991       2.00415564       1.00207581            0.025  0.000624461818  0.000624465789  55
     0.0437913847      0.662497925     0.0264989701  -8.85848294e-06      0.999998449       2.00408983       1.00204336            0.025  0.000624461818  0.000624460171  54
     0.0187913848      0.662497925     0.0264989701  -8.85848105e-06      0.999998449       2.00408987       1.00204338            0.025  0.000624461818  0.000624465405  53
     0.0435398808      0.637497953     0.0254989188  -8.74454403e-06      0.999998857       2.00403047       1.00201409            0.025  0.000624461818  0.000624460015  52
     0.0185398808      0.637497953     0.0254989188   -8.7445422e-06      0.999998857       2.00403051       1.00201411            0.025  0.000624461818  0.000624465051  51
     0.0432900029      0.612497989     0.0244988756  -8.59250255e-06      0.999999221       2.00397674       1.00198759            0.025  0.000624461818  0.000624459886  50
     0.0182900029      0.612497989     0.0244988756  -8.59250076e-06      0.999999221       2.00397678       1.00198761            0.025  0.000624461818  0.000624464725  49
      0.043041687      0.587498033     0.0234988402  -8.40633553e-06      0.999999548       2.00392801       1.00196355            0.025  0.000624461818  0.000624459781  48
      0.018041687      0.587498033     0.0234988402  -8.40633378e-06      0.999999548       2.00392805       1.00196357            0.025  0.000624461818  0.000624464422  47
     0.0427948696      0.562498084     0.0224988123  -8.18955497e-06       0.99999984       2.00388376       1.00194172            0.025  0.000624461818  0.000624459697  46
     0.0177948696      0.562498084     0.0224988123  -8.18955326e-06       0.99999984       2.00388379       1.00194173            0.025  0.000624461818  0.000624464141  45
     0.0425494867      0.537498141     0.0214987914  -7.94528336e-06        1.0000001       2.00384353       1.00192187            0.025  0.000624461818  0.000624459632  44
     0.0175494867      0.537498141     0.0214987914  -7.94528169e-06        1.0000001       2.00384356       1.00192188            0.025  0.000624461818  0.000624463878  43
     0.0423054747      0.512498204     0.0204987774  -7.67631259e-06       1.00000034       2.00380695       1.00190381            0.025  0.000624461818  0.000624459583  42
     0.0173054747      0.512498204     0.0204987774  -7.67631095e-06       1.00000034       2.00380698       1.00190383            0.025  0.000624461818  0.000624463632  41
     0.0420627697      0.487498271     0.0194987698  -7.38515068e-06       1.00000055       2.00377369        1.0018874            0.025  0.000624461818  0.00062445955  40
     0.0170627697      0.487498271     0.0194987698  -7.38514907e-06       1.00000055       2.00377372       1.00188741            0.025  0.000624461818  0.000624463401  39
     0.0418213081      0.462498343     0.0184987682  -7.07405927e-06       1.00000074       2.00374347       1.00187248            0.025  0.000624461818  0.00062445953  38
     0.0168213081      0.462498343     0.0184987683  -7.07405769e-06       1.00000074        2.0037435       1.00187249            0.025  0.000624461818  0.000624463184  37
     0.0415810259      0.437498419     0.0174987725   -6.7450842e-06       1.00000091       2.00371603       1.00185893            0.025  0.000624461818  0.000624459523  36
     0.0165810259      0.437498419     0.0174987725  -6.74508264e-06       1.00000091       2.00371606       1.00185894            0.025  0.000624461818  0.000624462979  35
     0.0413418596      0.412498498     0.0164987822  -6.40008069e-06       1.00000106       2.00369116       1.00184664            0.025  0.000624461818  0.000624459527  34
     0.0163418596      0.412498498     0.0164987823  -6.40007916e-06       1.00000106       2.00369118       1.00184665            0.025  0.000624461818  0.000624462785  33
     0.0411037452       0.38749858     0.0154987971  -6.04073448e-06        1.0000012       2.00366864       1.00183552            0.025  0.000624461818  0.00062445954  32
     0.0161037452       0.38749858     0.0154987971  -6.04073297e-06        1.0000012       2.00366866       1.00183553            0.025  0.000624461818  0.000624462602  31
     0.0408666191      0.362498665     0.0144988167  -5.66857964e-06       1.00000132       2.00364831       1.00182548            0.025  0.000624461818  0.000624459563  30
     0.0158666191      0.362498665     0.0144988167  -5.66857815e-06       1.00000132       2.00364833       1.00182549            0.025  0.000624461818  0.000624462427  29
     0.0406304175      0.337498753     0.0134988409  -5.28501399e-06       1.00000143          2.00363       1.00181643            0.025  0.000624461818  0.000624459595  28
     0.0156304175      0.337498753     0.0134988409  -5.28501251e-06       1.00000143       2.00363001       1.00181644            0.025  0.000624461818  0.000624462261  27
     0.0403950765      0.312498842     0.0124988691  -4.89131245e-06       1.00000152       2.00361356       1.00180831            0.025  0.000624461818  0.000624459634  26
     0.0153950765      0.312498842     0.0124988691  -4.89131099e-06       1.00000152       2.00361358       1.00180831            0.025  0.000624461818  0.000624462103  25
     0.0401605325      0.287498933     0.0114989012    -4.488639e-06       1.00000161       2.00359887       1.00180105            0.025  0.000624461818  0.00062445968  24
     0.0151605326      0.287498933     0.0114989013  -4.48863756e-06       1.00000161       2.00359889       1.00180105            0.025  0.000624461818  0.000624461951  23
     0.0399267218      0.262499026     0.0104989369  -4.07805735e-06       1.00000168       2.00358581       1.00179459            0.025  0.000624461818  0.000624459732  22
     0.0149267218      0.262499026     0.0104989369  -4.07805593e-06       1.00000168       2.00358582       1.00179459            0.025  0.000624461818  0.000624461806  21
     0.0396935804      0.237499121    0.00949897566  -3.66054073e-06       1.00000175       2.00357426       1.00178888            0.025  0.000624461818  0.00062445979  20
     0.0146935804      0.237499121    0.00949897567  -3.66053932e-06       1.00000175       2.00357427       1.00178889            0.025  0.000624461818  0.000624461666  19
     0.0394610447      0.212499216    0.00849901733  -3.23698101e-06        1.0000018       2.00356414       1.00178387            0.025  0.000624461818  0.000624459854  18
     0.0144610447      0.212499216    0.00849901734  -3.23697961e-06        1.0000018       2.00356415       1.00178388            0.025  0.000624461818  0.000624461532  17
     0.0392290509      0.187499313    0.00749906154  -2.80819729e-06       1.00000185       2.00355535       1.00177953            0.025  0.000624461818  0.000624459922  16
     0.0142290509      0.187499313    0.00749906156  -2.80819589e-06       1.00000185       2.00355536       1.00177954            0.025  0.000624461818  0.000624461403  15
     0.0389975353      0.162499411    0.00649910799  -2.37494409e-06       1.00000189       2.00354783       1.00177581            0.025  0.000624461818  0.000624459995  14
     0.0139975353      0.162499411    0.00649910801  -2.37494271e-06       1.00000189       2.00354784       1.00177582            0.025  0.000624461818  0.000624461279  13
     0.0387664341      0.137499509    0.00549915635  -1.93791933e-06       1.00000193        2.0035415       1.00177268            0.025  0.000624461818  0.000624460072  12
     0.0137664341      0.137499509    0.00549915637  -1.93791795e-06       1.00000193       2.00354151       1.00177269            0.025  0.000624461818  0.000624461158  11
     0.0385356835      0.112499608    0.00449920631  -1.49777204e-06       1.00000196       2.00353632       1.00177012            0.025  0.000624461818  0.000624460153  10
     0.0135356835      0.112499608    0.00449920632  -1.49777067e-06       1.00000196       2.00353632       1.00177012            0.025  0.000624461818  0.000624461042  9
     0.0383052197     0.0874997074    0.00349925754     -1.05511e-06       1.00000198       2.00353223       1.00176809            0.025  0.000624461818  0.000624460238  8
     0.0133052198     0.0874997074    0.00349925755  -1.05510863e-06       1.00000198       2.00353223        1.0017681            0.025  0.000624461818  0.000624460929  7
     0.0380749791     0.0624998072    0.00249930973  -6.10507309e-07       1.00000199       2.00352919       1.00176659            0.025  0.000624461818  0.000624460326  6
     0.0130749791     0.0624998072    0.00249930974  -6.10505964e-07       1.00000199       2.00352919       1.00176659            0.025  0.000624461818  0.00062446082  5
     0.0378448979     0.0374999073    0.00149936256  -1.64511336e-07       1.00000201       2.00352718        1.0017656            0.025  0.000624461818  0.000624460418  4
     0.0128448979     0.0374999073    0.00149936257  -1.64510111e-07       1.00000201       2.00352718        1.0017656            0.025  0.000624461818  0.000624460714  3
     0.0376149123     0.0125000076   0.000499417028   2.82638518e-07        1.0000007       2.00352283       1.00176212            0.025  0.000624461818  0.000624461325  2
     0.0126149123     0.0125000076   0.000499417035   2.82639327e-07        1.0000007       2.00352283       1.00176212            0.025  0.000624461818  0.00062446144  1
