title='particle position' 
variables=x, y, Ux, Uy, rho, e, p, h=supportlength/2, m, V, ID 
     0.0395450879      0.987499929     0.0394937344  -1.52065913e-06      0.999995019       2.00456139        1.0022757            0.025  0.000624461818  0.000624461678  80
     0.0145450879      0.987499929     0.0394937344  -1.52066345e-06      0.999995019       2.00456143       1.00227572            0.025  0.000624461818  0.000624468172  79
     0.0394615827      0.962499831     0.0384808367   -3.6467263e-06      0.999996565       2.00321183       1.00160247            0.025  0.000624461818  0.000624460164  78
     0.0144615827      0.962499831     0.0384808367  -3.64672416e-06      0.999996565       2.00321186       1.00160249            0.025  0.000624461818  0.000624467765  77
     0.0393805097      0.937499772     0.0374680708  -5.01522584e-06      0.999997724       2.00267225       1.00133385            0.025  0.000624461818  0.00062445954  76
     0.0143805098      0.937499772     0.0374680708  -5.01522325e-06      0.999997724       2.00267228       1.00133386            0.025  0.000624461818  0.000624466941  75
     0.0393018237      0.912499731     0.0364555127  -6.03402102e-06      0.999998324       2.00232672       1.00116168            0.025  0.000624461818  0.000624459265  74
     0.0143018238      0.912499731     0.0364555127  -6.03401888e-06      0.999998324       2.00232675       1.00116169            0.025  0.000624461818  0.000624466466  73
     0.0392254602      0.887499701     0.0354432386  -6.81922875e-06      0.999998736       2.00207252       1.00103499            0.025  0.000624461818  0.000624459108  72
     0.0142254602      0.887499701     0.0354432386  -6.81922698e-06      0.999998736       2.00207254         1.001035            0.025  0.000624461818  0.000624466109  71
     0.0391513545      0.862499679     0.0344313231   -7.4297094e-06      0.999999044       2.00187212        1.0009351            0.025  0.000624461818  0.000624459015  70
     0.0141513545      0.862499679     0.0344313231  -7.42970789e-06      0.999999044       2.00187214       1.00093511            0.025  0.000624461818  0.000624465816  69
     0.0390794422      0.837499664     0.0334198384  -7.90168012e-06      0.999999287       2.00170747       1.00085302            0.025  0.000624461818  0.000624458963  68
     0.0140794422      0.837499664     0.0334198384  -7.90167878e-06      0.999999287       2.00170749       1.00085303            0.025  0.000624461818  0.000624465565  67
      0.039009659      0.812499654     0.0324088545  -8.25988162e-06      0.999999483       2.00156846       1.00078371            0.025  0.000624461818  0.000624458941  66
      0.014009659      0.812499654     0.0324088545  -8.25988043e-06      0.999999483       2.00156847       1.00078372            0.025  0.000624461818  0.000624465343  65
     0.0389419403      0.787499648     0.0313984381  -8.52238297e-06      0.999999644       2.00144881       1.00072405            0.025  0.000624461818  0.00062445894  64
     0.0139419403      0.787499648     0.0313984381  -8.52238189e-06      0.999999644       2.00144882       1.00072405            0.025  0.000624461818  0.000624465142  63
     0.0388762218      0.762499645     0.0303886525   -8.7030134e-06      0.999999779       2.00134438       1.00067197            0.025  0.000624461818  0.000624458955  62
     0.0138762218      0.762499645     0.0303886525  -8.70301242e-06      0.999999779       2.00134439       1.00067198            0.025  0.000624461818  0.000624464958  61
     0.0388124392      0.737499645     0.0293795573  -8.81273129e-06      0.999999892       2.00125228       1.00062603            0.025  0.000624461818  0.000624458984  60
     0.0138124392      0.737499645     0.0293795573   -8.8127304e-06      0.999999892       2.00125229       1.00062604            0.025  0.000624461818  0.000624464787  59
     0.0387505282      0.712499647     0.0283712078  -8.86045564e-06      0.999999989        2.0011704       1.00058519            0.025  0.000624461818  0.000624459023  58
     0.0137505282      0.712499647     0.0283712078  -8.86045481e-06      0.999999989       2.00117041        1.0005852            0.025  0.000624461818  0.000624464628  57
     0.0386904245      0.687499651     0.0273636549   -8.8536009e-06       1.00000007       2.00109716       1.00054865            0.025  0.000624461818  0.000624459072  56
     0.0136904245      0.687499651     0.0273636549  -8.85360014e-06       1.00000007       2.00109717       1.00054866            0.025  0.000624461818  0.000624464477  55
     0.0386320639      0.662499657     0.0263569444  -8.79843691e-06       1.00000014       2.00103134       1.00051581            0.025  0.000624461818  0.000624459127  54
     0.0136320639      0.662499657     0.0263569445   -8.7984362e-06       1.00000014       2.00103135       1.00051582            0.025  0.000624461818  0.000624464333  53
     0.0385753824      0.637499665     0.0253511173  -8.70033992e-06        1.0000002       2.00097197       1.00048619            0.025  0.000624461818  0.000624459189  52
     0.0135753824      0.637499665     0.0253511173  -8.70033927e-06        1.0000002       2.00097198       1.00048619            0.025  0.000624461818  0.000624464196  51
     0.0385203158      0.612499673     0.0243462089  -8.56397318e-06       1.00000025       2.00091828       1.00045939            0.025  0.000624461818  0.000624459256  50
     0.0135203158      0.612499673     0.0243462089  -8.56397258e-06       1.00000025       2.00091829        1.0004594            0.025  0.000624461818  0.000624464065  49
     0.0384668002      0.587499683      0.023342249  -8.39342003e-06        1.0000003       2.00086962       1.00043511            0.025  0.000624461818  0.000624459327  48
     0.0134668002      0.587499683      0.023342249  -8.39341947e-06        1.0000003       2.00086963       1.00043511            0.025  0.000624461818  0.000624463938  47
     0.0384147715      0.562499693     0.0223392616  -8.19228421e-06       1.00000034       2.00082547       1.00041307            0.025  0.000624461818  0.000624459403  46
     0.0134147715      0.562499693     0.0223392617  -8.19228369e-06       1.00000034       2.00082548       1.00041307            0.025  0.000624461818  0.000624463815  45
     0.0383641658      0.537499704     0.0213372649   -7.9637669e-06       1.00000037       2.00078537       1.00039306            0.025  0.000624461818  0.000624459481  44
     0.0133641658      0.537499704     0.0213372649  -7.96376641e-06       1.00000037       2.00078538       1.00039306            0.025  0.000624461818  0.000624463696  43
     0.0383149194      0.512499716     0.0203362707  -7.71072687e-06        1.0000004       2.00074895       1.00037487            0.025  0.000624461818  0.000624459563  42
     0.0133149194      0.512499716     0.0203362708  -7.71072643e-06        1.0000004       2.00074896       1.00037487            0.025  0.000624461818  0.00062446358  41
     0.0382669685      0.487499728      0.019336285  -7.43572824e-06       1.00000042       2.00071587       1.00035836            0.025  0.000624461818  0.000624459647  40
     0.0132669685      0.487499728     0.0193362851  -7.43572782e-06       1.00000042       2.00071587       1.00035836            0.025  0.000624461818  0.000624463466  39
     0.0382202493      0.462499741     0.0183373075   -7.1410788e-06       1.00000044       2.00068584       1.00034336            0.025  0.000624461818  0.000624459733  38
     0.0132202493      0.462499741     0.0183373075  -7.14107841e-06       1.00000044       2.00068584       1.00034336            0.025  0.000624461818  0.000624463355  37
     0.0381746982      0.437499754     0.0173393315  -6.82886138e-06       1.00000046        2.0006586       1.00032976            0.025  0.000624461818  0.000624459821  36
     0.0131746982      0.437499754     0.0173393315  -6.82886101e-06       1.00000046       2.00065861       1.00032976            0.025  0.000624461818  0.000624463246  35
     0.0381302517      0.412499768     0.0163423445  -6.50095971e-06       1.00000047       2.00063394       1.00031744            0.025  0.000624461818  0.00062445991  34
     0.0131302517      0.412499768     0.0163423446  -6.50095937e-06       1.00000047       2.00063394       1.00031744            0.025  0.000624461818  0.000624463138  33
     0.0380868462      0.387499781     0.0153463279  -6.15908014e-06       1.00000048       2.00061163        1.0003063            0.025  0.000624461818  0.000624460001  32
     0.0130868462      0.387499781     0.0153463279  -6.15907982e-06       1.00000048       2.00061164        1.0003063            0.025  0.000624461818  0.000624463033  31
     0.0380444183      0.362499795     0.0143512568  -5.80477006e-06       1.00000049       2.00059152       1.00029625            0.025  0.000624461818  0.000624460093  30
     0.0130444183      0.362499795     0.0143512568  -5.80476976e-06       1.00000049       2.00059152       1.00029625            0.025  0.000624461818  0.000624462928  29
     0.0380029046      0.337499809     0.0133571009  -5.43943379e-06        1.0000005       2.00057342       1.00028721            0.025  0.000624461818  0.000624460186  28
     0.0130029046      0.337499809     0.0133571009  -5.43943351e-06        1.0000005       2.00057342       1.00028721            0.025  0.000624461818  0.000624462825  27
     0.0379622418      0.312499823     0.0123638242  -5.06434652e-06       1.00000051        2.0005572       1.00027911            0.025  0.000624461818  0.00062446028  26
     0.0129622418      0.312499823     0.0123638242  -5.06434626e-06       1.00000051        2.0005572       1.00027911            0.025  0.000624461818  0.000624462723  25
     0.0379223665      0.287499837      0.011371385  -4.68066664e-06       1.00000051       2.00054271       1.00027187            0.025  0.000624461818  0.000624460375  24
     0.0129223665      0.287499837     0.0113713851   -4.6806664e-06       1.00000051       2.00054271       1.00027187            0.025  0.000624461818  0.000624462621  23
     0.0378832156      0.262499851      0.010379737  -4.28944695e-06       1.00000052       2.00052984       1.00026544            0.025  0.000624461818  0.00062446047  22
     0.0128832156      0.262499851      0.010379737  -4.28944671e-06       1.00000052       2.00052984       1.00026544            0.025  0.000624461818  0.000624462521  21
     0.0378447259      0.237499866    0.00938882848  -3.89164486e-06       1.00000052       2.00051848       1.00025976            0.025  0.000624461818  0.000624460566  20
     0.0128447259      0.237499866     0.0093888285  -3.89164465e-06       1.00000052       2.00051848       1.00025976            0.025  0.000624461818  0.000624462421  19
     0.0378068343       0.21249988    0.00839860359  -3.48813201e-06       1.00000052       2.00050853       1.00025479            0.025  0.000624461818  0.000624460662  18
     0.0128068343       0.21249988     0.0083986036   -3.4881318e-06       1.00000052       2.00050853       1.00025479            0.025  0.000624461818  0.000624462321  17
     0.0377694777      0.187499894    0.00740900209  -3.07970321e-06       1.00000053        2.0004999       1.00025048            0.025  0.000624461818  0.000624460759  16
     0.0127694777      0.187499894     0.0074090021  -3.07970302e-06       1.00000053        2.0004999       1.00025048            0.025  0.000624461818  0.000624462222  15
     0.0377325931      0.162499908    0.00641995996  -2.66708515e-06       1.00000053       2.00049252       1.00024679            0.025  0.000624461818  0.000624460855  14
     0.0127325931      0.162499908    0.00641995997  -2.66708496e-06       1.00000053       2.00049252       1.00024679            0.025  0.000624461818  0.000624462124  13
     0.0376961174      0.137499923    0.00543140975  -2.25094472e-06       1.00000053       2.00048632       1.00024369            0.025  0.000624461818  0.000624460952  12
     0.0126961174      0.137499923    0.00543140977  -2.25094454e-06       1.00000053       2.00048632       1.00024369            0.025  0.000624461818  0.000624462025  11
     0.0376599877      0.112499937    0.00444328098   -1.8318972e-06       1.00000053       2.00048124       1.00024115            0.025  0.000624461818  0.000624461049  10
     0.0126599877      0.112499937    0.00444328099  -1.83189703e-06       1.00000053       2.00048124       1.00024115            0.025  0.000624461818  0.000624461927  9
      0.037624141     0.0874999513    0.00345550058  -1.41051434e-06       1.00000053       2.00047723       1.00023914            0.025  0.000624461818  0.000624461147  8
      0.012624141     0.0874999513     0.0034555006  -1.41051417e-06       1.00000053       2.00047723       1.00023914            0.025  0.000624461818  0.000624461829  7
     0.0375885145     0.0624999656    0.00246799335  -9.87332281e-07       1.00000053       2.00047426       1.00023766            0.025  0.000624461818  0.000624461244  6
     0.0125885145     0.0624999656    0.00246799337  -9.87332114e-07       1.00000053       2.00047426       1.00023766            0.025  0.000624461818  0.000624461731  5
     0.0375530451     0.0374999799     0.0014806824  -5.62859526e-07       1.00000053       2.00047229       1.00023668            0.025  0.000624461818  0.000624461341  4
     0.0125530451     0.0374999799    0.00148068242  -5.62859375e-07       1.00000053       2.00047229       1.00023668            0.025  0.000624461818  0.000624461634  3
     0.0375176701     0.0124999942   0.000493489681  -1.37577466e-07        1.0000005       2.00047123       1.00023612            0.025  0.000624461818  0.000624461449  2
     0.0125176701     0.0124999942   0.000493489688  -1.37577359e-07        1.0000005       2.00047123       1.00023612            0.025  0.000624461818  0.000624461563  1
