title='particle position' 
variables=x, y, Ux, Uy, rho, e, p, h=supportlength/2, m, V, ID 
      0.039862286      0.987499917     0.0394972042  -1.53915312e-06      0.999994148       2.00468885       1.00233856            0.025  0.000624461818  0.000624462221  80
      0.014862286      0.987499917     0.0394972042    -1.539158e-06      0.999994148       2.00468889       1.00233858            0.025  0.000624461818  0.000624468716  79
     0.0397706771      0.962499802     0.0384911859  -3.66944688e-06      0.999995941       2.00333957       1.00166572            0.025  0.000624461818  0.000624460552  78
     0.0147706771      0.962499802     0.0384911858   -3.6694449e-06      0.999995941       2.00333961       1.00166574            0.025  0.000624461818  0.000624468155  77
     0.0396815013      0.937499732     0.0374852359  -5.04269212e-06      0.999997282       2.00280015       1.00139735            0.025  0.000624461818  0.000624459814  76
     0.0146815013      0.937499732     0.0374852359  -5.04268952e-06      0.999997282       2.00280018       1.00139737            0.025  0.000624461818  0.000624467218  75
     0.0395947137      0.912499683     0.0364793881  -6.06632535e-06      0.999997979       2.00245467       1.00122531            0.025  0.000624461818  0.000624459478  74
     0.0145947137      0.912499683     0.0364793881  -6.06632318e-06      0.999997979        2.0024547       1.00122532            0.025  0.000624461818  0.000624466684  73
       0.03951025      0.887499646     0.0354736772  -6.85634829e-06      0.999998458       2.00220048        1.0010987            0.025  0.000624461818  0.000624459278  72
       0.01451025      0.887499646     0.0354736772  -6.85634648e-06      0.999998458        2.0022005       1.00109871            0.025  0.000624461818  0.000624466285  71
     0.0394280463       0.86249962     0.0344681373  -7.47153919e-06      0.999998819       2.00200006       1.00099885            0.025  0.000624461818  0.000624459152  70
     0.0144280463       0.86249962     0.0344681374  -7.47153763e-06      0.999998819       2.00200008       1.00099886            0.025  0.000624461818  0.00062446596  69
     0.0393480385        0.8374996     0.0334628015   -7.9480514e-06      0.999999104       2.00183538       1.00091679            0.025  0.000624461818  0.000624459073  68
     0.0143480385        0.8374996     0.0334628015  -7.94805003e-06      0.999999104       2.00183539        1.0009168            0.025  0.000624461818  0.000624465683  67
     0.0392701625      0.812499587     0.0324577016  -8.31057296e-06      0.999999335        2.0016963       1.00084748            0.025  0.000624461818  0.000624459028  66
     0.0142701625      0.812499587     0.0324577016  -8.31057172e-06      0.999999335       2.00169631       1.00084749            0.025  0.000624461818  0.000624465439  65
     0.0391943542      0.787499579     0.0314528681  -8.57712798e-06      0.999999527       2.00157657       1.00078781            0.025  0.000624461818  0.000624459008  64
     0.0141943542      0.787499579     0.0314528681  -8.57712686e-06      0.999999527       2.00157659       1.00078782            0.025  0.000624461818  0.00062446522  63
     0.0391205497      0.762499575       0.03044833  -8.76150681e-06      0.999999688       2.00147206       1.00073572            0.025  0.000624461818  0.000624459006  62
     0.0141205497      0.762499575       0.03044833  -8.76150579e-06      0.999999688       2.00147207       1.00073572            0.025  0.000624461818  0.000624465021  61
      0.039048685      0.737499574     0.0294441143  -8.87463407e-06      0.999999824       2.00137985       1.00068975            0.025  0.000624461818  0.00062445902  60
      0.014048685      0.737499574     0.0294441144  -8.87463313e-06      0.999999824       2.00137986       1.00068976            0.025  0.000624461818  0.000624464836  59
      0.038978696      0.712499576     0.0284402465  -8.92539953e-06      0.999999941       2.00129786       1.00064887            0.025  0.000624461818  0.000624459047  58
      0.013978696      0.712499576     0.0284402465  -8.92539866e-06      0.999999941       2.00129787       1.00064887            0.025  0.000624461818  0.000624464664  57
     0.0389105188       0.68749958     0.0274367496   -8.9211926e-06       1.00000004       2.00122449       1.00061229            0.025  0.000624461818  0.000624459083  56
     0.0139105188       0.68749958     0.0274367496  -8.92119179e-06       1.00000004        2.0012245       1.00061229            0.025  0.000624461818  0.000624464503  55
     0.0388440895      0.662499586     0.0264336445  -8.86826197e-06       1.00000013       2.00115853       1.00057939            0.025  0.000624461818  0.000624459128  54
     0.0138440895      0.662499586     0.0264336445  -8.86826123e-06       1.00000013       2.00115854        1.0005794            0.025  0.000624461818  0.00062446435  53
     0.0387793442      0.637499594       0.02543095   -8.7719665e-06        1.0000002       2.00109902       1.00054971            0.025  0.000624461818  0.000624459181  52
     0.0137793442      0.637499594       0.02543095   -8.7719658e-06        1.0000002       2.00109903       1.00054971            0.025  0.000624461818  0.000624464204  51
     0.0387162189      0.612499604     0.0244286819  -8.63695554e-06       1.00000027       2.00104517       1.00052285            0.025  0.000624461818  0.000624459239  50
     0.0137162189      0.612499604     0.0244286819  -8.63695489e-06       1.00000027       2.00104518       1.00052286            0.025  0.000624461818  0.000624464065  49
     0.0386546499      0.587499615      0.023426854  -8.46730201e-06       1.00000032       2.00099636        1.0004985            0.025  0.000624461818  0.000624459303  48
     0.0136546499      0.587499615      0.023426854  -8.46730141e-06       1.00000032       2.00099636        1.0004985            0.025  0.000624461818  0.000624463931  47
     0.0385945733      0.562499627      0.022425477   -8.2666025e-06       1.00000037       2.00095204       1.00047639            0.025  0.000624461818  0.000624459372  46
     0.0135945733      0.562499627      0.022425477  -8.26660193e-06       1.00000037       2.00095205        1.0004764            0.025  0.000624461818  0.000624463802  45
     0.0385359253       0.53749964      0.021424559   -8.0380542e-06       1.00000041       2.00091178        1.0004563            0.025  0.000624461818  0.000624459445  44
     0.0135359253       0.53749964     0.0214245591  -8.03805367e-06       1.00000041       2.00091179       1.00045631            0.025  0.000624461818  0.000624463677  43
     0.0384786422      0.512499654     0.0204241055  -7.78451498e-06       1.00000045       2.00087519       1.00043804            0.025  0.000624461818  0.000624459521  42
     0.0134786422      0.512499654     0.0204241055  -7.78451448e-06       1.00000045        2.0008752       1.00043805            0.025  0.000624461818  0.000624463555  41
     0.0384226601      0.487499668     0.0194241189  -7.50855093e-06       1.00000048       2.00084194       1.00042145            0.025  0.000624461818  0.0006244596  40
     0.0134226601      0.487499668     0.0194241189  -7.50855047e-06       1.00000048       2.00084194       1.00042145            0.025  0.000624461818  0.000624463437  39
     0.0383679155      0.462499684     0.0184245988  -7.21247467e-06       1.00000051       2.00081174       1.00040638            0.025  0.000624461818  0.000624459682  38
     0.0133679155      0.462499684     0.0184245989  -7.21247424e-06       1.00000051       2.00081174       1.00040638            0.025  0.000624461818  0.000624463321  37
     0.0383143446      0.437499699     0.0174255422  -6.89837652e-06       1.00000053       2.00078433        1.0003927            0.025  0.000624461818  0.000624459766  36
     0.0133143446      0.437499699     0.0174255422   -6.8983761e-06       1.00000053       2.00078434        1.0003927            0.025  0.000624461818  0.000624463208  35
     0.0382618837      0.412499715     0.0164269431  -6.56815024e-06       1.00000055        2.0007595        1.0003803            0.025  0.000624461818  0.000624459852  34
     0.0132618838      0.412499715     0.0164269431  -6.56814985e-06       1.00000055        2.0007595        1.0003803            0.025  0.000624461818  0.000624463097  33
     0.0382104694      0.387499731     0.0154287926  -6.22351465e-06       1.00000057       2.00073704       1.00036909            0.025  0.000624461818  0.00062445994  32
     0.0132104694      0.387499731     0.0154287926  -6.22351428e-06       1.00000057       2.00073704       1.00036909            0.025  0.000624461818  0.000624462988  31
     0.0381600379      0.362499748     0.0144310793  -5.86603187e-06       1.00000058       2.00071676       1.00035896            0.025  0.000624461818  0.00062446003  30
     0.0131600379      0.362499748     0.0144310793  -5.86603153e-06       1.00000058       2.00071676       1.00035896            0.025  0.000624461818  0.00062446288  29
     0.0381105257      0.337499765      0.013433789  -5.49712313e-06       1.00000059       2.00069851       1.00034985            0.025  0.000624461818  0.000624460121  28
     0.0131105257      0.337499765      0.013433789  -5.49712281e-06       1.00000059       2.00069851       1.00034985            0.025  0.000624461818  0.000624462774  27
     0.0380618693      0.312499782      0.012436905  -5.11808251e-06        1.0000006       2.00068214       1.00034167            0.025  0.000624461818  0.000624460213  26
     0.0130618693      0.312499782      0.012436905   -5.1180822e-06        1.0000006       2.00068214       1.00034168            0.025  0.000624461818  0.000624462669  25
     0.0380140052      0.287499799      0.011440408  -4.73008918e-06       1.00000061       2.00066751       1.00033437            0.025  0.000624461818  0.000624460306  24
     0.0130140052      0.287499799      0.011440408  -4.73008888e-06       1.00000061       2.00066752       1.00033437            0.025  0.000624461818  0.000624462566  23
     0.0379668698      0.262499817     0.0104442764  -4.33421843e-06       1.00000062       2.00065451       1.00032788            0.025  0.000624461818  0.0006244604  22
     0.0129668698      0.262499817     0.0104442764  -4.33421815e-06       1.00000062       2.00065452       1.00032788            0.025  0.000624461818  0.000624462463  21
     0.0379203999      0.237499834    0.00944848645   -3.9314518e-06       1.00000063       2.00064303       1.00032214            0.025  0.000624461818  0.000624460495  20
     0.0129203999      0.237499834    0.00944848647  -3.93145153e-06       1.00000063       2.00064303       1.00032214            0.025  0.000624461818  0.000624462361  19
     0.0378745318      0.212499852    0.00845301222  -3.52268644e-06       1.00000063       2.00063297       1.00031712            0.025  0.000624461818  0.00062446059  18
     0.0128745318      0.212499852    0.00845301224  -3.52268618e-06       1.00000063       2.00063297       1.00031712            0.025  0.000624461818  0.00062446226  17
     0.0378292022      0.187499869    0.00745782586  -3.10874403e-06       1.00000063       2.00062424       1.00031276            0.025  0.000624461818  0.000624460686  16
     0.0128292022      0.187499869    0.00745782588  -3.10874378e-06       1.00000063       2.00062424       1.00031276            0.025  0.000624461818  0.000624462159  15
     0.0377843476      0.162499887    0.00646289779  -2.69037929e-06       1.00000064       2.00061677       1.00030902            0.025  0.000624461818  0.000624460782  14
     0.0127843476      0.162499887     0.0064628978  -2.69037905e-06       1.00000064       2.00061677       1.00030902            0.025  0.000624461818  0.000624462059  13
     0.0377399048      0.137499905    0.00546819682  -2.26828816e-06       1.00000064       2.00061049       1.00030588            0.025  0.000624461818  0.000624460879  12
     0.0127399048      0.137499905    0.00546819683  -2.26828792e-06       1.00000064       2.00061049       1.00030589            0.025  0.000624461818  0.000624461959  11
     0.0376958104      0.112499922    0.00447369039  -1.84311587e-06       1.00000064       2.00060534       1.00030331            0.025  0.000624461818  0.000624460976  10
     0.0126958104      0.112499922    0.00447369041  -1.84311564e-06       1.00000064       2.00060534       1.00030331            0.025  0.000624461818  0.000624461859  9
     0.0376520009       0.08749994    0.00347934476  -1.41546487e-06       1.00000064       2.00060128       1.00030128            0.025  0.000624461818  0.000624461073  8
     0.0126520009       0.08749994    0.00347934478  -1.41546464e-06       1.00000064       2.00060128       1.00030128            0.025  0.000624461818  0.00062446176  7
     0.0376084131     0.0624999577    0.00248512519  -9.85902604e-07       1.00000064       2.00059827       1.00029978            0.025  0.000624461818  0.000624461171  6
     0.0126084131     0.0624999577     0.0024851252  -9.85902388e-07       1.00000064       2.00059827       1.00029978            0.025  0.000624461818  0.000624461661  5
     0.0375649835     0.0374999754    0.00149099617  -5.54969378e-07       1.00000065       2.00059628       1.00029878            0.025  0.000624461818  0.000624461268  4
     0.0125649835     0.0374999754    0.00149099618  -5.54969182e-07       1.00000065       2.00059628       1.00029878            0.025  0.000624461818  0.000624461563  3
      0.037521649     0.0124999931   0.000496921687  -1.23175041e-07        1.0000006       2.00059517       1.00029818            0.025  0.000624461818  0.000624461387  2
      0.012521649     0.0124999931   0.000496921694  -1.23174905e-07        1.0000006       2.00059517       1.00029818            0.025  0.000624461818  0.000624461501  1
