title='particle position' 
variables=x, y, Ux, Uy, rho, e, p, h=supportlength/2, m, V, ID 
     0.0479516643      0.987499559     0.0395006028   -1.9572885e-06      0.999969411       2.00787963        1.0039091            0.025  0.000624461818  0.000624477659  80
     0.0229516643      0.987499559     0.0395006028  -1.95730834e-06      0.999969411       2.00787971       1.00390914            0.025  0.000624461818  0.000624484155  79
     0.0476551637      0.962499014     0.0385003991  -4.02080047e-06      0.999978573        2.0065407       1.00324885            0.025  0.000624461818  0.000624471398  78
     0.0226551637      0.962499014     0.0385003991  -4.02080256e-06      0.999978573       2.00654078       1.00324889            0.025  0.000624461818  0.000624479003  77
     0.0473611004      0.937498667     0.0375002158   -5.3439467e-06      0.999984492       2.00600574       1.00298732            0.025  0.000624461818  0.0006244678  76
     0.0223611004      0.937498667     0.0375002158  -5.34394376e-06      0.999984492       2.00600582       1.00298736            0.025  0.000624461818  0.000624475208  75
     0.0470694287      0.912498412      0.036500046  -6.32426007e-06       0.99998762       2.00566259       1.00281888            0.025  0.000624461818  0.000624465946  74
     0.0220694287      0.912498412     0.0365000461  -6.32425681e-06       0.99998762       2.00566266       1.00281891            0.025  0.000624461818  0.000624473155  73
     0.0467800849      0.887498217     0.0354998894  -7.07582848e-06      0.999989812       2.00540999       1.00269478            0.025  0.000624461818  0.000624464676  72
     0.0217800849      0.887498217     0.0354998895  -7.07582547e-06      0.999989812       2.00541005       1.00269481            0.025  0.000624461818  0.000624471688  71
     0.0464930052      0.862498068     0.0344997454  -7.65629384e-06      0.999991495       2.00521077       1.00259686            0.025  0.000624461818  0.000624463723  70
     0.0214930052      0.862498068     0.0344997454  -7.65629105e-06      0.999991495       2.00521083       1.00259689            0.025  0.000624461818  0.000624470538  69
     0.0462081257      0.837497954     0.0334996131  -8.10107467e-06      0.999992851       2.00504701       1.00251634            0.025  0.000624461818  0.000624462975  68
     0.0212081257      0.837497954     0.0334996131  -8.10107206e-06      0.999992851       2.00504707       1.00251637            0.025  0.000624461818  0.000624469592  67
     0.0459253826      0.812497869     0.0324994922   -8.4343381e-06      0.999993978       2.00490869       1.00244831            0.025  0.000624461818  0.00062446237  66
     0.0209253826      0.812497869     0.0324994923  -8.43433563e-06      0.999993978       2.00490874       1.00244833            0.025  0.000624461818  0.000624468789  65
      0.045644712      0.787497808     0.0314993822  -8.67371504e-06      0.999994934       2.00478957       1.00238971            0.025  0.000624461818  0.000624461872  64
      0.020644712      0.787497808     0.0314993822  -8.67371268e-06      0.999994934       2.00478963       1.00238973            0.025  0.000624461818  0.000624468093  63
     0.0453660503      0.762497768     0.0304992826   -8.8326855e-06      0.999995757       2.00468556       1.00233853            0.025  0.000624461818  0.000624461456  62
     0.0203660503      0.762497768     0.0304992827  -8.83268324e-06      0.999995757       2.00468561       1.00233855            0.025  0.000624461818  0.000624467481  61
     0.0450893336      0.737497746     0.0294991931  -8.92192111e-06      0.999996474       2.00459377       1.00229335            0.025  0.000624461818  0.000624461108  60
     0.0200893336      0.737497746     0.0294991931  -8.92191893e-06      0.999996474       2.00459382       1.00229337            0.025  0.000624461818  0.000624466935  59
      0.044814498      0.712497739     0.0284991131  -8.95010037e-06      0.999997103       2.00451211       1.00225315            0.025  0.000624461818  0.000624460814  58
      0.019814498      0.712497739     0.0284991131  -8.95009826e-06      0.999997103       2.00451216       1.00225317            0.025  0.000624461818  0.000624466443  57
     0.0445414799      0.687497746     0.0274990424  -8.92443306e-06      0.999997658       2.00443902       1.00221717            0.025  0.000624461818  0.000624460566  56
     0.0195414799      0.687497746     0.0274990424  -8.92443101e-06      0.999997658       2.00443907       1.00221719            0.025  0.000624461818  0.000624465997  55
     0.0442702154      0.662497765     0.0264989805  -8.85101303e-06      0.999998152       2.00437329       1.00218479            0.025  0.000624461818  0.000624460356  54
     0.0192702154      0.662497765     0.0264989805  -8.85101104e-06      0.999998152       2.00437333       1.00218481            0.025  0.000624461818  0.00062446559  53
     0.0440006408      0.637497795     0.0254989271   -8.7350643e-06      0.999998591       2.00431396       1.00215557            0.025  0.000624461818  0.00062446018  52
     0.0190006408      0.637497795     0.0254989272  -8.73506235e-06      0.999998591         2.004314       1.00215559            0.025  0.000624461818  0.000624465217  51
     0.0437326922      0.612497834     0.0244988819  -8.58111801e-06      0.999998985       2.00426025       1.00212911            0.025  0.000624461818  0.000624460034  50
     0.0187326922      0.612497834      0.024498882  -8.58111611e-06      0.999998985       2.00426029       1.00212913            0.025  0.000624461818  0.000624464873  49
      0.043466306      0.587497881     0.0234988445  -8.39314282e-06      0.999999337       2.00421154       1.00210511            0.025  0.000624461818  0.000624459913  48
      0.018466306      0.587497881     0.0234988445  -8.39314096e-06      0.999999337       2.00421158       1.00210512            0.025  0.000624461818  0.000624464554  47
     0.0432014182      0.562497936     0.0224988146  -8.17464314e-06      0.999999652        2.0041673        1.0020833            0.025  0.000624461818  0.000624459814  46
     0.0182014182      0.562497936     0.0224988146  -8.17464132e-06      0.999999652       2.00416734       1.00208332            0.025  0.000624461818  0.000624464258  45
     0.0429379652      0.537497998     0.0214987917  -7.92873455e-06      0.999999936       2.00412709       1.00206348            0.025  0.000624461818  0.000624459736  44
     0.0179379652      0.537497998     0.0214987918  -7.92873277e-06      0.999999936       2.00412712        1.0020635            0.025  0.000624461818  0.000624463982  43
     0.0426758831      0.512498065     0.0204987757  -7.65820259e-06       1.00000019       2.00409053       1.00204546            0.025  0.000624461818  0.000624459676  42
     0.0176758831      0.512498065     0.0204987757  -7.65820084e-06       1.00000019       2.00409056       1.00204547            0.025  0.000624461818  0.000624463725  41
     0.0424151082      0.487498138     0.0194987661  -7.36554941e-06       1.00000042       2.00405729       1.00202906            0.025  0.000624461818  0.000624459632  40
     0.0174151082      0.487498138     0.0194987661  -7.36554769e-06       1.00000042       2.00405731       1.00202908            0.025  0.000624461818  0.000624463483  39
     0.0421555767      0.462498215     0.0184987626  -7.05303122e-06       1.00000062       2.00402708       1.00201416            0.025  0.000624461818  0.000624459602  38
     0.0171555767      0.462498215     0.0184987626  -7.05302953e-06       1.00000062        2.0040271       1.00201418            0.025  0.000624461818  0.000624463256  37
     0.0418972249      0.437498297     0.0174987648  -6.72268877e-06       1.00000081       2.00399965       1.00200064            0.025  0.000624461818  0.000624459586  36
     0.0168972249      0.437498297     0.0174987648  -6.72268711e-06       1.00000081       2.00399968       1.00200065            0.025  0.000624461818  0.000624463042  35
     0.0416399889      0.412498383     0.0164987726  -6.37637256e-06       1.00000097       2.00397478       1.00198837            0.025  0.000624461818  0.000624459582  34
     0.0166399889      0.412498383     0.0164987726  -6.37637092e-06       1.00000097       2.00397481       1.00198838            0.025  0.000624461818  0.000624462841  33
      0.041383805      0.387498471     0.0154987854  -6.01576385e-06       1.00000112       2.00395228       1.00197726            0.025  0.000624461818  0.000624459589  32
      0.016383805      0.387498471     0.0154987854  -6.01576223e-06       1.00000112        2.0039523       1.00197727            0.025  0.000624461818  0.00062446265  31
     0.0411286094      0.362498563      0.014498803  -5.64239252e-06       1.00000125       2.00393195       1.00196723            0.025  0.000624461818  0.000624459605  30
     0.0161286094      0.362498563     0.0144988031  -5.64239091e-06       1.00000125       2.00393197       1.00196724            0.025  0.000624461818  0.000624462469  29
     0.0408743384      0.337498657     0.0134988252  -5.25765241e-06       1.00000137       2.00391365        1.0019582            0.025  0.000624461818  0.000624459631  28
     0.0158743384      0.337498657     0.0134988252  -5.25765083e-06       1.00000137       2.00391367        1.0019582            0.025  0.000624461818  0.000624462297  27
     0.0406209282      0.312498754     0.0124988514  -4.86281472e-06       1.00000147       2.00389722       1.00195008            0.025  0.000624461818  0.000624459665  26
     0.0156209282      0.312498754     0.0124988514  -4.86281315e-06       1.00000147       2.00389723       1.00195009            0.025  0.000624461818  0.000624462134  25
      0.040368315      0.287498853     0.0114988815  -4.45903984e-06       1.00000156       2.00388253       1.00194283            0.025  0.000624461818  0.000624459706  24
      0.015368315      0.287498853     0.0114988815  -4.45903829e-06       1.00000156       2.00388255       1.00194284            0.025  0.000624461818  0.000624461978  23
     0.0401164351      0.262498953     0.0104989151   -4.0473881e-06       1.00000165       2.00386947       1.00193638            0.025  0.000624461818  0.000624459755  22
     0.0151164351      0.262498953     0.0104989151  -4.04738656e-06       1.00000165       2.00386949       1.00193639            0.025  0.000624461818  0.000624461828  21
     0.0398652246      0.237499055    0.00949895192  -3.62882949e-06       1.00000172       2.00385793       1.00193068            0.025  0.000624461818  0.000624459809  20
     0.0148652246      0.237499055    0.00949895193  -3.62882796e-06       1.00000172       2.00385794       1.00193069            0.025  0.000624461818  0.000624461686  19
     0.0396146199      0.212499158    0.00849899157  -3.20425278e-06       1.00000178       2.00384781       1.00192569            0.025  0.000624461818  0.00062445987  18
     0.0146146199      0.212499158    0.00849899159  -3.20425126e-06       1.00000178       2.00384782       1.00192569            0.025  0.000624461818  0.000624461548  17
     0.0393645571      0.187499263    0.00749903377  -2.77447409e-06       1.00000183       2.00383903       1.00192135            0.025  0.000624461818  0.000624459935  16
     0.0143645571      0.187499263    0.00749903379  -2.77447258e-06       1.00000183       2.00383904       1.00192135            0.025  0.000624461818  0.000624461417  15
     0.0391149725      0.162499368     0.0064990782  -2.34024509e-06       1.00000188       2.00383151       1.00191763            0.025  0.000624461818  0.000624460006  14
     0.0141149725      0.162499368    0.00649907822  -2.34024359e-06       1.00000188       2.00383152       1.00191764            0.025  0.000624461818  0.00062446129  13
     0.0388658023      0.137499474    0.00549912454  -1.90226092e-06       1.00000191       2.00382518       1.00191451            0.025  0.000624461818  0.000624460081  12
     0.0138658023      0.137499474    0.00549912455  -1.90225943e-06       1.00000191       2.00382519       1.00191451            0.025  0.000624461818  0.000624461168  11
     0.0386169828      0.112499581    0.00449917247  -1.46116794e-06       1.00000194          2.00382       1.00191195            0.025  0.000624461818  0.000624460161  10
     0.0136169828      0.112499581    0.00449917249  -1.46116646e-06       1.00000194       2.00382001       1.00191195            0.025  0.000624461818  0.00062446105  9
     0.0383684502     0.0874996887    0.00349922168  -1.01757132e-06       1.00000197       2.00381591       1.00190993            0.025  0.000624461818  0.000624460245  8
     0.0133684502     0.0874996887    0.00349922169  -1.01756984e-06       1.00000197       2.00381591       1.00190993            0.025  0.000624461818  0.000624460936  7
     0.0381201408     0.0624997965    0.00249927184  -5.72042592e-07       1.00000199       2.00381287       1.00190843            0.025  0.000624461818  0.000624460332  6
     0.0131201408     0.0624997965    0.00249927185  -5.72041137e-07       1.00000199       2.00381288       1.00190843            0.025  0.000624461818  0.000624460826  5
     0.0378719907     0.0374999047    0.00149932264  -1.25126492e-07         1.000002       2.00381087       1.00190744            0.025  0.000624461818  0.000624460423  4
     0.0128719907     0.0374999047    0.00149932266  -1.25125168e-07         1.000002       2.00381087       1.00190744            0.025  0.000624461818  0.000624460719  3
     0.0376239363      0.012500013    0.00049937531   3.22984988e-07       1.00000047       2.00380597       1.00190346            0.025  0.000624461818  0.000624461465  2
     0.0126239363      0.012500013   0.000499375317   3.22985862e-07       1.00000047       2.00380597       1.00190346            0.025  0.000624461818  0.00062446158  1
