title='particle position' 
variables=x, y, Ux, Uy, rho, e, p, h=supportlength/2, m, V, ID 
    0.00532719247      0.987499157     0.0395010097   -2.3524294e-06      0.999942641       2.01078034        1.0053325            0.025  0.000624461818  0.000624500864  80
     0.0303271925      0.987499157     0.0395010097  -2.35239589e-06      0.999942641       2.01078041       1.00533254            0.025  0.000624461818  0.000624494368  79
    0.00484393262      0.962498233     0.0385007762  -4.34874597e-06       0.99996038       2.00945547       1.00468793            0.025  0.000624461818  0.000624490364  78
     0.0298439326      0.962498233     0.0385007763  -4.34874058e-06       0.99996038       2.00945554       1.00468796            0.025  0.000624461818  0.00062448276  77
    0.00436311418      0.937497644     0.0375005667  -5.61999682e-06      0.999970387       2.00892452       1.00443251            0.025  0.000624461818  0.000624484016  76
     0.0293631142      0.937497644     0.0375005666  -5.62000122e-06      0.999970387       2.00892459       1.00443255            0.025  0.000624461818  0.00062447661  75
    0.00388469002       0.91249721     0.0365003716  -6.55461402e-06      0.999975688       2.00858347       1.00426732            0.025  0.000624461818  0.000624480607  74
       0.02888469       0.91249721     0.0365003716  -6.55461902e-06      0.999975688       2.00858353       1.00426735            0.025  0.000624461818  0.000624473397  73
    0.00340859632      0.887496879     0.0355001909  -7.26500008e-06       0.99997941       2.00833232       1.00414549            0.025  0.000624461818  0.000624478184  72
     0.0284085963      0.887496879     0.0355001908  -7.26500471e-06       0.99997941       2.00833239       1.00414552            0.025  0.000624461818  0.000624471172  71
    0.00293476907      0.862496624     0.0345000235  -7.80781626e-06      0.999982272       2.00813421       1.00404931            0.025  0.000624461818  0.000624476297  70
     0.0279347691      0.862496624     0.0345000235  -7.80782054e-06      0.999982272       2.00813428       1.00404934            0.025  0.000624461818  0.000624469483  69
    0.00246314432       0.83749643     0.0334998686  -8.21785803e-06      0.999984584       2.00797135        1.0039702            0.025  0.000624461818  0.000624474755  68
     0.0274631443       0.83749643     0.0334998686  -8.21786206e-06      0.999984584       2.00797141       1.00397023            0.025  0.000624461818  0.000624468138  67
    0.00199365813      0.812496286     0.0324997256  -8.51885838e-06      0.999986509       2.00783375       1.00390333            0.025  0.000624461818  0.000624473454  66
     0.0269936581      0.812496286     0.0324997256  -8.51886224e-06      0.999986509       2.00783382       1.00390337            0.025  0.000624461818  0.000624467035  65
     0.0015262466      0.787496184     0.0314995939  -8.72812563e-06      0.999988145       2.00771526       1.00384573            0.025  0.000624461818  0.000624472333  64
     0.0265262466      0.787496184     0.0314995939  -8.72812959e-06      0.999988145       2.00771533       1.00384576            0.025  0.000624461818  0.000624466112  63
    0.00106084585      0.762496117     0.0304994729  -8.85888822e-06      0.999989558       2.00761177        1.0037954            0.025  0.000624461818  0.000624471353  62
     0.0260608458      0.762496117     0.0304994729   -8.8588939e-06      0.999989558       2.00761184       1.00379544            0.025  0.000624461818  0.000624465329  61
   0.000597391983       0.73749608     0.0294993622  -8.92161101e-06       0.99999079       2.00752044       1.00375098            0.025  0.000624461818  0.000624470484  60
      0.025597392       0.73749608     0.0294993622  -8.92162913e-06       0.99999079       2.00752051       1.00375101            0.025  0.000624461818  0.000624464658  59
    0.00013582113      0.712496071     0.0284992622  -8.92479185e-06      0.999991874       2.00743919       1.00371144            0.025  0.000624461818  0.000624469741  58
     0.0251358211      0.712496071     0.0284992618  -8.92485931e-06      0.999991874       2.00743926       1.00371147            0.025  0.000624461818  0.000624464967  57
     0.0496760694      0.687496085     0.0274991707  -8.87554306e-06      0.999992835       2.00736645       1.00367603            0.025  0.000624461818  0.000624463544  56
     0.0246760694      0.687496085     0.0274991703   -8.8756077e-06      0.999992835       2.00736652       1.00367607            0.025  0.000624461818  0.00062446809  55
      0.049218073       0.66249612     0.0264990872  -8.77983461e-06       0.99999369       2.00730103       1.00364418            0.025  0.000624461818  0.000624463143  54
     0.0242180731       0.66249612     0.0264990872  -8.77984687e-06       0.99999369        2.0073011       1.00364421            0.025  0.000624461818  0.000624468377  53
     0.0487617681      0.637496173     0.0254990133  -8.64273896e-06      0.999994453       2.00724197       1.00361542            0.025  0.000624461818  0.000624462765  52
     0.0237617681      0.637496173     0.0254990133  -8.64273813e-06      0.999994453       2.00724204       1.00361545            0.025  0.000624461818  0.000624467801  51
     0.0483070908      0.612496242     0.0244989477  -8.46870608e-06      0.999995138       2.00718851       1.00358938            0.025  0.000624461818  0.000624462437  50
     0.0233070908      0.612496242     0.0244989477  -8.46870335e-06      0.999995138       2.00718857       1.00358941            0.025  0.000624461818  0.000624467275  49
     0.0478539772      0.587496327     0.0234988898   -8.2616241e-06      0.999995752       2.00714002       1.00356575            0.025  0.000624461818  0.000624462151  48
     0.0228539772      0.587496327     0.0234988899  -8.26162114e-06      0.999995752       2.00714008       1.00356578            0.025  0.000624461818  0.000624466793  47
     0.0474023635      0.562496424     0.0224988395  -8.02492095e-06      0.999996305       2.00709598       1.00354428            0.025  0.000624461818  0.000624461905  46
     0.0224023635      0.562496424     0.0224988395    -8.024918e-06      0.999996305       2.00709603       1.00354431            0.025  0.000624461818  0.000624466349  45
     0.0469521859      0.537496533     0.0214987963  -7.76164195e-06      0.999996802       2.00705594       1.00352476            0.025  0.000624461818  0.000624461693  44
     0.0219521859      0.537496533     0.0214987964  -7.76163902e-06      0.999996802       2.00705599       1.00352479            0.025  0.000624461818  0.000624465939  43
     0.0465033805      0.512496653       0.02049876  -7.47450804e-06       0.99999725       2.00701953       1.00350701            0.025  0.000624461818  0.000624461512  42
     0.0215033805      0.512496653       0.02049876  -7.47450514e-06       0.99999725       2.00701958       1.00350703            0.025  0.000624461818  0.000624465561  41
     0.0460558835      0.487496781       0.01949873  -7.16596175e-06      0.999997653       2.00698643       1.00349086            0.025  0.000624461818  0.000624461359  40
     0.0210558835      0.487496781       0.01949873  -7.16595888e-06      0.999997653       2.00698648       1.00349088            0.025  0.000624461818  0.00062446521  39
      0.045609631      0.462496919     0.0184987062  -6.83820395e-06      0.999998016       2.00695634       1.00347618            0.025  0.000624461818  0.000624461232  38
      0.020609631      0.462496919     0.0184987062  -6.83820111e-06      0.999998016       2.00695639        1.0034762            0.025  0.000624461818  0.000624464885  37
     0.0451645593      0.437497063     0.0174986881  -6.49322385e-06      0.999998342       2.00692903       1.00346285            0.025  0.000624461818  0.000624461127  36
     0.0201645593      0.437497063     0.0174986881  -6.49322104e-06      0.999998342       2.00692907       1.00346287            0.025  0.000624461818  0.000624464583  35
     0.0447206044      0.412497215     0.0164986755  -6.13282373e-06      0.999998635       2.00690426       1.00345076            0.025  0.000624461818  0.000624461042  34
     0.0197206044      0.412497215     0.0164986755  -6.13282094e-06      0.999998635        2.0069043       1.00345078            0.025  0.000624461818  0.000624464301  33
     0.0442777026      0.387497372      0.015498668  -5.75863958e-06      0.999998898       2.00688184       1.00343981            0.025  0.000624461818  0.000624460977  32
     0.0192777026      0.387497372      0.015498668  -5.75863681e-06      0.999998898       2.00688188       1.00343983            0.025  0.000624461818  0.000624464038  31
       0.04383579      0.362497535     0.0144986652  -5.37215869e-06      0.999999133       2.00686159       1.00342992            0.025  0.000624461818  0.000624460929  30
       0.01883579      0.362497535     0.0144986652  -5.37215594e-06      0.999999133       2.00686162       1.00342994            0.025  0.000624461818  0.000624463793  29
     0.0433948028      0.337497702     0.0134986669  -4.97473468e-06      0.999999342       2.00684335       1.00342102            0.025  0.000624461818  0.000624460897  28
     0.0183948028      0.337497702     0.0134986669  -4.97473195e-06      0.999999342       2.00684339       1.00342103            0.025  0.000624461818  0.000624463563  27
     0.0429546771      0.312497874     0.0124986727  -4.56760066e-06      0.999999529       2.00682698       1.00341302            0.025  0.000624461818  0.00062446088  26
     0.0179546771      0.312497874     0.0124986728  -4.56759794e-06      0.999999529       2.00682701       1.00341303            0.025  0.000624461818  0.000624463348  25
     0.0425153492      0.287498049     0.0114986824   -4.1518809e-06      0.999999694       2.00681235       1.00340587            0.025  0.000624461818  0.000624460875  24
     0.0175153492      0.287498049     0.0114986824   -4.1518782e-06      0.999999694       2.00681238       1.00340588            0.025  0.000624461818  0.000624463146  23
     0.0420767552      0.262498227     0.0104986955  -3.72860134e-06      0.999999839       2.00679933       1.00339951            0.025  0.000624461818  0.000624460883  22
     0.0170767552      0.262498227     0.0104986955  -3.72859865e-06      0.999999839       2.00679936       1.00339952            0.025  0.000624461818  0.000624462957  21
     0.0416388313      0.237498408    0.00949871172  -3.29869917e-06      0.999999967       2.00678783       1.00339388            0.025  0.000624461818  0.000624460902  20
     0.0166388313      0.237498408    0.00949871173   -3.2986965e-06      0.999999967       2.00678786       1.00339389            0.025  0.000624461818  0.000624462778  19
     0.0412015136      0.212498592    0.00849873082   -2.8630318e-06       1.00000008       2.00677775       1.00338895            0.025  0.000624461818  0.000624460931  18
     0.0162015136      0.212498592    0.00849873084  -2.86302913e-06       1.00000008       2.00677777       1.00338896            0.025  0.000624461818  0.00062446261  17
     0.0407647384      0.187498777    0.00749875245  -2.42238523e-06       1.00000017       2.00676899       1.00338467            0.025  0.000624461818  0.00062446097  16
     0.0157647384      0.187498777    0.00749875246  -2.42238258e-06       1.00000017       2.00676901       1.00338468            0.025  0.000624461818  0.000624462451  15
     0.0403284417      0.162498965    0.00649877628  -1.97748218e-06       1.00000026        2.0067615       1.00338101            0.025  0.000624461818  0.000624461018  14
     0.0153284417      0.162498965    0.00649877629  -1.97747954e-06       1.00000026       2.00676152       1.00338101            0.025  0.000624461818  0.000624462302  13
     0.0398925599      0.137499154      0.005498802   -1.5289898e-06       1.00000032        2.0067552       1.00337792            0.025  0.000624461818  0.000624461074  12
     0.0148925599      0.137499154    0.00549880202  -1.52898716e-06       1.00000032       2.00675521       1.00337793            0.025  0.000624461818  0.00062446216  11
      0.039457029      0.112499344     0.0044988293  -1.07752731e-06       1.00000038       2.00675003        1.0033754            0.025  0.000624461818  0.000624461138  10
      0.014457029      0.112499344    0.00449882932  -1.07752468e-06       1.00000038       2.00675004        1.0033754            0.025  0.000624461818  0.000624462026  9
     0.0390217852     0.0874995353    0.00349885787  -6.23673483e-07       1.00000042       2.00674595        1.0033734            0.025  0.000624461818  0.000624461209  8
     0.0140217852     0.0874995353    0.00349885788  -6.23670861e-07       1.00000042       2.00674596       1.00337341            0.025  0.000624461818  0.0006244619  7
     0.0385867648     0.0624997272    0.00249888738  -1.67974032e-07       1.00000046       2.00674293       1.00337192            0.025  0.000624461818  0.000624461287  6
     0.0135867648     0.0624997272    0.00249888739  -1.67971449e-07       1.00000046       2.00674294       1.00337193            0.025  0.000624461818  0.00062446178  5
     0.0381519038     0.0374999198    0.00149891753    2.8905445e-07       1.00000048       2.00674093       1.00337095            0.025  0.000624461818  0.00062446137  4
     0.0131519038     0.0374999198    0.00149891754   2.89056801e-07       1.00000048       2.00674093       1.00337095            0.025  0.000624461818  0.000624461666  3
     0.0377171392     0.0125001128   0.000498952831   7.47863068e-07      0.999995681       2.00672788       1.00335961            0.025  0.000624461818  0.000624464459  2
     0.0127171392     0.0125001128   0.000498952838   7.47864609e-07      0.999995681       2.00672788       1.00335961            0.025  0.000624461818  0.000624464574  1
