title='particle position' 
variables=x, y, Ux, Uy, rho, e, p, h=supportlength/2, m, V, ID 
    0.00826150585      0.987498976     0.0395011672   -2.5136543e-06      0.999930849       2.01193259       1.00589673            0.025  0.000624461818  0.000624508225  80
     0.0332615058      0.987498976     0.0395011672   -2.5136155e-06      0.999930849       2.01193264       1.00589676            0.025  0.000624461818  0.00062450173  79
    0.00770394388      0.962497905     0.0385009228  -4.48331233e-06      0.999952519       2.01061454       1.00525954            0.025  0.000624461818  0.000624495274  78
     0.0327039439      0.962497905     0.0385009229  -4.48330547e-06      0.999952519       2.01061459       1.00525956            0.025  0.000624461818  0.00062448767  77
    0.00714882513      0.937497222     0.0375007031  -5.73395746e-06      0.999964129       2.01008516       1.00500653            0.025  0.000624461818  0.000624487924  76
     0.0321488251      0.937497222     0.0375007031  -5.73396198e-06      0.999964129       2.01008521       1.00500655            0.025  0.000624461818  0.000624480518  75
    0.00659610175      0.912496719     0.0365004983  -6.65039514e-06      0.999970284       2.00974493       1.00484261            0.025  0.000624461818  0.000624483981  74
     0.0315961017      0.912496719     0.0365004983  -6.65040054e-06      0.999970284       2.00974498       1.00484263            0.025  0.000624461818  0.000624476772  73
    0.00604570991      0.887496336     0.0355003083  -7.34436676e-06      0.999974605       2.00949436       1.00472167            0.025  0.000624461818  0.000624481184  72
     0.0310457099      0.887496336     0.0355003083  -7.34437183e-06      0.999974605       2.00949441       1.00472169            0.025  0.000624461818  0.000624474173  71
    0.00549758553      0.862496042     0.0345001319  -7.87214917e-06       0.99997793       2.00929669       1.00462617            0.025  0.000624461818  0.000624479009  70
     0.0304975855      0.862496042     0.0345001319  -7.87215389e-06       0.99997793       2.00929674        1.0046262            0.025  0.000624461818  0.000624472195  69
    0.00495166458      0.837495818     0.0334999683  -8.26829358e-06      0.999980617       2.00913417       1.00454761            0.025  0.000624461818  0.000624477232  68
     0.0299516646      0.837495818     0.0334999683  -8.26829805e-06      0.999980617       2.00913422       1.00454764            0.025  0.000624461818  0.000624470616  67
    0.00440788308      0.812495652     0.0324998168  -8.55636284e-06      0.999982854       2.00899686       1.00448121            0.025  0.000624461818  0.000624475736  66
     0.0294078831      0.812495652     0.0324998168  -8.55636711e-06      0.999982854       2.00899692       1.00448124            0.025  0.000624461818  0.000624469318  65
    0.00386617709      0.787495534     0.0314996767  -8.75353903e-06      0.999984757       2.00887861         1.004424            0.025  0.000624461818  0.000624474449  64
     0.0288661771      0.787495534     0.0314996767  -8.75354314e-06      0.999984757       2.00887867       1.00442402            0.025  0.000624461818  0.000624468228  63
    0.00332648267      0.762495458     0.0304995474  -8.87295299e-06        0.9999864       2.00877533       1.00437401            0.025  0.000624461818  0.000624473325  62
     0.0283264827      0.762495458     0.0304995474  -8.87295698e-06        0.9999864       2.00877539       1.00437404            0.025  0.000624461818  0.000624467301  61
    0.00278873591      0.737495417     0.0294994285  -8.92499495e-06      0.999987834       2.00868418       1.00432987            0.025  0.000624461818  0.00062447233  60
     0.0277887359      0.737495417     0.0294994285  -8.92499884e-06      0.999987834       2.00868424        1.0043299            0.025  0.000624461818  0.000624466504  59
     0.0022528729      0.712495408     0.0284993195  -8.91811026e-06      0.999989097       2.00860308       1.00429059            0.025  0.000624461818  0.000624471443  58
     0.0272528729      0.712495408     0.0284993195   -8.9181141e-06      0.999989097       2.00860314       1.00429062            0.025  0.000624461818  0.000624465814  57
    0.00171882975      0.687495426       0.02749922  -8.85931111e-06      0.999990215       2.00853048       1.00425541            0.025  0.000624461818  0.000624470646  56
     0.0267188297      0.687495426       0.02749922  -8.85931512e-06      0.999990215       2.00853054       1.00425545            0.025  0.000624461818  0.000624465215  55
    0.00118654258      0.662495468     0.0264991295  -8.75452031e-06      0.999991211       2.00846518       1.00422376            0.025  0.000624461818  0.000624469925  54
     0.0261865426      0.662495468     0.0264991295  -8.75452604e-06      0.999991211       2.00846524        1.0042238            0.025  0.000624461818  0.000624464691  53
   0.000655947488      0.637495532     0.0254990476  -8.60880829e-06      0.999992102       2.00840622       1.00419518            0.025  0.000624461818  0.00062446927  52
     0.0256559475      0.637495532     0.0254990476  -8.60882615e-06      0.999992102       2.00840629       1.00419522            0.025  0.000624461818  0.000624464234  51
   0.000126980593      0.612495615     0.0244989748  -8.42656115e-06        0.9999929       2.00835286        1.0041693            0.025  0.000624461818  0.000624468705  50
     0.0251269806      0.612495615     0.0244989744  -8.42662717e-06        0.9999929       2.00835293       1.00416933            0.025  0.000624461818  0.000624464592  49
      0.049599578      0.587495715      0.023498909  -8.21167221e-06      0.999993617       2.00830445       1.00414582            0.025  0.000624461818  0.000624463451  48
      0.024599578      0.587495715     0.0234989087  -8.21173535e-06      0.999993617       2.00830452       1.00414585            0.025  0.000624461818  0.000624467336  47
     0.0490736759       0.56249583       0.02249885  -7.96753729e-06      0.999994262       2.00826048       1.00412448            0.025  0.000624461818  0.000624463181  46
     0.0240736759       0.56249583     0.0224988499  -7.96754896e-06      0.999994262       2.00826055       1.00412451            0.025  0.000624461818  0.000624467625  45
     0.0485492104      0.537495959     0.0214987989  -7.69713081e-06      0.999994843       2.00822052       1.00410508            0.025  0.000624461818  0.000624462917  44
     0.0235492105      0.537495959     0.0214987989  -7.69712964e-06      0.999994843       2.00822058       1.00410511            0.025  0.000624461818  0.000624467163  43
     0.0480261177        0.5124961     0.0204987546  -7.40316224e-06      0.999995366       2.00818417       1.00408743            0.025  0.000624461818  0.000624462689  42
     0.0230261177        0.5124961     0.0204987546  -7.40315919e-06      0.999995366       2.00818423       1.00408746            0.025  0.000624461818  0.000624466738  41
     0.0475043338      0.487496252     0.0194987167  -7.08805551e-06      0.999995837       2.00815112       1.00407138            0.025  0.000624461818  0.000624462494  40
     0.0225043338      0.487496252     0.0194987167  -7.08805223e-06      0.999995837       2.00815117       1.00407141            0.025  0.000624461818  0.000624466345  39
     0.0469837949      0.462496414      0.018498685  -6.75399068e-06      0.999996261       2.00812108       1.00405679            0.025  0.000624461818  0.000624462328  38
     0.0219837949      0.462496414      0.018498685  -6.75398739e-06      0.999996261       2.00812113       1.00405681            0.025  0.000624461818  0.000624465981  37
     0.0464644371      0.437496584      0.017498659  -6.40293696e-06      0.999996643       2.00809381       1.00404353            0.025  0.000624461818  0.000624462188  36
     0.0214644372      0.437496584      0.017498659  -6.40293369e-06      0.999996643       2.00809386       1.00404356            0.025  0.000624461818  0.000624465644  35
     0.0459461967      0.412496763     0.0164986384  -6.03667788e-06      0.999996986       2.00806907       1.00403151            0.025  0.000624461818  0.000624462073  34
     0.0209461967      0.412496763     0.0164986384  -6.03667463e-06      0.999996986       2.00806912       1.00403154            0.025  0.000624461818  0.000624465331  33
     0.0454290096      0.387496948      0.015498623  -5.65683184e-06      0.999997293       2.00804669       1.00402063            0.025  0.000624461818  0.00062446198  32
     0.0204290096      0.387496948      0.015498623  -5.65682862e-06      0.999997293       2.00804673       1.00402065            0.025  0.000624461818  0.000624465041  31
     0.0449128122       0.36249714     0.0144986122  -5.26486956e-06      0.999997568       2.00802647       1.00401079            0.025  0.000624461818  0.000624461907  30
     0.0199128122       0.36249714     0.0144986123  -5.26486636e-06      0.999997568       2.00802651       1.00401081            0.025  0.000624461818  0.00062446477  29
     0.0443975404      0.337497337      0.013498606  -4.86212904e-06      0.999997813       2.00800826       1.00400193            0.025  0.000624461818  0.000624461852  28
     0.0193975404      0.337497337      0.013498606  -4.86212585e-06      0.999997813        2.0080083       1.00400195            0.025  0.000624461818  0.000624464518  27
     0.0438831306      0.312497539     0.0124986038  -4.44982859e-06      0.999998032       2.00799191       1.00399398            0.025  0.000624461818  0.000624461815  26
     0.0188831306      0.312497539     0.0124986038  -4.44982542e-06      0.999998032       2.00799195         1.003994            0.025  0.000624461818  0.000624464283  25
     0.0433695187      0.287497745     0.0114986054  -4.02907848e-06      0.999998225        2.0079773       1.00398687            0.025  0.000624461818  0.000624461792  24
     0.0183695187      0.287497745     0.0114986055  -4.02907532e-06      0.999998225       2.00797733       1.00398688            0.025  0.000624461818  0.000624464063  23
      0.042856641      0.262497955     0.0104986105  -3.60089128e-06      0.999998396        2.0079643       1.00398054            0.025  0.000624461818  0.000624461784  22
      0.017856641      0.262497955     0.0104986106  -3.60088814e-06      0.999998396       2.00796433       1.00398056            0.025  0.000624461818  0.000624463858  21
     0.0423444336      0.237498168    0.00949861878  -3.16619149e-06      0.999998546       2.00795282       1.00397495            0.025  0.000624461818  0.00062446179  20
     0.0173444336      0.237498168     0.0094986188  -3.16618836e-06      0.999998546       2.00795284       1.00397496            0.025  0.000624461818  0.000624463666  19
     0.0418328327      0.212498384    0.00849862985  -2.72582434e-06      0.999998677       2.00794274       1.00397004            0.025  0.000624461818  0.000624461807  18
     0.0168328327      0.212498384    0.00849862987  -2.72582123e-06      0.999998677       2.00794277       1.00397006            0.025  0.000624461818  0.000624463485  17
     0.0413217744      0.187498603    0.00749864344   -2.2805642e-06      0.999998789         2.007934       1.00396579            0.025  0.000624461818  0.000624461835  16
     0.0163217744      0.187498603    0.00749864345  -2.28056109e-06      0.999998789       2.00793402        1.0039658            0.025  0.000624461818  0.000624463316  15
     0.0408111948      0.162498823    0.00649865922  -1.83112254e-06      0.999998885       2.00792652       1.00396214            0.025  0.000624461818  0.000624461874  14
     0.0158111949      0.162498823    0.00649865924  -1.83111944e-06      0.999998885       2.00792654       1.00396215            0.025  0.000624461818  0.000624463158  13
     0.0403010302      0.137499046    0.00549867689   -1.3781557e-06      0.999998966       2.00792022       1.00395907            0.025  0.000624461818  0.000624461923  12
     0.0153010302      0.137499046     0.0054986769  -1.37815261e-06      0.999998966       2.00792024       1.00395908            0.025  0.000624461818  0.000624463009  11
     0.0397912167       0.11249927    0.00449869612  -9.22272402e-07      0.999999032       2.00791506       1.00395656            0.025  0.000624461818  0.00062446198  10
     0.0147912167       0.11249927    0.00449869614  -9.22269313e-07      0.999999032       2.00791508       1.00395657            0.025  0.000624461818  0.000624462869  9
     0.0392816904     0.0874994948    0.00349871662  -4.64041208e-07      0.999999084       2.00791099       1.00395458            0.025  0.000624461818  0.000624462046  8
     0.0142816904     0.0874994948    0.00349871663   -4.6403813e-07      0.999999084         2.007911       1.00395458            0.025  0.000624461818  0.000624462737  7
     0.0387723875     0.0624997208    0.00249873806  -3.99785067e-09      0.999999123       2.00790797        1.0039531            0.025  0.000624461818  0.000624462121  6
     0.0137723875     0.0624997208    0.00249873807  -3.99481839e-09      0.999999123       2.00790798       1.00395311            0.025  0.000624461818  0.000624462614  5
     0.0382632441     0.0374999475    0.00149876013    4.5735291e-07      0.999999154       2.00790597       1.00395214            0.025  0.000624461818  0.0006244622  4
     0.0132632441     0.0374999475    0.00149876014    4.5735567e-07      0.999999154       2.00790598       1.00395214            0.025  0.000624461818  0.000624462496  3
     0.0377541975     0.0125001748    0.00049878921   9.20784477e-07      0.999992509       2.00788842       1.00393669            0.025  0.000624461818  0.00062446644  2
     0.0127541975     0.0125001748   0.000498789217   9.20786283e-07      0.999992509       2.00788842       1.00393669            0.025  0.000624461818  0.000624466555  1
