title='particle position' 
variables=x, y, Ux, Uy, rho, e, p, h=supportlength/2, m, V, ID 
     0.0450172833      0.987499699     0.0395004366  -1.80430854e-06      0.999978936       2.00672378       1.00334076            0.025  0.000624461818  0.000624471714  80
     0.0200172833      0.987499699     0.0395004366  -1.80432297e-06      0.999978936       2.00672385       1.00334079            0.025  0.000624461818  0.00062447821  79
     0.0447950846      0.962499308     0.0385002457  -3.89459109e-06      0.999985187       2.00538049       1.00267539            0.025  0.000624461818  0.000624467267  78
     0.0197950846      0.962499308     0.0385002457  -3.89459171e-06      0.999985187       2.00538056       1.00267542            0.025  0.000624461818  0.000624474872  77
     0.0445753216       0.93749906     0.0375000732  -5.23841123e-06      0.999989456       2.00484392       1.00241139            0.025  0.000624461818  0.0006244647  76
     0.0195753216       0.93749906     0.0375000732  -5.23840841e-06      0.999989456       2.00484398       1.00241142            0.025  0.000624461818  0.000624472107  75
     0.0443579493      0.912498879     0.0364999138  -6.23689701e-06      0.999991708       2.00449991       1.00224165            0.025  0.000624461818  0.000624463392  74
     0.0193579493      0.912498879     0.0364999138  -6.23689415e-06      0.999991708       2.00449997       1.00224167            0.025  0.000624461818  0.000624470602  73
     0.0441429039       0.88749874     0.0354997671  -7.00481166e-06      0.999993283       2.00424672       1.00211663            0.025  0.000624461818  0.000624462507  72
     0.0191429039       0.88749874     0.0354997671  -7.00480909e-06      0.999993283       2.00424677       1.00211665            0.025  0.000624461818  0.00062446952  71
     0.0439301217      0.862498634     0.0344996325   -7.6001924e-06       0.99999449       2.00404705         1.002018            0.025  0.000624461818  0.000624461852  70
     0.0189301217      0.862498634     0.0344996325  -7.60019006e-06       0.99999449        2.0040471       1.00201803            0.025  0.000624461818  0.000624468667  69
     0.0437195388      0.837498554     0.0334995095  -8.05870926e-06      0.999995461       2.00388294       1.00193692            0.025  0.000624461818  0.000624461345  68
     0.0187195388      0.837498554     0.0334995095   -8.0587071e-06      0.999995461       2.00388298       1.00193694            0.025  0.000624461818  0.000624467962  67
     0.0435110915      0.812498494     0.0324993977   -8.4047047e-06      0.999996266       2.00374431       1.00186841            0.025  0.000624461818  0.000624460941  66
     0.0185110915      0.812498494     0.0324993977  -8.40470268e-06      0.999996266       2.00374435       1.00186843            0.025  0.000624461818  0.000624467361  65
     0.0433047159      0.787498452     0.0314992965   -8.6559399e-06      0.999996946       2.00362495       1.00180941            0.025  0.000624461818  0.000624460615  64
     0.0183047159      0.787498452     0.0314992966  -8.65593799e-06      0.999996946       2.00362498       1.00180943            0.025  0.000624461818  0.000624466837  63
     0.0431003484      0.762498424     0.0304992057  -8.82599627e-06      0.999997531       2.00352072       1.00175788            0.025  0.000624461818  0.000624460349  62
     0.0181003484      0.762498424     0.0304992057  -8.82599446e-06      0.999997531       2.00352075        1.0017579            0.025  0.000624461818  0.000624466373  61
     0.0428979252      0.737498409     0.0294991247  -8.92562721e-06      0.999998039       2.00342874        1.0017124            0.025  0.000624461818  0.00062446013  60
     0.0178979252      0.737498409     0.0294991247  -8.92562548e-06      0.999998039       2.00342877       1.00171242            0.025  0.000624461818  0.000624465957  59
     0.0426973824      0.712498405     0.0284990533  -8.96357899e-06      0.999998483       2.00334692       1.00167194            0.025  0.000624461818  0.000624459951  58
     0.0176973824      0.712498405     0.0284990533  -8.96357733e-06      0.999998483       2.00334695       1.00167196            0.025  0.000624461818  0.000624465581  57
     0.0424986564       0.68749841      0.027498991  -8.94711882e-06      0.999998875       2.00327369       1.00163572            0.025  0.000624461818  0.000624459805  56
     0.0174986564       0.68749841     0.0274989911  -8.94711722e-06      0.999998875       2.00327372       1.00163573            0.025  0.000624461818  0.000624465237  55
     0.0423016833      0.662498424     0.0264989376  -8.88239013e-06      0.999999222       2.00320783       1.00160313            0.025  0.000624461818  0.000624459688  54
     0.0173016833      0.662498424     0.0264989376  -8.88238859e-06      0.999999222       2.00320786       1.00160315            0.025  0.000624461818  0.000624464922  53
     0.0421063995      0.637498445     0.0254988926  -8.77466038e-06      0.999999531       2.00314838       1.00157372            0.025  0.000624461818  0.000624459594  52
     0.0171063995      0.637498445     0.0254988926  -8.77465888e-06      0.999999531       2.00314841       1.00157373            0.025  0.000624461818  0.00062446463  51
     0.0419127411      0.612498473     0.0244988557  -8.62849925e-06      0.999999806       2.00309458       1.00154709            0.025  0.000624461818  0.000624459521  50
     0.0169127412      0.612498473     0.0244988557  -8.62849781e-06      0.999999806        2.0030946       1.00154711            0.025  0.000624461818  0.00062446436  49
     0.0417206445      0.587498507     0.0234988266  -8.44790999e-06       1.00000005       2.00304578       1.00152294            0.025  0.000624461818  0.000624459466  48
     0.0167206445      0.587498507     0.0234988266  -8.44790858e-06       1.00000005        2.0030458       1.00152295            0.025  0.000624461818  0.000624464108  47
     0.0415300458      0.562498546     0.0224988049   -8.2364283e-06       1.00000027       2.00300146         1.001501            0.025  0.000624461818  0.000624459428  46
     0.0165300458      0.562498546      0.022498805  -8.23642693e-06       1.00000027       2.00300148       1.00150101            0.025  0.000624461818  0.000624463872  45
     0.0413408813      0.537498589     0.0214987904   -7.9971983e-06       1.00000047       2.00296118       1.00148106            0.025  0.000624461818  0.000624459404  44
     0.0163408813      0.537498589     0.0214987904  -7.99719697e-06       1.00000047        2.0029612       1.00148107            0.025  0.000624461818  0.00062446365  43
     0.0411530873      0.512498637     0.0204987826  -7.73303175e-06       1.00000064       2.00292455       1.00146292            0.025  0.000624461818  0.000624459392  42
     0.0161530873      0.512498637     0.0204987826  -7.73303046e-06       1.00000064       2.00292457       1.00146293            0.025  0.000624461818  0.000624463441  41
     0.0409665999      0.487498688     0.0194987812  -7.44645502e-06        1.0000008       2.00289125       1.00144643            0.025  0.000624461818  0.000624459393  40
     0.0159665999      0.487498688     0.0194987812  -7.44645376e-06        1.0000008       2.00289127       1.00144644            0.025  0.000624461818  0.000624463244  39
     0.0407813555      0.462498743      0.018498786  -7.13974678e-06       1.00000094       2.00286099       1.00143144            0.025  0.000624461818  0.000624459403  38
     0.0157813555      0.462498743      0.018498786  -7.13974554e-06       1.00000094       2.00286101       1.00143145            0.025  0.000624461818  0.000624463057  37
     0.0405972904        0.4374988     0.0174987965  -6.81496874e-06       1.00000107       2.00283352       1.00141783            0.025  0.000624461818  0.000624459423  36
     0.0155972904        0.4374988     0.0174987965  -6.81496753e-06       1.00000107       2.00283354       1.00141784            0.025  0.000624461818  0.00062446288  35
     0.0404143406       0.41249886     0.0164988125  -6.47399099e-06       1.00000118       2.00280861       1.00140549            0.025  0.000624461818  0.000624459452  34
     0.0154143406       0.41249886     0.0164988125  -6.47398981e-06       1.00000118       2.00280863        1.0014055            0.025  0.000624461818  0.000624462711  33
     0.0402324426      0.387498922     0.0154988336  -6.11851322e-06       1.00000128       2.00278607       1.00139432            0.025  0.000624461818  0.000624459488  32
     0.0152324426      0.387498922     0.0154988336  -6.11851205e-06       1.00000128       2.00278609       1.00139433            0.025  0.000624461818  0.000624462549  31
     0.0400515326      0.362498986     0.0144988595  -5.75008264e-06       1.00000137       2.00276571       1.00138423            0.025  0.000624461818  0.00062445953  30
     0.0150515326      0.362498986     0.0144988595  -5.75008149e-06       1.00000137       2.00276573       1.00138424            0.025  0.000624461818  0.000624462394  29
     0.0398715468      0.337499052     0.0134988899  -5.37010947e-06       1.00000145       2.00274738       1.00137514            0.025  0.000624461818  0.00062445958  28
     0.0148715468      0.337499052     0.0134988899  -5.37010834e-06       1.00000145        2.0027474       1.00137515            0.025  0.000624461818  0.000624462246  27
     0.0396924215       0.31249912     0.0124989245  -4.97988041e-06       1.00000152       2.00273093       1.00136699            0.025  0.000624461818  0.000624459635  26
     0.0146924215       0.31249912     0.0124989245  -4.97987929e-06       1.00000152       2.00273094       1.00136699            0.025  0.000624461818  0.000624462103  25
     0.0395140929      0.287499188     0.0114989629  -4.58057059e-06       1.00000158       2.00271622        1.0013597            0.025  0.000624461818  0.000624459695  24
     0.0145140929      0.287499188     0.0114989629  -4.58056949e-06       1.00000158       2.00271623        1.0013597            0.025  0.000624461818  0.000624461966  23
     0.0393364973      0.262499258     0.0104990048  -4.17325434e-06       1.00000164       2.00270314       1.00135321            0.025  0.000624461818  0.00062445976  22
     0.0143364973      0.262499258     0.0104990048  -4.17325326e-06       1.00000164       2.00270315       1.00135322            0.025  0.000624461818  0.000624461833  21
     0.0391595709      0.237499329     0.0094990499  -3.75891505e-06       1.00000168       2.00269158       1.00134748            0.025  0.000624461818  0.000624459829  20
     0.0141595709      0.237499329    0.00949904991  -3.75891398e-06       1.00000168       2.00269159       1.00134748            0.025  0.000624461818  0.000624461705  19
     0.0389832501      0.212499401    0.00849909789  -3.33845429e-06       1.00000173       2.00268145       1.00134245            0.025  0.000624461818  0.000624459902  18
     0.0139832501      0.212499401     0.0084990979  -3.33845323e-06       1.00000173       2.00268146       1.00134246            0.025  0.000624461818  0.000624461581  17
      0.038807471      0.187499474    0.00749914843  -2.91270047e-06       1.00000176       2.00267266       1.00133809            0.025  0.000624461818  0.000624459979  16
      0.013807471      0.187499474    0.00749914844  -2.91269941e-06       1.00000176       2.00267266       1.00133809            0.025  0.000624461818  0.00062446146  15
       0.03863217      0.162499547    0.00649920121   -2.4824171e-06       1.00000179       2.00266512       1.00133436            0.025  0.000624461818  0.000624460059  14
       0.01363217      0.162499547    0.00649920122  -2.48241605e-06       1.00000179       2.00266513       1.00133436            0.025  0.000624461818  0.000624461342  13
     0.0384572832      0.137499621     0.0054992559  -2.04831075e-06       1.00000182       2.00265879       1.00133121            0.025  0.000624461818  0.000624460142  12
     0.0134572832      0.137499621    0.00549925592  -2.04830972e-06       1.00000182        2.0026588       1.00133122            0.025  0.000624461818  0.000624461228  11
      0.038282747      0.112499695     0.0044993122  -1.61103888e-06       1.00000184        2.0026536       1.00132864            0.025  0.000624461818  0.000624460228  10
      0.013282747      0.112499695    0.00449931221  -1.61103785e-06       1.00000184        2.0026536       1.00132864            0.025  0.000624461818  0.000624461116  9
     0.0381084976       0.08749977    0.00349936977  -1.17121744e-06       1.00000185        2.0026495       1.00132661            0.025  0.000624461818  0.000624460316  8
     0.0131084976       0.08749977    0.00349936978  -1.17121642e-06       1.00000185       2.00264951       1.00132661            0.025  0.000624461818  0.000624461008  7
     0.0379344712     0.0624998449     0.0024994283  -7.29428558e-07       1.00000186       2.00264646        1.0013251            0.025  0.000624461818  0.000624460408  6
     0.0129344712     0.0624998449    0.00249942832  -7.29427552e-07       1.00000186       2.00264647        1.0013251            0.025  0.000624461818  0.000624460901  5
     0.0377606042       0.03749992    0.00149948748  -2.86227757e-07       1.00000187       2.00264445        1.0013241            0.025  0.000624461818  0.000624460501  4
     0.0127606042       0.03749992    0.00149948749  -2.86226841e-07       1.00000187       2.00264446        1.0013241            0.025  0.000624461818  0.000624460797  3
     0.0375868328     0.0124999952    0.00049954773   1.58017095e-07       1.00000113       2.00264155       1.00132191            0.025  0.000624461818  0.000624461054  2
     0.0125868328     0.0124999952   0.000499547737   1.58017702e-07       1.00000113       2.00264155       1.00132191            0.025  0.000624461818  0.000624461169  1
