title='particle position' 
variables=x, y, Ux, Uy, rho, e, p, h=supportlength/2, m, V, ID 
    0.00699261639      0.987499056     0.0395010994  -2.44366311e-06      0.999936029       2.01143445       1.00565289            0.025  0.000624461818  0.000624504992  80
     0.0319926164      0.987499056     0.0395010994   -2.4436266e-06      0.999936029       2.01143451       1.00565292            0.025  0.000624461818  0.000624498496  79
    0.00646718506      0.962498048     0.0385008597  -4.42484349e-06      0.999955962       2.01011336       1.00501242            0.025  0.000624461818  0.000624493124  78
     0.0314671851      0.962498048     0.0385008597  -4.42483726e-06      0.999955962       2.01011342       1.00501245            0.025  0.000624461818  0.000624485519  77
    0.00594419616      0.937497406     0.0375006443  -5.68439613e-06       0.99996688        2.0095833       1.00475837            0.025  0.000624461818  0.000624486206  76
     0.0309441962      0.937497406     0.0375006443   -5.6844006e-06       0.99996688       2.00958336        1.0047584            0.025  0.000624461818  0.0006244788  75
    0.00542360216      0.912496932     0.0365004437  -6.60869481e-06      0.999972667       2.00924272        1.0045939            0.025  0.000624461818  0.000624482493  74
     0.0304236022      0.912496932     0.0365004437  -6.60870004e-06      0.999972667       2.00924277       1.00459393            0.025  0.000624461818  0.000624475284  73
    0.00490533922      0.887496571     0.0355002577  -7.30976626e-06      0.999976729        2.0089919       1.00447258            0.025  0.000624461818  0.000624479858  72
     0.0299053392      0.887496571     0.0355002577  -7.30977114e-06      0.999976729       2.00899196        1.0044726            0.025  0.000624461818  0.000624472846  71
     0.0043893433      0.862496294     0.0345000852  -7.84405319e-06      0.999979855       2.00879404       1.00437679            0.025  0.000624461818  0.000624477807  70
     0.0293893433      0.862496294     0.0345000852  -7.84405772e-06      0.999979855       2.00879409       1.00437681            0.025  0.000624461818  0.000624470993  69
    0.00387555041      0.837496083     0.0334999254   -8.2462122e-06       0.99998238       2.00863137       1.00429799            0.025  0.000624461818  0.000624476132  68
     0.0288755504      0.837496083     0.0334999253  -8.24621647e-06       0.99998238       2.00863143       1.00429802            0.025  0.000624461818  0.000624469515  67
    0.00336389658      0.812495927     0.0324997775  -8.53987952e-06      0.999984482       2.00849394       1.00423139            0.025  0.000624461818  0.00062447472  66
     0.0283638966      0.812495927     0.0324997775   -8.5398836e-06      0.999984482         2.008494       1.00423142            0.025  0.000624461818  0.000624468301  65
    0.00285431789      0.787495815      0.031499641  -8.74229174e-06       0.99998627       2.00837558         1.004174            0.025  0.000624461818  0.000624473504  64
     0.0278543179      0.787495815      0.031499641  -8.74229567e-06       0.99998627       2.00837564       1.00417404            0.025  0.000624461818  0.000624467283  63
    0.00234675043      0.762495743     0.0304995153  -8.86662208e-06      0.999987814       2.00827222       1.00412387            0.025  0.000624461818  0.000624472442  62
     0.0273467504      0.762495743     0.0304995153  -8.86662592e-06      0.999987814       2.00827228        1.0041239            0.025  0.000624461818  0.000624466418  61
     0.0018411303      0.737495704     0.0294993999   -8.9232948e-06      0.999989161       2.00818099       1.00407961            0.025  0.000624461818  0.000624471502  60
     0.0268411303      0.737495704     0.0294993999  -8.92329879e-06      0.999989161       2.00818105       1.00407964            0.025  0.000624461818  0.000624465676  59
     0.0013373936      0.712495695     0.0284992944  -8.92078288e-06      0.999990346       2.00809982       1.00404022            0.025  0.000624461818  0.000624470663  58
     0.0263373936      0.712495695     0.0284992944  -8.92078863e-06      0.999990346       2.00809989       1.00404025            0.025  0.000624461818  0.000624465034  57
   0.000835476453      0.687495711     0.0274991983    -8.866118e-06      0.999991397       2.00802716       1.00400494            0.025  0.000624461818  0.000624469908  56
     0.0258354764      0.687495711     0.0274991983  -8.86613622e-06      0.999991397       2.00802723       1.00400498            0.025  0.000624461818  0.000624464477  55
   0.000335314984       0.66249575     0.0264991121  -8.76523126e-06      0.999992332        2.0079618        1.0039732            0.025  0.000624461818  0.000624469258  54
      0.025335315       0.66249575     0.0264991117  -8.76529889e-06      0.999992332       2.00796188       1.00397324            0.025  0.000624461818  0.000624464814  53
     0.0498368453      0.637495809     0.0254990337  -8.62326001e-06      0.999993168       2.00790281       1.00394454            0.025  0.000624461818  0.000624463534  52
     0.0248368453      0.637495809     0.0254990333  -8.62332478e-06      0.999993168       2.00790288       1.00394458            0.025  0.000624461818  0.000624467749  51
     0.0493400036      0.612495886     0.0244989626  -8.44461774e-06      0.999993917        2.0078494       1.00391859            0.025  0.000624461818  0.000624463199  50
     0.0243400036      0.612495886     0.0244989626   -8.4446299e-06      0.999993917       2.00784947       1.00391863            0.025  0.000624461818  0.000624468038  49
      0.048844726      0.587495979     0.0234989002  -8.23312449e-06       0.99999459       2.00780096       1.00389505            0.025  0.000624461818  0.000624462878  48
      0.023844726      0.587495979     0.0234989002  -8.23312349e-06       0.99999459       2.00780103       1.00389508            0.025  0.000624461818  0.000624467519  47
     0.0483509486      0.562496086     0.0224988454  -7.99220432e-06      0.999995195       2.00775696       1.00387366            0.025  0.000624461818  0.000624462598  46
     0.0233509486      0.562496086     0.0224988454  -7.99220141e-06      0.999995195       2.00775702       1.00387369            0.025  0.000624461818  0.000624467042  45
     0.0478586075      0.537496207     0.0214987977  -7.72489161e-06       0.99999574       2.00771696        1.0038542            0.025  0.000624461818  0.000624462357  44
     0.0228586075      0.537496207     0.0214987977  -7.72488847e-06       0.99999574       2.00771702       1.00385423            0.025  0.000624461818  0.000624466603  43
      0.047367639      0.512496338     0.0204987568  -7.43389371e-06      0.999996231       2.00768059       1.00383651            0.025  0.000624461818  0.000624462149  42
      0.022367639      0.512496338     0.0204987569  -7.43389057e-06      0.999996231       2.00768064       1.00383654            0.025  0.000624461818  0.000624466198  41
     0.0468779791       0.48749648     0.0194987224  -7.12164001e-06      0.999996673       2.00764751       1.00382042            0.025  0.000624461818  0.000624461972  40
     0.0218779791       0.48749648     0.0194987224  -7.12163689e-06      0.999996673       2.00764757       1.00382044            0.025  0.000624461818  0.000624465823  39
      0.046389564      0.462496631     0.0184986941  -6.79031914e-06       0.99999707       2.00761746       1.00380579            0.025  0.000624461818  0.000624461822  38
     0.0213895641      0.462496631     0.0184986941  -6.79031605e-06       0.99999707       2.00761751       1.00380581            0.025  0.000624461818  0.000624465476  37
     0.0459023299      0.437496791     0.0174986715  -6.44190888e-06      0.999997428       2.00759016        1.0037925            0.025  0.000624461818  0.000624461698  36
     0.0209023299      0.437496791     0.0174986715  -6.44190581e-06      0.999997428       2.00759021       1.00379252            0.025  0.000624461818  0.000624465154  35
     0.0454162129      0.412496957     0.0164986543  -6.07820083e-06      0.999997749       2.00756542       1.00378045            0.025  0.000624461818  0.000624461596  34
     0.0204162129      0.412496957     0.0164986544  -6.07819778e-06      0.999997749       2.00756546       1.00378047            0.025  0.000624461818  0.000624464855  33
     0.0449311492      0.387497131     0.0154986423  -5.70082096e-06      0.999998037       2.00754302       1.00376954            0.025  0.000624461818  0.000624461515  32
     0.0199311492      0.387497131     0.0154986423  -5.70081794e-06      0.999998037       2.00754306       1.00376956            0.025  0.000624461818  0.000624464576  31
     0.0444470749       0.36249731      0.014498635  -5.31124714e-06      0.999998295       2.00752278       1.00375968            0.025  0.000624461818  0.000624461453  30
     0.0194470749       0.36249731      0.014498635  -5.31124414e-06      0.999998295       2.00752282        1.0037597            0.025  0.000624461818  0.000624464316  29
     0.0439639262      0.337497494     0.0134986322  -4.91082408e-06      0.999998525       2.00750456        1.0037508            0.025  0.000624461818  0.000624461408  28
     0.0189639262      0.337497494     0.0134986322   -4.9108211e-06      0.999998525        2.0075046       1.00375082            0.025  0.000624461818  0.000624464074  27
     0.0434816391      0.312497682     0.0124986335  -4.50077649e-06      0.999998729        2.0074882       1.00374283            0.025  0.000624461818  0.000624461379  26
     0.0184816392      0.312497682     0.0124986335  -4.50077352e-06      0.999998729       2.00748824       1.00374284            0.025  0.000624461818  0.000624463847  25
       0.04300015      0.287497875     0.0114986385  -4.08222066e-06      0.999998911       2.00747358        1.0037357            0.025  0.000624461818  0.000624461364  24
       0.01800015      0.287497875     0.0114986386   -4.0822177e-06      0.999998911       2.00747361       1.00373571            0.025  0.000624461818  0.000624463635  23
      0.042519395      0.262498071     0.0104986471  -3.65617491e-06      0.999999071       2.00746058       1.00372936            0.025  0.000624461818  0.000624461363  22
      0.017519395      0.262498071     0.0104986471  -3.65617196e-06      0.999999071       2.00746061       1.00372937            0.025  0.000624461818  0.000624463437  21
     0.0420393101      0.237498271    0.00949865879  -3.22356921e-06      0.999999211       2.00744909       1.00372375            0.025  0.000624461818  0.000624461374  20
     0.0170393101      0.237498271     0.0094986588  -3.22356627e-06      0.999999211       2.00744911       1.00372376            0.025  0.000624461818  0.00062446325  19
     0.0415598317      0.212498473    0.00849867332  -2.78525403e-06      0.999999333       2.00743901       1.00371883            0.025  0.000624461818  0.000624461397  18
     0.0165598317      0.212498473    0.00849867334  -2.78525111e-06      0.999999333       2.00743903       1.00371885            0.025  0.000624461818  0.000624463075  17
     0.0410808957      0.187498677    0.00749869037  -2.34200875e-06      0.999999439       2.00743026       1.00371457            0.025  0.000624461818  0.00062446143  16
     0.0160808957      0.187498677    0.00749869039  -2.34200584e-06      0.999999439       2.00743028       1.00371458            0.025  0.000624461818  0.000624462911  15
     0.0406024385      0.162498883    0.00649870963  -1.89454969e-06      0.999999529       2.00742277       1.00371091            0.025  0.000624461818  0.000624461472  14
     0.0156024385      0.162498883    0.00649870964  -1.89454679e-06      0.999999529       2.00742279       1.00371092            0.025  0.000624461818  0.000624462756  13
     0.0401243961      0.137499091    0.00549873077  -1.44353783e-06      0.999999604       2.00741647       1.00370784            0.025  0.000624461818  0.000624461524  12
     0.0151243961      0.137499091    0.00549873078  -1.44353493e-06      0.999999604       2.00741649       1.00370785            0.025  0.000624461818  0.00062446261  11
     0.0396467048        0.1124993    0.00449875348  -9.89586422e-07      0.999999666       2.00741131       1.00370532            0.025  0.000624461818  0.000624461584  10
     0.0146467048        0.1124993    0.00449875349  -9.89583531e-07      0.999999666       2.00741132       1.00370533            0.025  0.000624461818  0.000624462473  9
     0.0391693006     0.0874995109    0.00349877745  -5.33268419e-07      0.999999714       2.00740724       1.00370333            0.025  0.000624461818  0.000624461652  8
     0.0141693006     0.0874995109    0.00349877747  -5.33265538e-07      0.999999714       2.00740725       1.00370334            0.025  0.000624461818  0.000624462343  7
     0.0386921198     0.0624997221    0.00249880237  -7.51238496e-08      0.999999751       2.00740422       1.00370186            0.025  0.000624461818  0.000624461728  6
     0.0136921198     0.0624997221    0.00249880239  -7.51210116e-08      0.999999751       2.00740422       1.00370186            0.025  0.000624461818  0.000624462222  5
     0.0382150985      0.037499934    0.00149882793   3.84337353e-07       0.99999978       2.00740222       1.00370089            0.025  0.000624461818  0.000624461809  4
     0.0132150985      0.037499934    0.00149882794   3.84339936e-07       0.99999978       2.00740222       1.00370089            0.025  0.000624461818  0.000624462105  3
     0.0377381738     0.0125001464   0.000498859649   8.45745217e-07       0.99999397        2.0073867        1.0036873            0.025  0.000624461818  0.000624465528  2
     0.0127381738     0.0125001464   0.000498859655   8.45746908e-07       0.99999397        2.0073867        1.0036873            0.025  0.000624461818  0.000624465642  1
