title='particle position' 
variables=x, y, Ux, Uy, rho, e, p, h=supportlength/2, m, V, ID 
     0.0450965911      0.987499695     0.0395004412  -1.80841052e-06      0.999978687       2.00675503       1.00335613            0.025  0.000624461818  0.00062447187  80
     0.0200965911      0.987499695     0.0395004411   -1.8084251e-06      0.999978687        2.0067551       1.00335617            0.025  0.000624461818  0.000624478365  79
     0.0448723842        0.9624993     0.0385002499  -3.89796931e-06      0.999985013       2.00541185        1.0026909            0.025  0.000624461818  0.000624467376  78
     0.0198723842        0.9624993     0.0385002498  -3.89796996e-06      0.999985013       2.00541192       1.00269093            0.025  0.000624461818  0.000624474981  77
     0.0446506131       0.93749905     0.0375000771   -5.2412305e-06      0.999989327       2.00487532       1.00242696            0.025  0.000624461818  0.000624464781  76
     0.0196506131       0.93749905     0.0375000771  -5.24122768e-06      0.999989327       2.00487538       1.00242699            0.025  0.000624461818  0.000624472188  75
     0.0444312327      0.912498866     0.0364999174  -6.23922525e-06      0.999991602       2.00453134       1.00225725            0.025  0.000624461818  0.000624463458  74
     0.0194312327      0.912498866     0.0364999174  -6.23922238e-06      0.999991602       2.00453139       1.00225728            0.025  0.000624461818  0.000624470668  73
     0.0442141793      0.887498726     0.0354997704  -7.00669845e-06      0.999993194       2.00427817       1.00213226            0.025  0.000624461818  0.000624462563  72
     0.0192141793      0.887498726     0.0354997704  -7.00669587e-06      0.999993194       2.00427822       1.00213229            0.025  0.000624461818  0.000624469575  71
      0.043999389      0.862498619     0.0344996356   -7.6016766e-06      0.999994414       2.00407851       1.00203366            0.025  0.000624461818  0.0006244619  70
      0.018999389      0.862498619     0.0344996356  -7.60167425e-06      0.999994414       2.00407855       1.00203368            0.025  0.000624461818  0.000624468714  69
     0.0437867981      0.837498538     0.0334995124  -8.05982291e-06      0.999995395        2.0039144       1.00195259            0.025  0.000624461818  0.000624461386  68
     0.0187867981      0.837498538     0.0334995124  -8.05982074e-06      0.999995395       2.00391445       1.00195261            0.025  0.000624461818  0.000624468003  67
     0.0435763428      0.812498477     0.0324994003  -8.40547508e-06      0.999996209       2.00377578       1.00188409            0.025  0.000624461818  0.000624460977  66
     0.0185763428      0.812498477     0.0324994003  -8.40547304e-06      0.999996209       2.00377583       1.00188411            0.025  0.000624461818  0.000624467396  65
     0.0433679593      0.787498434     0.0314992989  -8.65639074e-06      0.999996897       2.00365643       1.00182511            0.025  0.000624461818  0.000624460646  64
     0.0183679593      0.787498434     0.0314992989  -8.65638882e-06      0.999996897       2.00365647       1.00182512            0.025  0.000624461818  0.000624466868  63
     0.0431615838      0.762498406     0.0304992078  -8.82614857e-06      0.999997488        2.0035522       1.00177359            0.025  0.000624461818  0.000624460375  62
     0.0181615838      0.762498406     0.0304992078  -8.82614675e-06      0.999997488       2.00355224        1.0017736            0.025  0.000624461818  0.0006244664  61
     0.0429571526      0.737498391     0.0294991266  -8.92549974e-06      0.999998002       2.00346023       1.00172811            0.025  0.000624461818  0.000624460153  60
     0.0179571526      0.737498391     0.0294991266  -8.92549799e-06      0.999998002       2.00346027       1.00172813            0.025  0.000624461818  0.00062446598  59
      0.042754602      0.712498387      0.028499055  -8.96318867e-06      0.999998451       2.00337842       1.00168766            0.025  0.000624461818  0.000624459971  58
      0.017754602      0.712498387      0.028499055    -8.963187e-06      0.999998451       2.00337845       1.00168767            0.025  0.000624461818  0.000624465601  57
      0.042553868      0.687498392     0.0274989925  -8.94648103e-06      0.999998848       2.00330519       1.00165144            0.025  0.000624461818  0.000624459823  56
      0.017553868      0.687498392     0.0274989925  -8.94647942e-06      0.999998848       2.00330522       1.00165146            0.025  0.000624461818  0.000624465254  55
     0.0423548871      0.662498406     0.0264989388  -8.88151889e-06      0.999999199       2.00323933       1.00161886            0.025  0.000624461818  0.000624459702  54
     0.0173548871      0.662498406     0.0264989388  -8.88151733e-06      0.999999199       2.00323936       1.00161888            0.025  0.000624461818  0.000624464937  53
     0.0421575954      0.637498428     0.0254988936  -8.77356853e-06      0.999999511       2.00317989       1.00158945            0.025  0.000624461818  0.000624459606  52
     0.0171575954      0.637498428     0.0254988936  -8.77356703e-06      0.999999511       2.00317992       1.00158947            0.025  0.000624461818  0.000624464643  51
     0.0419619292      0.612498456     0.0244988565   -8.6271986e-06      0.999999789       2.00312609       1.00156283            0.025  0.000624461818  0.000624459531  50
     0.0169619292      0.612498456     0.0244988565  -8.62719714e-06      0.999999789       2.00312611       1.00156284            0.025  0.000624461818  0.00062446437  49
     0.0417678247       0.58749849     0.0234988271  -8.44641138e-06       1.00000004       2.00307729       1.00153868            0.025  0.000624461818  0.000624459475  48
     0.0167678247       0.58749849     0.0234988271  -8.44640997e-06       1.00000004       2.00307731       1.00153869            0.025  0.000624461818  0.000624464116  47
     0.0415752182      0.562498529     0.0224988052  -8.23474175e-06       1.00000026       2.00303297       1.00151675            0.025  0.000624461818  0.000624459435  46
     0.0165752182      0.562498529     0.0224988052  -8.23474037e-06       1.00000026         2.003033       1.00151676            0.025  0.000624461818  0.000624463879  45
     0.0413840459      0.537498573     0.0214987904  -7.99533304e-06       1.00000046       2.00299269       1.00149681            0.025  0.000624461818  0.000624459409  44
     0.0163840459      0.537498573     0.0214987905   -7.9953317e-06       1.00000046       2.00299272       1.00149682            0.025  0.000624461818  0.000624463656  43
     0.0411942441      0.512498621     0.0204987824   -7.7309963e-06       1.00000064       2.00295607       1.00147867            0.025  0.000624461818  0.000624459397  42
     0.0161942441      0.512498621     0.0204987824  -7.73099499e-06       1.00000064       2.00295609       1.00147868            0.025  0.000624461818  0.000624463446  41
      0.041005749      0.487498673     0.0194987808  -7.44425724e-06        1.0000008       2.00292277       1.00146218            0.025  0.000624461818  0.000624459396  40
      0.016005749      0.487498673     0.0194987808  -7.44425596e-06        1.0000008       2.00292279       1.00146219            0.025  0.000624461818  0.000624463247  39
     0.0408184968      0.462498728     0.0184987853  -7.13739392e-06       1.00000094       2.00289251        1.0014472            0.025  0.000624461818  0.000624459405  38
     0.0158184968      0.462498728     0.0184987854  -7.13739267e-06       1.00000094       2.00289253       1.00144721            0.025  0.000624461818  0.000624463059  37
     0.0406324239      0.437498786     0.0174987957  -6.81246748e-06       1.00000107       2.00286504       1.00143359            0.025  0.000624461818  0.000624459424  36
     0.0156324239      0.437498786     0.0174987957  -6.81246626e-06       1.00000107       2.00286506        1.0014336            0.025  0.000624461818  0.000624462881  35
     0.0404474665      0.412498847     0.0164988114  -6.47134749e-06       1.00000118       2.00284014       1.00142125            0.025  0.000624461818  0.000624459452  34
     0.0154474665      0.412498847     0.0164988114  -6.47134629e-06       1.00000118       2.00284015       1.00142126            0.025  0.000624461818  0.000624462711  33
     0.0402635607       0.38749891     0.0154988323  -6.11573311e-06       1.00000128        2.0028176       1.00141008            0.025  0.000624461818  0.000624459487  32
     0.0152635607       0.38749891     0.0154988323  -6.11573193e-06       1.00000128       2.00281761       1.00141009            0.025  0.000624461818  0.000624462548  31
      0.040080643      0.362498975      0.014498858   -5.7471711e-06       1.00000137       2.00279724           1.0014            0.025  0.000624461818  0.000624459529  30
      0.015080643      0.362498975      0.014498858  -5.74716994e-06       1.00000137       2.00279725           1.0014            0.025  0.000624461818  0.000624462393  29
     0.0398986495      0.337499041     0.0134988882  -5.36707123e-06       1.00000145       2.00277891       1.00139091            0.025  0.000624461818  0.000624459578  28
     0.0148986495      0.337499041     0.0134988882  -5.36707009e-06       1.00000145       2.00277892       1.00139092            0.025  0.000624461818  0.000624462244  27
     0.0397175164       0.31249911     0.0124989225  -4.97671979e-06       1.00000153       2.00276245       1.00138275            0.025  0.000624461818  0.000624459632  26
     0.0147175164       0.31249911     0.0124989225  -4.97671866e-06       1.00000153       2.00276247       1.00138276            0.025  0.000624461818  0.000624462101  25
     0.0395371801      0.287499179     0.0114989607  -4.57729149e-06       1.00000159       2.00274775       1.00137546            0.025  0.000624461818  0.000624459692  24
     0.0145371801      0.287499179     0.0114989607  -4.57729038e-06       1.00000159       2.00274776       1.00137547            0.025  0.000624461818  0.000624461963  23
     0.0393575769       0.26249925     0.0104990024  -4.16986029e-06       1.00000164       2.00273467       1.00136898            0.025  0.000624461818  0.000624459756  22
     0.0143575769       0.26249925     0.0104990024   -4.1698592e-06       1.00000164       2.00273468       1.00136898            0.025  0.000624461818  0.00062446183  21
     0.0391786428      0.237499322    0.00949904726  -3.75540921e-06       1.00000169       2.00272311       1.00136325            0.025  0.000624461818  0.000624459825  20
     0.0141786428      0.237499322    0.00949904727  -3.75540813e-06       1.00000169       2.00272312       1.00136325            0.025  0.000624461818  0.000624461701  19
     0.0390003143      0.212499395    0.00849909501  -3.33483947e-06       1.00000173       2.00271298       1.00135822            0.025  0.000624461818  0.000624459898  18
     0.0140003143      0.212499395    0.00849909503   -3.3348384e-06       1.00000173       2.00271299       1.00135823            0.025  0.000624461818  0.000624461576  17
     0.0388225276      0.187499468    0.00749914533  -2.90897915e-06       1.00000177       2.00270418       1.00135386            0.025  0.000624461818  0.000624459974  16
     0.0138225276      0.187499468    0.00749914534  -2.90897809e-06       1.00000177       2.00270419       1.00135387            0.025  0.000624461818  0.000624461455  15
     0.0386452189      0.162499542    0.00649919788  -2.47859144e-06        1.0000018       2.00269665       1.00135013            0.025  0.000624461818  0.000624460054  14
     0.0136452189      0.162499542    0.00649919789  -2.47859039e-06        1.0000018       2.00269666       1.00135013            0.025  0.000624461818  0.000624461338  13
     0.0384683244      0.137499617    0.00549925234  -2.04438261e-06       1.00000182       2.00269032       1.00134699            0.025  0.000624461818  0.000624460137  12
     0.0134683244      0.137499617    0.00549925236  -2.04438156e-06       1.00000182       2.00269033       1.00134699            0.025  0.000624461818  0.000624461223  11
     0.0382917806      0.112499692    0.00449930841  -1.60700978e-06       1.00000184       2.00268513       1.00134441            0.025  0.000624461818  0.000624460223  10
     0.0132917806      0.112499692    0.00449930842  -1.60700874e-06       1.00000184       2.00268513       1.00134441            0.025  0.000624461818  0.000624461111  9
     0.0381155235     0.0874997676    0.00349936575  -1.16708865e-06       1.00000186       2.00268103       1.00134238            0.025  0.000624461818  0.000624460311  8
     0.0131155235     0.0874997676    0.00349936577  -1.16708762e-06       1.00000186       2.00268104       1.00134238            0.025  0.000624461818  0.000624461002  7
     0.0379394895     0.0624998434    0.00249942406  -7.25201031e-07       1.00000187       2.00267799       1.00134087            0.025  0.000624461818  0.000624460402  6
     0.0129394895     0.0624998434    0.00249942407  -7.25200013e-07       1.00000187         2.002678       1.00134087            0.025  0.000624461818  0.000624460896  5
     0.0377636148     0.0374999194      0.001499483  -2.81902166e-07       1.00000188       2.00267598       1.00133988            0.025  0.000624461818  0.000624460496  4
     0.0127636148     0.0374999194    0.00149948302  -2.81901239e-07       1.00000188       2.00267599       1.00133988            0.025  0.000624461818  0.000624460792  3
     0.0375878357     0.0124999955    0.00049954304   1.62444154e-07       1.00000112       2.00267303       1.00133764            0.025  0.000624461818  0.000624461059  2
     0.0125878357     0.0124999955   0.000499543046   1.62444769e-07       1.00000112       2.00267303       1.00133764            0.025  0.000624461818  0.000624461174  1
