title='particle position' 
variables=x, y, Ux, Uy, rho, e, p, h=supportlength/2, m, V, ID 
    0.00461343718      0.987499199      0.039500971  -2.31355096e-06      0.999945411       2.01049991       1.00519508            0.025  0.000624461818  0.000624499135  80
     0.0296134372      0.987499199      0.039500971  -2.31351874e-06      0.999945411       2.01049998       1.00519512            0.025  0.000624461818  0.00062449264  79
    0.00414825083      0.962498311     0.0385007403  -4.31635873e-06      0.999962239       2.00917348       1.00454881            0.025  0.000624461818  0.000624489204  78
     0.0291482508      0.962498311     0.0385007403   -4.3163537e-06      0.999962239       2.00917356       1.00454884            0.025  0.000624461818  0.000624481599  77
    0.00368550545      0.937497745     0.0375005332  -5.59262544e-06      0.999971853       2.00864215       1.00429281            0.025  0.000624461818  0.0006244831  76
     0.0286855055      0.937497745     0.0375005332  -5.59262981e-06      0.999971853       2.00864222       1.00429284            0.025  0.000624461818  0.000624475694  75
     0.0032251541      0.912497328     0.0365003405  -6.53166509e-06      0.999976946       2.00830089        1.0041273            0.025  0.000624461818  0.000624479821  74
     0.0282251541      0.912497328     0.0365003405     -6.53167e-06      0.999976946       2.00830096       1.00412733            0.025  0.000624461818  0.000624472612  73
    0.00276713294       0.88749701     0.0355001621  -7.24604164e-06      0.999980521       2.00804961       1.00400525            0.025  0.000624461818  0.00062447749  72
     0.0277671329       0.88749701     0.0355001621  -7.24604616e-06      0.999980521       2.00804968       1.00400528            0.025  0.000624461818  0.000624470478  71
      0.002311378      0.862496765     0.0344999969  -7.79251031e-06       0.99998327       2.00785139        1.0039089            0.025  0.000624461818  0.000624475674  70
      0.027311378      0.862496765     0.0344999969  -7.79251449e-06       0.99998327       2.00785146       1.00390894            0.025  0.000624461818  0.00062446886  69
    0.00185782533      0.837496579     0.0334998442  -8.20592631e-06      0.999985491       2.00768844       1.00382966            0.025  0.000624461818  0.000624474189  68
     0.0268578253      0.837496579     0.0334998442  -8.20593026e-06      0.999985491       2.00768851       1.00382969            0.025  0.000624461818  0.000624467572  67
    0.00140641101       0.81249644     0.0324997033  -8.51006413e-06      0.999987339       2.00755078       1.00376268            0.025  0.000624461818  0.000624472935  66
      0.026406411       0.81249644     0.0324997033  -8.51006813e-06      0.999987339       2.00755085       1.00376272            0.025  0.000624461818  0.000624466517  65
   0.000957071141      0.787496341     0.0314995736  -8.72226241e-06       0.99998891       2.00743223       1.00370498            0.025  0.000624461818  0.000624471855  64
     0.0259570711      0.787496341     0.0314995736  -8.72226812e-06       0.99998891        2.0074323       1.00370502            0.025  0.000624461818  0.000624465634  63
   0.000509741853      0.762496277     0.0304994547  -8.85576979e-06      0.999990266       2.00732869       1.00365458            0.025  0.000624461818  0.00062447091  62
     0.0255097418      0.762496277     0.0304994546  -8.85578794e-06      0.999990266       2.00732876       1.00365461            0.025  0.000624461818  0.000624464886  61
   6.43592594e-05      0.737496242     0.0294993469  -8.92106183e-06      0.999991449       2.00723731       1.00361008            0.025  0.000624461818  0.000624470106  60
     0.0250643593      0.737496242     0.0294993465  -8.92112942e-06      0.999991449       2.00723739       1.00361011            0.025  0.000624461818  0.000624465166  59
     0.0496208595      0.712496232      0.028499248  -8.92671022e-06       0.99999249       2.00715602       1.00357047            0.025  0.000624461818  0.000624463661  58
     0.0246208595      0.712496232     0.0284992476  -8.92677498e-06       0.99999249       2.00715609       1.00357051            0.025  0.000624461818  0.000624468372  57
     0.0491791788      0.687496245     0.0274991575  -8.87979494e-06      0.999993412       2.00708325       1.00353501            0.025  0.000624461818  0.000624463218  56
     0.0241791788      0.687496245     0.0274991575  -8.87980726e-06      0.999993412       2.00708332       1.00353505            0.025  0.000624461818  0.00062446865  55
     0.0487392532      0.662496278     0.0264990769  -8.78625465e-06      0.999994232        2.0070178       1.00350311            0.025  0.000624461818  0.000624462805  54
     0.0237392532      0.662496278      0.026499077  -8.78625387e-06      0.999994232       2.00701787       1.00350315            0.025  0.000624461818  0.000624468038  53
     0.0483010188      0.637496329      0.025499005  -8.65123042e-06      0.999994965       2.00695872       1.00347431            0.025  0.000624461818  0.000624462446  52
     0.0233010188      0.637496329      0.025499005  -8.65122775e-06      0.999994965       2.00695878       1.00347434            0.025  0.000624461818  0.000624467482  51
      0.047864412      0.612496396     0.0244989413   -8.4791721e-06      0.999995621       2.00690523       1.00344822            0.025  0.000624461818  0.000624462135  50
      0.022864412      0.612496396     0.0244989413  -8.47916922e-06      0.999995621       2.00690529       1.00344825            0.025  0.000624461818  0.000624466973  49
     0.0474293687      0.587496476     0.0234988854  -8.27397193e-06      0.999996211       2.00685672       1.00342456            0.025  0.000624461818  0.000624461865  48
     0.0224293687      0.587496476     0.0234988854  -8.27396905e-06      0.999996211       2.00685678       1.00342459            0.025  0.000624461818  0.000624466506  47
     0.0469958252      0.562496569      0.022498837  -8.03906462e-06      0.999996741       2.00681266       1.00340306            0.025  0.000624461818  0.000624461633  46
     0.0219958252      0.562496569      0.022498837  -8.03906176e-06      0.999996741       2.00681272       1.00340309            0.025  0.000624461818  0.000624466077  45
     0.0465637177      0.537496673     0.0214987958  -7.77750208e-06      0.999997218       2.00677261       1.00338351            0.025  0.000624461818  0.000624461434  44
     0.0215637177      0.537496673     0.0214987958  -7.77749926e-06      0.999997218       2.00677266       1.00338354            0.025  0.000624461818  0.00062446568  43
     0.0461329822      0.512496788     0.0204987613  -7.49201144e-06      0.999997647       2.00673619       1.00336573            0.025  0.000624461818  0.000624461264  42
     0.0211329822      0.512496788     0.0204987614  -7.49200866e-06      0.999997647       2.00673624       1.00336576            0.025  0.000624461818  0.000624465313  41
      0.045703555      0.487496911     0.0194987333  -7.18504092e-06      0.999998034       2.00670307       1.00334956            0.025  0.000624461818  0.000624461122  40
      0.020703555      0.487496911     0.0194987334  -7.18503816e-06      0.999998034       2.00670312       1.00334958            0.025  0.000624461818  0.000624464973  39
     0.0452753723      0.462497042     0.0184987114  -6.85879667e-06      0.999998381       2.00667297       1.00333486            0.025  0.000624461818  0.000624461003  38
     0.0202753723      0.462497042     0.0184987115  -6.85879394e-06      0.999998381       2.00667302       1.00333488            0.025  0.000624461818  0.000624464657  37
     0.0448483701      0.437497181     0.0174986953  -6.51527282e-06      0.999998694       2.00664564       1.00332151            0.025  0.000624461818  0.000624460907  36
     0.0198483701      0.437497181     0.0174986953  -6.51527012e-06      0.999998694       2.00664569       1.00332153            0.025  0.000624461818  0.000624464363  35
     0.0444224848      0.412497326     0.0164986846  -6.15627624e-06      0.999998975       2.00662087        1.0033094            0.025  0.000624461818  0.00062446083  34
     0.0194224848      0.412497326     0.0164986847  -6.15627356e-06      0.999998975       2.00662091       1.00330942            0.025  0.000624461818  0.000624464089  33
     0.0439976524      0.387497476     0.0154986791  -5.78344725e-06      0.999999226       2.00659844       1.00329844            0.025  0.000624461818  0.000624460772  32
     0.0189976524      0.387497476     0.0154986791  -5.78344459e-06      0.999999226       2.00659847       1.00329846            0.025  0.000624461818  0.000624463833  31
     0.0435738091      0.362497632     0.0144986783  -5.39827719e-06      0.999999451       2.00657818       1.00328854            0.025  0.000624461818  0.00062446073  30
     0.0185738091      0.362497632     0.0144986783  -5.39827456e-06      0.999999451       2.00657822       1.00328856            0.025  0.000624461818  0.000624463594  29
     0.0431508912      0.337497792     0.0134986819  -5.00212353e-06      0.999999652       2.00655994       1.00327962            0.025  0.000624461818  0.000624460704  28
     0.0181508912      0.337497792     0.0134986819  -5.00212091e-06      0.999999652       2.00655997       1.00327964            0.025  0.000624461818  0.00062446337  27
     0.0427288347      0.312497956     0.0124986897  -4.59622299e-06       0.99999983       2.00654356       1.00327161            0.025  0.000624461818  0.000624460691  26
     0.0177288347      0.312497956     0.0124986897  -4.59622039e-06       0.99999983       2.00654359       1.00327163            0.025  0.000624461818  0.00062446316  25
     0.0423075759      0.287498124     0.0114987013   -4.1817033e-06      0.999999989       2.00652892       1.00326445            0.025  0.000624461818  0.000624460691  24
     0.0173075759      0.287498124     0.0114987013  -4.18170071e-06      0.999999989       2.00652895       1.00326446            0.025  0.000624461818  0.000624462962  23
     0.0418870509      0.262498295     0.0104987163  -3.75959365e-06       1.00000013       2.00651591       1.00325808            0.025  0.000624461818  0.000624460703  22
     0.0168870509      0.262498295     0.0104987163  -3.75959108e-06       1.00000013       2.00651593       1.00325809            0.025  0.000624461818  0.000624462776  21
      0.041467196      0.237498468    0.00949873455  -3.33083438e-06       1.00000025        2.0065044       1.00325245            0.025  0.000624461818  0.000624460725  20
      0.016467196      0.237498468    0.00949873457  -3.33083182e-06       1.00000025       2.00650442       1.00325246            0.025  0.000624461818  0.000624462601  19
     0.0410479473      0.212498644    0.00849875562  -2.89628586e-06       1.00000036       2.00649431       1.00324751            0.025  0.000624461818  0.000624460757  18
     0.0160479473      0.212498644    0.00849875564  -2.89628331e-06       1.00000036       2.00649433       1.00324752            0.025  0.000624461818  0.000624462436  17
     0.0406292409      0.187498821    0.00749877921  -2.45673697e-06       1.00000045       2.00648556       1.00324323            0.025  0.000624461818  0.000624460799  16
     0.0156292409      0.187498821    0.00749877923  -2.45673443e-06       1.00000045       2.00648557       1.00324324            0.025  0.000624461818  0.00062446228  15
     0.0402110131      0.162499001    0.00649880502  -2.01291318e-06       1.00000053       2.00647806       1.00323956            0.025  0.000624461818  0.000624460849  14
     0.0152110131      0.162499001    0.00649880503  -2.01291064e-06       1.00000053       2.00647807       1.00323957            0.025  0.000624461818  0.000624462132  13
     0.0397932001      0.137499182    0.00549883271  -1.56548429e-06       1.00000059       2.00647175       1.00323647            0.025  0.000624461818  0.000624460906  12
     0.0147932001      0.137499182    0.00549883273  -1.56548176e-06       1.00000059       2.00647177       1.00323648            0.025  0.000624461818  0.000624461993  11
      0.039375738      0.112499364    0.00449886199  -1.11507211e-06       1.00000065       2.00646659       1.00323394            0.025  0.000624461818  0.000624460972  10
      0.014375738      0.112499364      0.004498862  -1.11506959e-06       1.00000065        2.0064666       1.00323395            0.025  0.000624461818  0.00062446186  9
      0.038958563     0.0874995469    0.00349889253  -6.62257922e-07       1.00000069       2.00646251       1.00323194            0.025  0.000624461818  0.000624461044  8
      0.013958563     0.0874995469    0.00349889254   -6.6225541e-07       1.00000069       2.00646252       1.00323195            0.025  0.000624461818  0.000624461735  7
     0.0385416113     0.0624997306    0.00249892402  -2.07589888e-07       1.00000072       2.00645948       1.00323046            0.025  0.000624461818  0.000624461123  6
     0.0135416113     0.0624997306    0.00249892403  -2.07587414e-07       1.00000072       2.00645949       1.00323047            0.025  0.000624461818  0.000624461616  5
     0.0381248191     0.0374999149    0.00149895614   2.48412583e-07       1.00000074       2.00645748       1.00322949            0.025  0.000624461818  0.000624461207  4
     0.0131248191     0.0374999149    0.00149895616   2.48414835e-07       1.00000074       2.00645748       1.00322949            0.025  0.000624461818  0.000624461503  3
     0.0377081231     0.0125000997    0.00049899302   7.06127341e-07      0.999996343       2.00644542       1.00321904            0.025  0.000624461818  0.000624464046  2
     0.0127081231     0.0125000997   0.000498993027   7.06128817e-07      0.999996343       2.00644542       1.00321904            0.025  0.000624461818  0.00062446416  1
