title='particle position' 
variables=x, y, Ux, Uy, rho, e, p, h=supportlength/2, m, V, ID 
    0.00619955828      0.987499104     0.0395010568  -2.40012867e-06      0.999939204       2.01112301       1.00550037            0.025  0.000624461818  0.00062450301  80
     0.0311995583      0.987499104     0.0395010568  -2.40009358e-06      0.999939204       2.01112307        1.0055004            0.025  0.000624461818  0.000624496514  79
    0.00569420861      0.962498136       0.03850082  -4.38851497e-06       0.99995808       2.00980009       1.00485792            0.025  0.000624461818  0.000624491801  78
     0.0306942086      0.962498136       0.03850082  -4.38850914e-06       0.99995808       2.00980015       1.00485795            0.025  0.000624461818  0.000624484197  77
    0.00519130088       0.93749752     0.0375006074  -5.65363721e-06      0.999968565       2.00926961       1.00460322            0.025  0.000624461818  0.000624485154  76
     0.0301913009       0.93749752     0.0375006074  -5.65364165e-06      0.999968565       2.00926967       1.00460325            0.025  0.000624461818  0.000624477748  75
    0.00469078775      0.912497065     0.0365004094  -6.58284936e-06      0.999974121        2.0089288       1.00443841            0.025  0.000624461818  0.000624481586  74
     0.0296907877      0.912497065     0.0365004094  -6.58285448e-06      0.999974121       2.00892886       1.00443844            0.025  0.000624461818  0.000624474376  73
    0.00419260539      0.887496718     0.0355002259  -7.28835692e-06      0.999978021       2.00867783       1.00431684            0.025  0.000624461818  0.000624479051  72
     0.0291926054      0.887496718     0.0355002259  -7.28836168e-06      0.999978021       2.00867789       1.00431687            0.025  0.000624461818  0.00062447204  71
    0.00369668978      0.862496452     0.0345000558  -7.82670656e-06      0.999981021       2.00847985       1.00422087            0.025  0.000624461818  0.000624477079  70
     0.0286966898      0.862496452     0.0345000558  -7.82671097e-06      0.999981021       2.00847991        1.0042209            0.025  0.000624461818  0.000624470265  69
    0.00320297695      0.837496249     0.0334998984  -8.23262091e-06      0.999983445       2.00831709       1.00414192            0.025  0.000624461818  0.000624475466  68
     0.0282029769      0.837496249     0.0334998984  -8.23262506e-06      0.999983445       2.00831715       1.00414195            0.025  0.000624461818  0.00062446885  67
    0.00271140294      0.812496098     0.0324997528  -8.52978222e-06      0.999985463       2.00817958       1.00407519            0.025  0.000624461818  0.000624474107  66
     0.0277114029      0.812496098     0.0324997528  -8.52978618e-06      0.999985463       2.00817964       1.00407522            0.025  0.000624461818  0.000624467688  65
    0.00222190384      0.787495991     0.0314996186  -8.73546125e-06      0.999987179       2.00806116       1.00401771            0.025  0.000624461818  0.000624472937  64
     0.0272219038      0.787495991     0.0314996186  -8.73546509e-06      0.999987179       2.00806122       1.00401774            0.025  0.000624461818  0.000624466716  63
    0.00173441575      0.762495921     0.0304994951  -8.86285769e-06       0.99998866       2.00795773       1.00396748            0.025  0.000624461818  0.000624471913  62
     0.0267344157      0.762495921     0.0304994951  -8.86286166e-06       0.99998866        2.0079578       1.00396751            0.025  0.000624461818  0.000624465889  61
    0.00124887478      0.737495883      0.029499382  -8.92241663e-06      0.999989952       2.00786646       1.00392314            0.025  0.000624461818  0.000624471007  60
     0.0262488748      0.737495883      0.029499382  -8.92242236e-06      0.999989952       2.00786652       1.00392317            0.025  0.000624461818  0.000624465181  59
   0.000765217054      0.712495874     0.0284992787  -8.92262493e-06       0.99999109       2.00778525       1.00388368            0.025  0.000624461818  0.000624470198  58
      0.025765217      0.712495874     0.0284992786  -8.92264315e-06       0.99999109       2.00778532       1.00388371            0.025  0.000624461818  0.000624464569  57
   0.000283378683      0.687495889     0.0274991856  -8.87052072e-06      0.999992097       2.00771255       1.00384834            0.025  0.000624461818  0.000624469503  56
     0.0252833787      0.687495889     0.0274991853  -8.87058846e-06      0.999992097       2.00771262       1.00384838            0.025  0.000624461818  0.000624464894  55
     0.0498032958      0.662495926     0.0264991007  -8.77210568e-06      0.999992994       2.00764716       1.00381655            0.025  0.000624461818  0.000624463543  54
     0.0248032958      0.662495926     0.0264991003  -8.77217059e-06      0.999992995       2.00764723       1.00381659            0.025  0.000624461818  0.000624467924  53
     0.0493249046      0.637495982     0.0254990235   -8.6324827e-06      0.999993796       2.00758814       1.00378784            0.025  0.000624461818  0.000624463176  52
     0.0243249046      0.637495982     0.0254990235  -8.63249496e-06      0.999993796       2.00758821       1.00378788            0.025  0.000624461818  0.000624468212  51
     0.0488481411      0.612496056     0.0244989555   -8.4560322e-06      0.999994515       2.00753471       1.00376185            0.025  0.000624461818  0.000624462826  50
     0.0238481411      0.612496056     0.0244989555  -8.45603129e-06      0.999994515       2.00753477       1.00376188            0.025  0.000624461818  0.000624467665  49
     0.0483729416      0.587496144     0.0234988953  -8.24664161e-06       0.99999516       2.00748624       1.00373826            0.025  0.000624461818  0.000624462522  48
     0.0233729416      0.587496144     0.0234988953  -8.24663879e-06       0.99999516        2.0074863       1.00373829            0.025  0.000624461818  0.000624467163  47
     0.0478992421      0.562496247     0.0224988426  -8.00773398e-06       0.99999574       2.00744222       1.00371683            0.025  0.000624461818  0.000624462258  46
     0.0228992421      0.562496247     0.0224988426  -8.00773092e-06       0.99999574       2.00744228       1.00371686            0.025  0.000624461818  0.000624466702  45
     0.0474269789      0.537496362     0.0214987971  -7.74234702e-06      0.999996262        2.0074022       1.00369735            0.025  0.000624461818  0.000624462031  44
     0.0224269789      0.537496362     0.0214987971  -7.74234396e-06      0.999996262       2.00740226       1.00369738            0.025  0.000624461818  0.000624466277  43
      0.046956088      0.512496488     0.0204987583  -7.45319427e-06      0.999996733       2.00736582       1.00367963            0.025  0.000624461818  0.000624461836  42
     0.0219560881      0.512496488     0.0204987583  -7.45319124e-06      0.999996733       2.00736587       1.00367966            0.025  0.000624461818  0.000624465884  41
     0.0464865057      0.487496623      0.019498726  -7.14271132e-06      0.999997156       2.00733273       1.00366351            0.025  0.000624461818  0.00062446167  40
     0.0214865057      0.487496623      0.019498726  -7.14270832e-06      0.999997156       2.00733278       1.00366353            0.025  0.000624461818  0.000624465521  39
     0.0460181681      0.462496768     0.0184986998  -6.81309262e-06      0.999997537       2.00730266       1.00364886            0.025  0.000624461818  0.000624461531  38
     0.0210181681      0.462496768     0.0184986998  -6.81308965e-06      0.999997537        2.0073027       1.00364888            0.025  0.000624461818  0.000624465184  37
     0.0455510113       0.43749692     0.0174986794  -6.46632138e-06       0.99999788       2.00727535       1.00363555            0.025  0.000624461818  0.000624461416  36
     0.0205510113       0.43749692     0.0174986794  -6.46631843e-06       0.99999788        2.0072754       1.00363557            0.025  0.000624461818  0.000624464872  35
     0.0450849715       0.41249708     0.0164986644  -6.10419427e-06      0.999998188       2.00725059       1.00362348            0.025  0.000624461818  0.000624461322  34
     0.0200849715       0.41249708     0.0164986644  -6.10419134e-06      0.999998188       2.00725064        1.0036235            0.025  0.000624461818  0.000624464581  33
     0.0446199848      0.387497245     0.0154986545  -5.72834203e-06      0.999998463       2.00722818       1.00361255            0.025  0.000624461818  0.000624461249  32
     0.0196199848      0.387497245     0.0154986545  -5.72833913e-06      0.999998463       2.00722822       1.00361257            0.025  0.000624461818  0.00062446431  31
     0.0441559875      0.362497416     0.0144986494    -5.340247e-06       0.99999871       2.00720794       1.00360268            0.025  0.000624461818  0.000624461193  30
     0.0191559875      0.362497416     0.0144986494  -5.34024412e-06       0.99999871       2.00720798        1.0036027            0.025  0.000624461818  0.000624464057  29
     0.0436929157      0.337497593     0.0134986487  -4.94125813e-06      0.999998931       2.00718972       1.00359378            0.025  0.000624461818  0.000624461154  28
     0.0186929157      0.337497593     0.0134986487  -4.94125526e-06      0.999998931       2.00718975        1.0035938            0.025  0.000624461818  0.00062446382  27
     0.0432307055      0.312497773     0.0124986521  -4.53260411e-06      0.999999126       2.00717335        1.0035858            0.025  0.000624461818  0.000624461131  26
     0.0182307055      0.312497773     0.0124986521  -4.53260126e-06      0.999999126       2.00717338       1.00358582            0.025  0.000624461818  0.000624463599  25
     0.0427692931      0.287497957     0.0114986594  -4.11540504e-06        0.9999993       2.00715872       1.00357866            0.025  0.000624461818  0.000624461121  24
     0.0177692931      0.287497957     0.0114986594   -4.1154022e-06        0.9999993       2.00715875       1.00357867            0.025  0.000624461818  0.000624463392  23
     0.0423086148      0.262498145     0.0104986701  -3.69068285e-06      0.999999453       2.00714572       1.00357231            0.025  0.000624461818  0.000624461124  22
     0.0173086148      0.262498145     0.0104986701  -3.69068003e-06      0.999999453       2.00714574       1.00357232            0.025  0.000624461818  0.000624463198  21
     0.0418486065      0.237498336    0.00949868393  -3.25937094e-06      0.999999588       2.00713422        1.0035667            0.025  0.000624461818  0.000624461139  20
     0.0168486065      0.237498336    0.00949868395  -3.25936813e-06      0.999999588       2.00713424       1.00356671            0.025  0.000624461818  0.000624463015  19
     0.0413892046      0.212498529    0.00849870064  -2.82232308e-06      0.999999705       2.00712414       1.00356177            0.025  0.000624461818  0.000624461165  18
     0.0163892046      0.212498529    0.00849870065  -2.82232028e-06      0.999999705       2.00712416       1.00356178            0.025  0.000624461818  0.000624462843  17
     0.0409303452      0.187498724    0.00749871986  -2.38032181e-06      0.999999805       2.00711539        1.0035575            0.025  0.000624461818  0.000624461201  16
     0.0159303452      0.187498724    0.00749871988  -2.38031902e-06      0.999999805       2.00711541       1.00355751            0.025  0.000624461818  0.000624462682  15
     0.0404719644      0.162498922    0.00649874129  -1.93408646e-06      0.999999891        2.0071079       1.00355384            0.025  0.000624461818  0.000624461246  14
     0.0154719644      0.162498922    0.00649874131  -1.93408368e-06      0.999999891       2.00710791       1.00355385            0.025  0.000624461818  0.000624462529  13
     0.0400139985      0.137499121    0.00549876461  -1.48428096e-06      0.999999964        2.0071016       1.00355076            0.025  0.000624461818  0.000624461299  12
     0.0150139985      0.137499121    0.00549876463  -1.48427818e-06      0.999999964       2.00710161       1.00355077            0.025  0.000624461818  0.000624462385  11
     0.0395563835      0.112499321    0.00449878951  -1.03152139e-06       1.00000002       2.00709643       1.00354824            0.025  0.000624461818  0.000624461361  10
     0.0145563835      0.112499321    0.00449878952  -1.03151862e-06       1.00000002       2.00709644       1.00354824            0.025  0.000624461818  0.00062446225  9
     0.0390990557      0.087499522    0.00349881566  -5.76383476e-07       1.00000007       2.00709236       1.00354625            0.025  0.000624461818  0.000624461431  8
     0.0140990557      0.087499522    0.00349881568  -5.76380718e-07       1.00000007       2.00709236       1.00354625            0.025  0.000624461818  0.000624462122  7
     0.0386419513     0.0624997241    0.00249884277  -1.19409941e-07        1.0000001       2.00708933       1.00354477            0.025  0.000624461818  0.000624461508  6
     0.0136419513     0.0624997241    0.00249884278  -1.19407224e-07        1.0000001       2.00708934       1.00354477            0.025  0.000624461818  0.000624462001  5
     0.0381850063     0.0374999267    0.00149887051   3.38886091e-07       1.00000013       2.00708733        1.0035438            0.025  0.000624461818  0.00062446159  4
     0.0131850063     0.0374999267    0.00149887052   3.38888564e-07       1.00000013       2.00708734        1.0035438            0.025  0.000624461818  0.000624461886  3
     0.0377281578     0.0125001299   0.000498903918    7.9904809e-07      0.999994814       2.00707302       1.00353131            0.025  0.000624461818  0.000624465001  2
     0.0127281579     0.0125001299   0.000498903925    7.9904971e-07      0.999994814       2.00707302       1.00353131            0.025  0.000624461818  0.000624465115  1
