title='particle position' 
variables=x, y, Ux, Uy, rho, e, p, h=supportlength/2, m, V, ID 
    0.00191701717      0.987499352     0.0395008235  -2.16789924e-06      0.999955526       2.00943996       1.00467529            0.025  0.000624461818  0.000624492821  80
     0.0269170172      0.987499352     0.0395008235  -2.16787196e-06      0.999955526       2.00944004       1.00467534            0.025  0.000624461818  0.000624486326  79
    0.00152010846      0.962498602     0.0385006033  -4.19524999e-06       0.99996907       2.00810803       1.00402296            0.025  0.000624461818  0.000624484937  78
     0.0265201084      0.962498602     0.0385006034  -4.19524663e-06       0.99996907       2.00810812         1.004023            0.025  0.000624461818  0.000624477333  77
    0.00112563914      0.937498124     0.0375004058  -5.49047628e-06      0.999977197       2.00757524       1.00376473            0.025  0.000624461818  0.000624479763  76
     0.0261256391      0.937498124     0.0375004058  -5.49048288e-06      0.999977197       2.00757532       1.00376477            0.025  0.000624461818  0.000624472356  75
   0.000733562875      0.912497771     0.0365002223  -6.44621638e-06      0.999981499       2.00723322       1.00359804            0.025  0.000624461818  0.000624476978  74
     0.0257335629      0.912497771     0.0365002223  -6.44623692e-06      0.999981499        2.0072333       1.00359808            0.025  0.000624461818  0.000624469768  73
   0.000343815848      0.887497502     0.0355000538  -7.17563166e-06      0.999984517       2.00698141       1.00347517            0.025  0.000624461818  0.000624475029  72
     0.0253438158      0.887497502     0.0355000533  -7.17570531e-06      0.999984517       2.00698149       1.00347521            0.025  0.000624461818  0.000624469095  71
     0.0499563341      0.862497295      0.034499897  -7.73588379e-06      0.999986837       2.00678278       1.00337818            0.025  0.000624461818  0.000624466596  70
     0.0249563341      0.862497295     0.0344998965  -7.73595368e-06      0.999986837       2.00678286       1.00337823            0.025  0.000624461818  0.000624472301  69
     0.0495710538      0.837497137     0.0334997513  -8.16205236e-06       0.99998871       2.00661951       1.00329843            0.025  0.000624461818  0.000624465561  68
     0.0245710538      0.837497137     0.0334997513  -8.16206574e-06       0.99998871       2.00661959       1.00329847            0.025  0.000624461818  0.000624472178  67
     0.0491879111       0.81249702     0.0324996184  -8.47802149e-06      0.999990268       2.00648158       1.00323103            0.025  0.000624461818  0.000624464687  66
     0.0241879111       0.81249702     0.0324996184  -8.47802084e-06      0.999990268       2.00648166       1.00323106            0.025  0.000624461818  0.000624471106  65
     0.0488068421      0.787496936     0.0314994966  -8.70126344e-06      0.999991592       2.00636281       1.00317297            0.025  0.000624461818  0.000624463959  64
     0.0238068421      0.787496936     0.0314994966  -8.70126081e-06      0.999991592       2.00636288         1.003173            0.025  0.000624461818  0.000624470181  63
     0.0484277829      0.762496881     0.0304993854  -8.84512779e-06      0.999992733       2.00625908       1.00312225            0.025  0.000624461818  0.000624463345  62
     0.0234277829      0.762496881     0.0304993854  -8.84512496e-06      0.999992733       2.00625915       1.00312228            0.025  0.000624461818  0.000624469369  61
     0.0480506697       0.73749685     0.0294992843  -8.92017764e-06      0.999993729       2.00616754       1.00307748            0.025  0.000624461818  0.000624462822  60
     0.0230506697       0.73749685     0.0294992844  -8.92017485e-06      0.999993729        2.0061676       1.00307751            0.025  0.000624461818  0.000624468649  59
     0.0476754387      0.712496842      0.028499193  -8.93500102e-06      0.999994604        2.0060861       1.00303764            0.025  0.000624461818  0.000624462375  58
     0.0226754387      0.712496842      0.028499193  -8.93499829e-06      0.999994604       2.00608616       1.00303767            0.025  0.000624461818  0.000624468004  57
     0.0473020261      0.687496852      0.027499111  -8.89673096e-06      0.999995378        2.0060132       1.00300197            0.025  0.000624461818  0.00062446199  56
     0.0223020261      0.687496852     0.0274991111   -8.8967283e-06      0.999995378       2.00601326       1.00300199            0.025  0.000624461818  0.000624467421  55
      0.046930368      0.662496879      0.026499038   -8.8113951e-06      0.999996067       2.00594764       1.00296987            0.025  0.000624461818  0.000624461658  54
      0.021930368      0.662496879      0.026499038  -8.81139249e-06      0.999996067       2.00594769        1.0029699            0.025  0.000624461818  0.000624466892  53
     0.0465604005      0.637496921     0.0254989735  -8.68415943e-06      0.999996682       2.00588845        1.0029409            0.025  0.000624461818  0.000624461373  52
     0.0215604005      0.637496921     0.0254989735  -8.68415688e-06      0.999996682       2.00588851       1.00294093            0.025  0.000624461818  0.000624466409  51
       0.04619206      0.612496976     0.0244989172  -8.51950364e-06      0.999997233       2.00583488       1.00291467            0.025  0.000624461818  0.000624461128  50
       0.02119206      0.612496976     0.0244989172  -8.51950113e-06      0.999997233       2.00583493       1.00291469            0.025  0.000624461818  0.000624465967  49
     0.0458252826      0.587497043     0.0234988687  -8.32135024e-06      0.999997727       2.00578629       1.00289087            0.025  0.000624461818  0.000624460918  48
     0.0208252826      0.587497043     0.0234988687  -8.32134777e-06      0.999997727       2.00578634       1.00289089            0.025  0.000624461818  0.000624465559  47
     0.0454600044       0.56249712     0.0224988277  -8.09316187e-06      0.999998171       2.00574216       1.00286924            0.025  0.000624461818  0.00062446074  46
     0.0204600044       0.56249712     0.0224988278  -8.09315944e-06      0.999998171        2.0057422       1.00286927            0.025  0.000624461818  0.000624465183  45
     0.0450961616      0.537497206     0.0214987939  -7.83801603e-06       0.99999857       2.00570204       1.00284959            0.025  0.000624461818  0.000624460589  44
     0.0200961616      0.537497206     0.0214987939  -7.83801363e-06       0.99999857       2.00570209       1.00284961            0.025  0.000624461818  0.000624464835  43
     0.0447336905      0.512497302     0.0204987668   -7.5586633e-06       0.99999893       2.00566556       1.00283171            0.025  0.000624461818  0.000624460463  42
     0.0197336905      0.512497302     0.0204987668  -7.55866093e-06       0.99999893        2.0056656       1.00283173            0.025  0.000624461818  0.000624464512  41
     0.0443725272      0.487497404     0.0194987462  -7.25757356e-06      0.999999253       2.00563239       1.00281545            0.025  0.000624461818  0.00062446036  40
     0.0193725272      0.487497404     0.0194987462  -7.25757122e-06      0.999999253       2.00563243       1.00281547            0.025  0.000624461818  0.000624464212  39
      0.044012608      0.462497513     0.0184987317  -6.93697305e-06      0.999999543       2.00560225       1.00280067            0.025  0.000624461818  0.000624460278  38
      0.019012608      0.462497513     0.0184987317  -6.93697075e-06      0.999999543       2.00560229       1.00280069            0.025  0.000624461818  0.000624463931  37
     0.0436538689      0.437497629      0.017498723  -6.59887464e-06      0.999999804       2.00557489       1.00278725            0.025  0.000624461818  0.000624460214  36
     0.0186538689      0.437497629      0.017498723  -6.59887235e-06      0.999999804       2.00557492       1.00278726            0.025  0.000624461818  0.00062446367  35
     0.0432962463      0.412497749     0.0164987197  -6.24510268e-06       1.00000004       2.00555007       1.00277507            0.025  0.000624461818  0.000624460166  34
     0.0182962463      0.412497749     0.0164987197  -6.24510042e-06       1.00000004       2.00555011       1.00277509            0.025  0.000624461818  0.000624463425  33
     0.0429396763      0.387497874     0.0154987215  -5.87731394e-06       1.00000025       2.00552761       1.00276405            0.025  0.000624461818  0.000624460134  32
     0.0179396763      0.387497874     0.0154987215   -5.8773117e-06       1.00000025       2.00552764       1.00276407            0.025  0.000624461818  0.000624463195  31
     0.0425840951      0.362498004     0.0144987281  -5.49701522e-06       1.00000044       2.00550733        1.0027541            0.025  0.000624461818  0.000624460115  30
     0.0175840951      0.362498004     0.0144987281    -5.497013e-06       1.00000044       2.00550736       1.00275412            0.025  0.000624461818  0.000624462979  29
     0.0422294389      0.337498137     0.0134987392  -5.10557856e-06        1.0000006       2.00548906       1.00274513            0.025  0.000624461818  0.00062446011  28
     0.0172294389      0.337498137     0.0134987392  -5.10557637e-06        1.0000006       2.00548909       1.00274515            0.025  0.000624461818  0.000624462776  27
     0.0418756438      0.312498274     0.0124987544  -4.70425454e-06       1.00000075       2.00547266       1.00273708            0.025  0.000624461818  0.000624460116  26
     0.0168756439      0.312498274     0.0124987544  -4.70425236e-06       1.00000075       2.00547269        1.0027371            0.025  0.000624461818  0.000624462585  25
     0.0415226462      0.287498413     0.0114987734  -4.29418396e-06       1.00000088       2.00545801       1.00272989            0.025  0.000624461818  0.000624460132  24
     0.0165226462      0.287498413     0.0114987734  -4.29418179e-06       1.00000088       2.00545803        1.0027299            0.025  0.000624461818  0.000624462404  23
     0.0411703822      0.262498555     0.0104987959  -3.87640851e-06         1.000001       2.00544497       1.00272349            0.025  0.000624461818  0.000624460159  22
     0.0161703823      0.262498555     0.0104987959  -3.87640635e-06         1.000001       2.00544499        1.0027235            0.025  0.000624461818  0.000624462232  21
     0.0408187881        0.2374987    0.00949882161  -3.45188039e-06        1.0000011       2.00543345       1.00271783            0.025  0.000624461818  0.000624460194  20
     0.0158187881        0.2374987    0.00949882162  -3.45187825e-06        1.0000011       2.00543347       1.00271784            0.025  0.000624461818  0.00062446207  19
     0.0404677999      0.212498846    0.00849885015  -3.02147137e-06       1.00000119       2.00542335       1.00271287            0.025  0.000624461818  0.000624460238  18
     0.0154677999      0.212498846    0.00849885016  -3.02146924e-06       1.00000119       2.00542337       1.00271288            0.025  0.000624461818  0.000624461916  17
     0.0401173539      0.187498994    0.00749888122  -2.58598125e-06       1.00000126       2.00541458       1.00270856            0.025  0.000624461818  0.000624460289  16
     0.0151173539      0.187498994    0.00749888124  -2.58597913e-06       1.00000126        2.0054146       1.00270857            0.025  0.000624461818  0.00062446177  15
     0.0397673864      0.162499143    0.00649891451  -2.14614598e-06       1.00000133       2.00540708       1.00270487            0.025  0.000624461818  0.000624460347  14
     0.0147673864      0.162499143    0.00649891453  -2.14614386e-06       1.00000133       2.00540709       1.00270488            0.025  0.000624461818  0.000624461631  13
     0.0394178334      0.137499293    0.00549894971  -1.70264552e-06       1.00000138       2.00540077       1.00270177            0.025  0.000624461818  0.000624460412  12
     0.0144178334      0.137499293    0.00549894972  -1.70264341e-06       1.00000138       2.00540078       1.00270178            0.025  0.000624461818  0.000624461498  11
     0.0390686313      0.112499445    0.00449898648   -1.2561115e-06       1.00000143       2.00539559       1.00269923            0.025  0.000624461818  0.000624460483  10
     0.0140686313      0.112499445     0.0044989865   -1.2561094e-06       1.00000143        2.0053956       1.00269923            0.025  0.000624461818  0.000624461371  9
     0.0387197162      0.087499597    0.00349902453  -8.07134769e-07       1.00000146       2.00539151       1.00269722            0.025  0.000624461818  0.00062446056  8
     0.0137197162      0.087499597    0.00349902455  -8.07132676e-07       1.00000146       2.00539151       1.00269722            0.025  0.000624461818  0.000624461251  7
     0.0383710244     0.0624997499    0.00249906353  -3.56272854e-07       1.00000149       2.00538848       1.00269573            0.025  0.000624461818  0.000624460642  6
     0.0133710244     0.0624997499    0.00249906355  -3.56270793e-07       1.00000149       2.00538848       1.00269574            0.025  0.000624461818  0.000624461136  5
     0.0380224919     0.0374999032    0.00149910317   9.59444121e-08       1.00000151       2.00538647       1.00269475            0.025  0.000624461818  0.000624460729  4
     0.0130224919     0.0374999032    0.00149910318   9.59462889e-08       1.00000151       2.00538648       1.00269475            0.025  0.000624461818  0.000624461025  3
     0.0376740555     0.0125000568     0.0004991462   5.49638212e-07      0.999998459       2.00537776       1.00268733            0.025  0.000624461818  0.000624462724  2
     0.0126740555     0.0125000568   0.000499146207   5.49639445e-07      0.999998459       2.00537776       1.00268733            0.025  0.000624461818  0.000624462839  1
