title='particle position' 
variables=x, y, Ux, Uy, rho, e, p, h=supportlength/2, m, V, ID 
    0.00500996805      0.987499176     0.0395009925  -2.33513355e-06      0.999943877       2.01065572       1.00527144            0.025  0.000624461818  0.000624500093  80
      0.030009968      0.987499176     0.0395009926  -2.33510061e-06      0.999943877       2.01065578       1.00527147            0.025  0.000624461818  0.000624493597  79
    0.00453474087      0.962498268     0.0385007602   -4.3343348e-06      0.999961209       2.00933014        1.0046261            0.025  0.000624461818  0.000624489847  78
     0.0295347409      0.962498268     0.0385007603  -4.33432956e-06      0.999961209       2.00933021       1.00462614            0.025  0.000624461818  0.000624482243  77
     0.0040619549      0.937497689     0.0375005518  -5.60781474e-06      0.999971041       2.00879902       1.00437043            0.025  0.000624461818  0.000624483608  76
     0.0290619549      0.937497689     0.0375005518  -5.60781913e-06      0.999971041       2.00879909       1.00437046            0.025  0.000624461818  0.000624476201  75
     0.0035915631      0.912497262     0.0365003578  -6.54439747e-06       0.99997625       2.00845788       1.00420509            0.025  0.000624461818  0.000624480256  74
     0.0285915631      0.912497262     0.0365003578  -6.54440243e-06       0.99997625       2.00845795       1.00420512            0.025  0.000624461818  0.000624473046  73
    0.00312350164      0.887496937     0.0355001781   -7.2565572e-06      0.999979906       2.00820668       1.00408316            0.025  0.000624461818  0.000624477874  72
     0.0281235016      0.887496937     0.0355001781  -7.25656178e-06      0.999979906       2.00820674        1.0040832            0.025  0.000624461818  0.000624470862  71
    0.00265770653      0.862496687     0.0345000117  -7.80099693e-06      0.999982719       2.00800852       1.00398691            0.025  0.000624461818  0.000624476019  70
     0.0276577065      0.862496687     0.0345000117  -7.80100116e-06      0.999982719       2.00800858       1.00398694            0.025  0.000624461818  0.000624469205  69
    0.00219411381      0.837496496     0.0334998578  -8.21253865e-06       0.99998499       2.00784562       1.00390774            0.025  0.000624461818  0.000624474501  68
     0.0271941138      0.837496496     0.0334998578  -8.21254266e-06       0.99998499       2.00784568       1.00390777            0.025  0.000624461818  0.000624467885  67
    0.00173265956      0.812496355     0.0324997157  -8.51493375e-06      0.999986881       2.00770799       1.00384083            0.025  0.000624461818  0.000624473222  66
     0.0267326596      0.812496355     0.0324997157  -8.51493783e-06      0.999986881       2.00770806       1.00384086            0.025  0.000624461818  0.000624466803  65
    0.00127327988      0.787496254     0.0314995849  -8.72550368e-06      0.999988488       2.00758947       1.00378318            0.025  0.000624461818  0.000624472119  64
     0.0262732799      0.787496254     0.0314995849   -8.7255095e-06      0.999988488       2.00758954       1.00378321            0.025  0.000624461818  0.000624465898  63
   0.000815910887      0.762496188     0.0304994648  -8.85748357e-06      0.999989875       2.00748596       1.00373282            0.025  0.000624461818  0.000624471154  62
     0.0258159109      0.762496188     0.0304994648  -8.85750211e-06      0.999989875       2.00748603       1.00373285            0.025  0.000624461818  0.00062446513  61
   0.000360488699      0.737496152      0.029499356  -8.92133802e-06      0.999991086       2.00739461       1.00368836            0.025  0.000624461818  0.000624470333  60
     0.0253604887      0.737496152     0.0294993555  -8.92140702e-06      0.999991086       2.00739468       1.00368839            0.025  0.000624461818  0.000624465393  59
     0.0499069494      0.712496142     0.0284992559  -8.92563071e-06      0.999992151       2.00731334       1.00364879            0.025  0.000624461818  0.000624463872  58
     0.0249069494      0.712496142     0.0284992555  -8.92569682e-06      0.999992151       2.00731341       1.00364883            0.025  0.000624461818  0.000624468584  57
     0.0494552293      0.687496156     0.0274991643  -8.87743401e-06      0.999993094       2.00724059       1.00361336            0.025  0.000624461818  0.000624463417  56
     0.0244552293      0.687496156     0.0274991643  -8.87744662e-06      0.999993094       2.00724066        1.0036134            0.025  0.000624461818  0.000624468848  55
     0.0490052643       0.66249619     0.0264990827   -8.7826792e-06      0.999993934       2.00717515       1.00358149            0.025  0.000624461818  0.000624462991  54
     0.0240052644       0.66249619     0.0264990827  -8.78267842e-06      0.999993934       2.00717522       1.00358152            0.025  0.000624461818  0.000624468225  53
     0.0485569908      0.637496242     0.0254990096  -8.64650186e-06      0.999994684       2.00711608       1.00355271            0.025  0.000624461818  0.000624462621  52
     0.0235569908      0.637496242     0.0254990096  -8.64649914e-06      0.999994684       2.00711615       1.00355274            0.025  0.000624461818  0.000624467658  51
     0.0481103448       0.61249631     0.0244989448  -8.47334691e-06      0.999995356       2.00706261       1.00352665            0.025  0.000624461818  0.0006244623  50
     0.0231103448       0.61249631     0.0244989448  -8.47334397e-06      0.999995356       2.00706267       1.00352668            0.025  0.000624461818  0.000624467139  49
     0.0476652624      0.587496393     0.0234988879  -8.26710208e-06      0.999995959       2.00701411         1.003503            0.025  0.000624461818  0.000624462022  48
     0.0226652624      0.587496393     0.0234988879  -8.26709913e-06      0.999995959       2.00701417       1.00350303            0.025  0.000624461818  0.000624466664  47
     0.0472216799      0.562496489     0.0224988384  -8.03119796e-06      0.999996502       2.00697006       1.00348152            0.025  0.000624461818  0.000624461782  46
       0.02222168      0.562496489     0.0224988384  -8.03119504e-06      0.999996502       2.00697012       1.00348155            0.025  0.000624461818  0.000624466226  45
     0.0467795335      0.537496595     0.0214987961  -7.76868274e-06       0.99999699       2.00693002       1.00346199            0.025  0.000624461818  0.000624461576  44
     0.0217795335      0.537496595     0.0214987961  -7.76867986e-06       0.99999699       2.00693007       1.00346202            0.025  0.000624461818  0.000624465822  43
     0.0463387591      0.512496713     0.0204987606  -7.48228012e-06       0.99999743        2.0068936       1.00344422            0.025  0.000624461818  0.0006244614  42
     0.0213387592      0.512496713     0.0204987606  -7.48227728e-06       0.99999743       2.00689365       1.00344425            0.025  0.000624461818  0.000624465449  41
     0.0458992932      0.487496839     0.0194987315  -7.17443515e-06      0.999997825       2.00686049       1.00342806            0.025  0.000624461818  0.000624461252  40
     0.0208992932      0.487496839     0.0194987315  -7.17443233e-06      0.999997825       2.00686054       1.00342809            0.025  0.000624461818  0.000624465103  39
     0.0454610717      0.462496974     0.0184987085  -6.84735104e-06      0.999998182        2.0068304       1.00341338            0.025  0.000624461818  0.000624461128  38
     0.0204610717      0.462496974     0.0184987085  -6.84734826e-06      0.999998182       2.00683045        1.0034134            0.025  0.000624461818  0.000624464782  37
     0.0450240309      0.437497116     0.0174986913   -6.5030192e-06      0.999998502       2.00680308       1.00340004            0.025  0.000624461818  0.000624461027  36
     0.0200240309      0.437497116     0.0174986913  -6.50301643e-06      0.999998502       2.00680312       1.00340006            0.025  0.000624461818  0.000624464483  35
     0.0445881069      0.412497264     0.0164986796  -6.14324392e-06      0.999998789       2.00677831       1.00338794            0.025  0.000624461818  0.000624460946  34
     0.0195881069      0.412497264     0.0164986796  -6.14324118e-06      0.999998789       2.00677835       1.00338796            0.025  0.000624461818  0.000624464205  33
     0.0441532359      0.387497418     0.0154986729  -5.76966314e-06      0.999999047       2.00675588       1.00337699            0.025  0.000624461818  0.000624460884  32
     0.0191532359      0.387497418     0.0154986729  -5.76966042e-06      0.999999047       2.00675592         1.003377            0.025  0.000624461818  0.000624463945  31
     0.0437193542      0.362497578      0.014498671  -5.38376594e-06      0.999999277       2.00673563       1.00336709            0.025  0.000624461818  0.000624460839  30
     0.0187193542      0.362497578      0.014498671  -5.38376324e-06      0.999999277       2.00673567       1.00336711            0.025  0.000624461818  0.000624463703  29
     0.0432863977      0.337497742     0.0134986736  -4.98690764e-06      0.999999483       2.00671739       1.00335818            0.025  0.000624461818  0.000624460809  28
     0.0182863977      0.337497742     0.0134986736  -4.98690496e-06      0.999999483       2.00671743       1.00335819            0.025  0.000624461818  0.000624463476  27
     0.0428543028       0.31249791     0.0124986803  -4.58032296e-06      0.999999666       2.00670102       1.00335017            0.025  0.000624461818  0.000624460794  26
     0.0178543028       0.31249791     0.0124986803   -4.5803203e-06      0.999999666       2.00670105       1.00335019            0.025  0.000624461818  0.000624463263  25
     0.0424230056      0.287498082     0.0114986908  -4.16513771e-06      0.999999828       2.00668638       1.00334302            0.025  0.000624461818  0.000624460792  24
     0.0174230056      0.287498082     0.0114986908  -4.16513506e-06      0.999999828       2.00668641       1.00334303            0.025  0.000624461818  0.000624463063  23
     0.0419924423      0.262498257     0.0104987047  -3.74237928e-06      0.999999971       2.00667337       1.00333665            0.025  0.000624461818  0.000624460801  22
     0.0169924423      0.262498257     0.0104987047  -3.74237664e-06      0.999999971       2.00667339       1.00333667            0.025  0.000624461818  0.000624462875  21
      0.041562549      0.237498435    0.00949872186  -3.31298623e-06        1.0000001       2.00666186       1.00333103            0.025  0.000624461818  0.000624460822  20
      0.016562549      0.237498435    0.00949872187  -3.31298361e-06        1.0000001       2.00666189       1.00333104            0.025  0.000624461818  0.000624462698  19
      0.041133262      0.212498615    0.00849874183  -2.87781731e-06       1.00000021       2.00665178        1.0033261            0.025  0.000624461818  0.000624460852  18
      0.016133262      0.212498615    0.00849874185   -2.8778147e-06       1.00000021        2.0066518       1.00332611            0.025  0.000624461818  0.000624462531  17
     0.0407045174      0.187498797    0.00749876433   -2.4376598e-06        1.0000003       2.00664303       1.00332181            0.025  0.000624461818  0.000624460892  16
     0.0157045174      0.187498797    0.00749876435   -2.4376572e-06        1.0000003       2.00664304       1.00332182            0.025  0.000624461818  0.000624462373  15
     0.0402762513      0.162498981    0.00649878904  -1.99323763e-06       1.00000038       2.00663553       1.00331815            0.025  0.000624461818  0.000624460941  14
     0.0152762513      0.162498981    0.00649878905  -1.99323503e-06       1.00000038       2.00663554       1.00331815            0.025  0.000624461818  0.000624462224  13
     0.0398484001      0.137499166    0.00549881564  -1.54521912e-06       1.00000045       2.00662923       1.00331506            0.025  0.000624461818  0.000624460998  12
     0.0148484001      0.137499166    0.00549881565  -1.54521653e-06       1.00000045       2.00662924       1.00331507            0.025  0.000624461818  0.000624462084  11
     0.0394208997      0.112499353    0.00449884382  -1.09422465e-06        1.0000005       2.00662406       1.00331253            0.025  0.000624461818  0.000624461062  10
     0.0144208997      0.112499353    0.00449884383  -1.09422207e-06        1.0000005       2.00662407       1.00331254            0.025  0.000624461818  0.000624461951  9
     0.0389936865     0.0874995403    0.00349887326  -6.40834109e-07       1.00000055       2.00661998       1.00331054            0.025  0.000624461818  0.000624461134  8
     0.0139936865     0.0874995403    0.00349887327  -6.40831536e-07       1.00000055       2.00661999       1.00331054            0.025  0.000624461818  0.000624461825  7
     0.0385666966     0.0624997287    0.00249890365  -1.85594292e-07       1.00000058       2.00661696       1.00330906            0.025  0.000624461818  0.000624461212  6
     0.0135666966     0.0624997287    0.00249890366  -1.85591758e-07       1.00000058       2.00661696       1.00330906            0.025  0.000624461818  0.000624461706  5
     0.0381398662     0.0374999175    0.00149893467    2.7097695e-07        1.0000006       2.00661495       1.00330808            0.025  0.000624461818  0.000624461295  4
     0.0131398662     0.0374999175    0.00149893469   2.70979258e-07        1.0000006       2.00661496       1.00330808            0.025  0.000624461818  0.000624461591  3
     0.0377131321     0.0125001069   0.000498970674   7.29297906e-07       0.99999598       2.00660235       1.00329714            0.025  0.000624461818  0.000624464272  2
     0.0127131321     0.0125001069   0.000498970681   7.29299418e-07       0.99999598       2.00660235       1.00329714            0.025  0.000624461818  0.000624464387  1
