title='particle position' 
variables=x, y, Ux, Uy, rho, e, p, h=supportlength/2, m, V, ID 
    0.00540649853      0.987499152      0.039501014  -2.35675748e-06      0.999942331        2.0108115       1.00534777            0.025  0.000624461818  0.000624501057  80
     0.0304064985      0.987499152      0.039501014  -2.35672383e-06      0.999942331       2.01081157        1.0053478            0.025  0.000624461818  0.000624494562  79
    0.00492123052      0.962498224     0.0385007802  -4.35235296e-06      0.999960172        2.0094868       1.00470338            0.025  0.000624461818  0.000624490494  78
     0.0299212305      0.962498224     0.0385007802  -4.35234753e-06      0.999960172       2.00948687       1.00470342            0.025  0.000624461818  0.00062448289  77
    0.00443840396      0.937497633     0.0375005704  -5.62304658e-06      0.999970222       2.00895589       1.00444804            0.025  0.000624461818  0.000624484119  76
      0.029438404      0.937497633     0.0375005703  -5.62305098e-06      0.999970222       2.00895596       1.00444807            0.025  0.000624461818  0.000624476712  75
    0.00395797171      0.912497197      0.036500375   -6.5571724e-06      0.999975547       2.00861486       1.00428287            0.025  0.000624461818  0.000624480695  74
     0.0289579717      0.912497197      0.036500375  -6.55717742e-06      0.999975547       2.00861492        1.0042829            0.025  0.000624461818  0.000624473486  73
    0.00347986995      0.887496864     0.0355001941  -7.26711502e-06      0.999979285       2.00836373       1.00416107            0.025  0.000624461818  0.000624478262  72
     0.0284798699      0.887496864      0.035500194  -7.26711966e-06      0.999979285        2.0083638        1.0041611            0.025  0.000624461818  0.00062447125  71
    0.00300403467      0.862496608     0.0345000264  -7.80952526e-06       0.99998216       2.00816564        1.0040649            0.025  0.000624461818  0.000624476368  70
     0.0280040347      0.862496608     0.0345000264  -7.80952955e-06       0.99998216        2.0081657       1.00406494            0.025  0.000624461818  0.000624469554  69
    0.00253040191      0.837496414     0.0334998713  -8.21919196e-06      0.999984482       2.00800278       1.00398581            0.025  0.000624461818  0.000624474819  68
     0.0275304019      0.837496414     0.0334998713    -8.219196e-06      0.999984482       2.00800284       1.00398584            0.025  0.000624461818  0.000624468202  67
    0.00205890774      0.812496269     0.0324997281  -8.51984349e-06      0.999986415       2.00786519       1.00391896            0.025  0.000624461818  0.000624473513  66
     0.0270589077      0.812496269     0.0324997281  -8.51984736e-06      0.999986415       2.00786526       1.00391899            0.025  0.000624461818  0.000624467094  65
    0.00158948825      0.787496166     0.0314995961  -8.72878476e-06      0.999988059       2.00774671       1.00386137            0.025  0.000624461818  0.000624472387  64
     0.0265894882      0.787496166     0.0314995961  -8.72878873e-06      0.999988059       2.00774677        1.0038614            0.025  0.000624461818  0.000624466166  63
    0.00112207955      0.762496099     0.0304994749  -8.85924151e-06      0.999989477       2.00764323       1.00381105            0.025  0.000624461818  0.000624471403  62
     0.0261220795      0.762496099     0.0304994749  -8.85924722e-06      0.999989477        2.0076433       1.00381108            0.025  0.000624461818  0.000624465379  61
   0.000656617767      0.737496062      0.029499364  -8.92167646e-06      0.999990715        2.0075519       1.00376663            0.025  0.000624461818  0.000624470531  60
     0.0256566178      0.737496062      0.029499364  -8.92169465e-06      0.999990715       2.00755197       1.00376666            0.025  0.000624461818  0.000624464705  59
   0.000193039015      0.712496053     0.0284992638   -8.9245856e-06      0.999991804       2.00747065        1.0037271            0.025  0.000624461818  0.000624469785  58
      0.025193039      0.712496053     0.0284992634  -8.92465334e-06      0.999991804       2.00747072       1.00372713            0.025  0.000624461818  0.00062446501  57
     0.0497312794      0.687496067     0.0274991721  -8.87507995e-06      0.999992769       2.00739791        1.0036917            0.025  0.000624461818  0.000624463585  56
     0.0247312794      0.687496067     0.0274991717  -8.87514485e-06      0.999992769       2.00739799       1.00369174            0.025  0.000624461818  0.000624468131  55
     0.0492712752      0.662496102     0.0264990884  -8.77912816e-06      0.999993628        2.0073325       1.00365985            0.025  0.000624461818  0.000624463182  54
     0.0242712752      0.662496102     0.0264990884  -8.77914047e-06      0.999993628       2.00733257       1.00365989            0.025  0.000624461818  0.000624468416  53
     0.0488129624      0.637496155     0.0254990143  -8.64180138e-06      0.999994395       2.00727344        1.0036311            0.025  0.000624461818  0.000624462802  52
     0.0238129624      0.637496155     0.0254990143  -8.64180054e-06      0.999994395       2.00727351       1.00363113            0.025  0.000624461818  0.000624467838  51
     0.0483562772      0.612496225     0.0244989484  -8.46754861e-06      0.999995083       2.00721998       1.00360506            0.025  0.000624461818  0.000624462471  50
     0.0233562772      0.612496225     0.0244989484  -8.46754587e-06      0.999995083       2.00722005       1.00360509            0.025  0.000624461818  0.00062446731  49
     0.0479011558       0.58749631     0.0234988903   -8.2602571e-06        0.9999957        2.0071715       1.00358143            0.025  0.000624461818  0.000624462184  48
     0.0229011558       0.58749631     0.0234988904  -8.26025413e-06        0.9999957       2.00717156       1.00358146            0.025  0.000624461818  0.000624466825  47
     0.0474475343      0.562496408     0.0224988398  -8.02335397e-06      0.999996255       2.00712746       1.00355997            0.025  0.000624461818  0.000624461936  46
     0.0224475344      0.562496408     0.0224988398  -8.02335101e-06      0.999996255       2.00712751          1.00356            0.025  0.000624461818  0.00062446638  45
     0.0469953489      0.537496518     0.0214987964  -7.75988379e-06      0.999996755       2.00708742       1.00354045            0.025  0.000624461818  0.000624461723  44
     0.0219953489      0.537496518     0.0214987964  -7.75988085e-06      0.999996755       2.00708748       1.00354048            0.025  0.000624461818  0.000624465969  43
     0.0465445358      0.512496638     0.0204987598  -7.47256682e-06      0.999997205       2.00705101        1.0035227            0.025  0.000624461818  0.000624461541  42
     0.0215445358      0.512496638     0.0204987598  -7.47256391e-06      0.999997205       2.00705107       1.00352273            0.025  0.000624461818  0.000624465589  41
      0.046095031      0.487496767     0.0194987297  -7.16384496e-06       0.99999761       2.00701791       1.00350656            0.025  0.000624461818  0.000624461387  40
      0.021095031      0.487496767     0.0194987297  -7.16384208e-06       0.99999761       2.00701796       1.00350658            0.025  0.000624461818  0.000624465238  39
     0.0456467708      0.462496905     0.0184987056  -6.83591848e-06      0.999997974       2.00698783       1.00349188            0.025  0.000624461818  0.000624461258  38
     0.0206467708      0.462496905     0.0184987056  -6.83591563e-06      0.999997974       2.00698787        1.0034919            0.025  0.000624461818  0.000624464911  37
     0.0451996913       0.43749705     0.0174986873  -6.49077607e-06      0.999998302       2.00696051       1.00347855            0.025  0.000624461818  0.000624461152  36
     0.0201996913       0.43749705     0.0174986873  -6.49077324e-06      0.999998302       2.00696056       1.00347857            0.025  0.000624461818  0.000624464608  35
     0.0447537287      0.412497202     0.0164986745  -6.13021947e-06      0.999998596       2.00693574       1.00346646            0.025  0.000624461818  0.000624461067  34
     0.0197537287      0.412497202     0.0164986745  -6.13021667e-06      0.999998596       2.00693579       1.00346648            0.025  0.000624461818  0.000624464326  33
     0.0443088192      0.387497361     0.0154986667  -5.75588421e-06       0.99999886       2.00691332       1.00345552            0.025  0.000624461818  0.000624461001  32
     0.0193088192      0.387497361     0.0154986668  -5.75588143e-06       0.99999886       2.00691336       1.00345554            0.025  0.000624461818  0.000624464062  31
     0.0438648989      0.362497524     0.0144986638  -5.36925713e-06      0.999999096       2.00689308       1.00344563            0.025  0.000624461818  0.000624460952  30
     0.0188648989      0.362497524     0.0144986638  -5.36925437e-06      0.999999096       2.00689311       1.00344565            0.025  0.000624461818  0.000624463816  29
      0.043421904      0.337497692     0.0134986653  -4.97169141e-06      0.999999306       2.00687484       1.00343672            0.025  0.000624461818  0.00062446092  28
      0.018421904      0.337497692     0.0134986653  -4.97168866e-06      0.999999306       2.00687487       1.00343674            0.025  0.000624461818  0.000624463586  27
     0.0429797707      0.312497864     0.0124986709  -4.56441977e-06      0.999999493       2.00685847       1.00342873            0.025  0.000624461818  0.000624460902  26
     0.0179797707      0.312497864     0.0124986709  -4.56441704e-06      0.999999493        2.0068585       1.00342874            0.025  0.000624461818  0.00062446337  25
     0.0425384351       0.28749804     0.0114986803   -4.1485661e-06      0.999999659       2.00684384       1.00342158            0.025  0.000624461818  0.000624460897  24
     0.0175384351       0.28749804     0.0114986803  -4.14856339e-06      0.999999659       2.00684387       1.00342159            0.025  0.000624461818  0.000624463168  23
     0.0420978334       0.26249822     0.0104986931  -3.72515597e-06      0.999999806       2.00683082       1.00341522            0.025  0.000624461818  0.000624460904  22
     0.0170978334       0.26249822     0.0104986932  -3.72515327e-06      0.999999806       2.00683085       1.00341523            0.025  0.000624461818  0.000624462978  21
     0.0416579018      0.237498402    0.00949870919  -3.29512622e-06      0.999999934       2.00681932        1.0034096            0.025  0.000624461818  0.000624460923  20
     0.0166579018      0.237498402     0.0094987092  -3.29512354e-06      0.999999934       2.00681935       1.00340961            0.025  0.000624461818  0.000624462799  19
     0.0412185765      0.212498586    0.00849872807  -2.85933394e-06       1.00000005       2.00680924       1.00340467            0.025  0.000624461818  0.000624460952  18
     0.0162185765      0.212498586    0.00849872809  -2.85933126e-06       1.00000005       2.00680926       1.00340468            0.025  0.000624461818  0.00062446263  17
     0.0407797936      0.187498773    0.00749874948  -2.41856482e-06       1.00000014       2.00680049       1.00340039            0.025  0.000624461818  0.00062446099  16
     0.0157797936      0.187498773    0.00749874949  -2.41856215e-06       1.00000014       2.00680051        1.0034004            0.025  0.000624461818  0.000624462471  15
     0.0403414893      0.162498961    0.00649877309  -1.97354125e-06       1.00000022       2.00679299       1.00339672            0.025  0.000624461818  0.000624461038  14
     0.0153414893      0.162498961    0.00649877311  -1.97353859e-06       1.00000022       2.00679301       1.00339673            0.025  0.000624461818  0.000624462321  13
     0.0399035998      0.137499151     0.0054987986  -1.52493009e-06       1.00000029       2.00678669       1.00339364            0.025  0.000624461818  0.000624461093  12
     0.0149035998      0.137499151    0.00549879861  -1.52492744e-06       1.00000029        2.0067867       1.00339365            0.025  0.000624461818  0.00062446218  11
     0.0394660613      0.112499342    0.00449882568  -1.07335029e-06       1.00000035       2.00678152       1.00339111            0.025  0.000624461818  0.000624461157  10
     0.0144660613      0.112499342    0.00449882569  -1.07334765e-06       1.00000035       2.00678153       1.00339112            0.025  0.000624461818  0.000624462046  9
     0.0390288099      0.087499534    0.00349885402  -6.19380339e-07       1.00000039       2.00677745       1.00338912            0.025  0.000624461818  0.000624461228  8
     0.0140288099      0.087499534    0.00349885404  -6.19377705e-07       1.00000039       2.00677745       1.00338912            0.025  0.000624461818  0.000624461919  7
     0.0385917818     0.0624997269    0.00249888332  -1.63565673e-07       1.00000043       2.00677442       1.00338764            0.025  0.000624461818  0.000624461306  6
     0.0135917818     0.0624997269    0.00249888333  -1.63563078e-07       1.00000043       2.00677443       1.00338764            0.025  0.000624461818  0.000624461799  5
     0.0381549132     0.0374999204    0.00149891324   2.93577426e-07       1.00000045       2.00677242       1.00338666            0.025  0.000624461818  0.000624461389  4
     0.0131549132     0.0374999204    0.00149891326   2.93579789e-07       1.00000045       2.00677242       1.00338667            0.025  0.000624461818  0.000624461685  3
     0.0377181409     0.0125001143   0.000498948375   7.52508335e-07      0.999995605       2.00675926       1.00337522            0.025  0.000624461818  0.000624464507  2
     0.0127181409     0.0125001143   0.000498948382   7.52509883e-07      0.999995605       2.00675926       1.00337522            0.025  0.000624461818  0.000624464621  1
