title='particle position' 
variables=x, y, Ux, Uy, rho, e, p, h=supportlength/2, m, V, ID 
    0.00937178045      0.987498905     0.0395012261  -2.57523197e-06      0.999926215        2.0123683       1.00610991            0.025  0.000624461818  0.000624511118  80
     0.0343717804      0.987498905     0.0395012262  -2.57519118e-06      0.999926215       2.01236835       1.00610993            0.025  0.000624461818  0.000624504623  79
     0.0087861042      0.962497778     0.0385009778  -4.53481556e-06      0.999949453       2.01105302       1.00547568            0.025  0.000624461818  0.000624497189  78
     0.0337861042      0.962497778     0.0385009778  -4.53480814e-06      0.999949452       2.01105307       1.00547571            0.025  0.000624461818  0.000624489585  77
    0.00820287185      0.937497061     0.0375007543  -5.77767063e-06      0.999961666       2.01052424       1.00522358            0.025  0.000624461818  0.000624489463  76
     0.0332028718      0.937497061     0.0375007543  -5.77767519e-06      0.999961666       2.01052428        1.0052236            0.025  0.000624461818  0.000624482056  75
     0.0076220353      0.912496532     0.0365005458  -6.68723069e-06      0.999968142       2.01018432       1.00506014            0.025  0.000624461818  0.000624485319  74
     0.0326220353      0.912496532     0.0365005458  -6.68723624e-06      0.999968142       2.01018436       1.00506016            0.025  0.000624461818  0.00062447811  73
     0.0070435307      0.887496129     0.0355003523  -7.37498806e-06      0.999972689       2.00993396       1.00493953            0.025  0.000624461818  0.000624482381  72
     0.0320435307      0.887496129     0.0355003523  -7.37499329e-06      0.999972689         2.009934       1.00493956            0.025  0.000624461818  0.00062447537  71
    0.00646729394       0.86249582     0.0345001726  -7.89707494e-06      0.999976188       2.00973645        1.0048443            0.025  0.000624461818  0.000624480097  70
     0.0314672939       0.86249582     0.0345001726  -7.89707983e-06      0.999976188       2.00973649       1.00484432            0.025  0.000624461818  0.000624473283  69
    0.00589326098      0.837495585     0.0335000058  -8.28795065e-06      0.999979015       2.00957406       1.00476595            0.025  0.000624461818  0.000624478233  68
      0.030893261      0.837495585     0.0335000057  -8.28795529e-06      0.999979015       2.00957411       1.00476597            0.025  0.000624461818  0.000624471616  67
    0.00532136782      0.812495411      0.032499851  -8.57111403e-06       0.99998137       2.00943687       1.00469972            0.025  0.000624461818  0.000624476663  66
     0.0303213678      0.812495411      0.032499851  -8.57111847e-06       0.99998137       2.00943691       1.00469974            0.025  0.000624461818  0.000624470245  65
    0.00475155048      0.787495288     0.0314997078  -8.76369966e-06      0.999983373        2.0093187       1.00464265            0.025  0.000624461818  0.000624475314  64
     0.0297515505      0.787495288     0.0314997078  -8.76370395e-06      0.999983373       2.00931875       1.00464267            0.025  0.000624461818  0.000624469092  63
    0.00418374501      0.762495209     0.0304995754  -8.87880143e-06      0.999985103        2.0092155       1.00459279            0.025  0.000624461818  0.000624474135  62
      0.029183745      0.762495209     0.0304995754  -8.87880559e-06      0.999985103       2.00921556       1.00459281            0.025  0.000624461818  0.000624468111  61
     0.0036178875      0.737495167     0.0294994535  -8.92677978e-06      0.999986613       2.00912442       1.00454876            0.025  0.000624461818  0.000624473093  60
     0.0286178875      0.737495167     0.0294994534  -8.92678384e-06      0.999986613       2.00912447       1.00454879            0.025  0.000624461818  0.000624467267  59
    0.00305391402      0.712495157     0.0284993414  -8.91605543e-06      0.999987942       2.00904338       1.00450958            0.025  0.000624461818  0.000624472164  58
      0.028053914      0.712495157     0.0284993414  -8.91605941e-06      0.999987942       2.00904343       1.00450961            0.025  0.000624461818  0.000624466535  57
    0.00249176067      0.687495177     0.0274992389  -8.85361979e-06       0.99998912       2.00897083       1.00447449            0.025  0.000624461818  0.000624471329  56
     0.0274917607      0.687495177     0.0274992389  -8.85362372e-06       0.99998912       2.00897089       1.00447452            0.025  0.000624461818  0.000624465898  55
    0.00193136354      0.662495222     0.0264991454  -8.74537822e-06       0.99999017       2.00890557       1.00444291            0.025  0.000624461818  0.000624470575  54
     0.0269313635      0.662495222     0.0264991454  -8.74538234e-06       0.99999017       2.00890563       1.00444294            0.025  0.000624461818  0.000624465342  53
    0.00137265874       0.63749529     0.0254990605  -8.59638915e-06      0.999991108       2.00884666        1.0044144            0.025  0.000624461818  0.000624469891  52
     0.0263726587       0.63749529     0.0254990605  -8.59639501e-06      0.999991108       2.00884672       1.00441443            0.025  0.000624461818  0.000624464855  51
   0.000815582382      0.612495378     0.0244989839    -8.411033e-06      0.999991949       2.00879333       1.00438858            0.025  0.000624461818  0.000624469267  50
     0.0258155824      0.612495378     0.0244989839  -8.41105103e-06      0.999991949        2.0087934       1.00438861            0.025  0.000624461818  0.000624464429  49
   0.000260070568      0.587495484      0.023498916  -8.19313455e-06      0.999992704       2.00874495       1.00436515            0.025  0.000624461818  0.000624468729  48
     0.0252600706      0.587495484     0.0234989157  -8.19320094e-06      0.999992704       2.00874502       1.00436518            0.025  0.000624461818  0.000624464781  47
     0.0497060594      0.562495606     0.0224988548  -7.94612306e-06      0.999993384       2.00870101       1.00434386            0.025  0.000624461818  0.000624463696  46
     0.0247060594      0.562495606     0.0224988544  -7.94618649e-06      0.999993384       2.00870108        1.0043439            0.025  0.000624461818  0.000624467415  45
     0.0491534851      0.537495743     0.0214987999  -7.67300466e-06      0.999993996       2.00866107        1.0043245            0.025  0.000624461818  0.000624463446  44
     0.0241534851      0.537495743     0.0214987999   -7.6730163e-06      0.999993996       2.00866113       1.00432454            0.025  0.000624461818  0.000624467692  43
     0.0486022837      0.512495892     0.0204987526  -7.37642214e-06      0.999994547       2.00862474        1.0043069            0.025  0.000624461818  0.000624463201  42
     0.0236022837      0.512495892     0.0204987527  -7.37642085e-06      0.999994547       2.00862481       1.00430693            0.025  0.000624461818  0.000624467249  41
     0.0480523913      0.487496053     0.0194987118  -7.05879979e-06      0.999995044       2.00859171       1.00429088            0.025  0.000624461818  0.000624462989  40
     0.0230523913      0.487496053     0.0194987118  -7.05879661e-06      0.999995044       2.00859177       1.00429091            0.025  0.000624461818  0.00062446684  39
     0.0475037441      0.462496224     0.0184986771  -6.72231357e-06      0.999995491       2.00856169       1.00427632            0.025  0.000624461818  0.000624462809  38
     0.0225037441      0.462496224     0.0184986771  -6.72231015e-06      0.999995491       2.00856175       1.00427635            0.025  0.000624461818  0.000624466462  37
     0.0469562782      0.437496405     0.0174986482   -6.3689258e-06      0.999995894       2.00853444       1.00426309            0.025  0.000624461818  0.000624462656  36
     0.0219562782      0.437496405     0.0174986482  -6.36892237e-06      0.999995894       2.00853449       1.00426312            0.025  0.000624461818  0.000624466112  35
     0.0464099298      0.412496594     0.0164986246  -6.00041305e-06      0.999996255       2.00850972        1.0042511            0.025  0.000624461818  0.000624462529  34
     0.0214099298      0.412496594     0.0164986246  -6.00040963e-06      0.999996255       2.00850977       1.00425112            0.025  0.000624461818  0.000624465788  33
     0.0458646349       0.38749679     0.0154986062  -5.61838712e-06      0.999996579       2.00848734       1.00424024            0.025  0.000624461818  0.000624462426  32
     0.0208646349       0.38749679     0.0154986062  -5.61838373e-06      0.999996579       2.00848739       1.00424026            0.025  0.000624461818  0.000624465487  31
     0.0453203297      0.362496992     0.0144985925  -5.22431254e-06      0.999996869       2.00846714       1.00423042            0.025  0.000624461818  0.000624462343  30
     0.0203203297      0.362496992     0.0144985925  -5.22430916e-06      0.999996869       2.00846718       1.00423045            0.025  0.000624461818  0.000624465207  29
     0.0447769504      0.337497201     0.0134985832  -4.81952142e-06      0.999997128       2.00844894       1.00422158            0.025  0.000624461818  0.00062446228  28
     0.0197769504      0.337497201     0.0134985832  -4.81951806e-06      0.999997128       2.00844898        1.0042216            0.025  0.000624461818  0.000624464946  27
      0.044234433      0.312497414     0.0124985781  -4.40522657e-06      0.999997359        2.0084326       1.00421365            0.025  0.000624461818  0.000624462235  26
      0.019234433      0.312497414     0.0124985781  -4.40522323e-06      0.999997359       2.00843264       1.00421366            0.025  0.000624461818  0.000624464704  25
     0.0436927138      0.287497632     0.0114985767  -3.98253297e-06      0.999997563       2.00841799       1.00420655            0.025  0.000624461818  0.000624462206  24
     0.0186927138      0.287497632     0.0114985767  -3.98252965e-06      0.999997563       2.00841803       1.00420657            0.025  0.000624461818  0.000624464477  23
     0.0431517288      0.262497854     0.0104985788  -3.55244823e-06      0.999997743         2.008405       1.00420023            0.025  0.000624461818  0.000624462192  22
     0.0181517288      0.262497854     0.0104985788  -3.55244491e-06      0.999997743       2.00840503       1.00420025            0.025  0.000624461818  0.000624464266  21
     0.0426114143       0.23749808    0.00949858401  -3.11589205e-06      0.999997901       2.00839352       1.00419465            0.025  0.000624461818  0.000624462192  20
     0.0176114143       0.23749808    0.00949858402  -3.11588875e-06      0.999997901       2.00839355       1.00419467            0.025  0.000624461818  0.000624464068  19
     0.0420717063      0.212498308    0.00849859207  -2.67370514e-06      0.999998039       2.00838345       1.00418976            0.025  0.000624461818  0.000624462205  18
     0.0170717063      0.212498308    0.00849859208  -2.67370184e-06      0.999998039       2.00838348       1.00418977            0.025  0.000624461818  0.000624463884  17
     0.0415325409      0.187498539    0.00749860263  -2.22665747e-06      0.999998158       2.00837472       1.00418551            0.025  0.000624461818  0.00062446223  16
     0.0165325409      0.187498539    0.00749860265  -2.22665419e-06      0.999998158       2.00837474       1.00418552            0.025  0.000624461818  0.000624463711  15
     0.0409938544      0.162498773    0.00649861539  -1.77545635e-06      0.999998259       2.00836724       1.00418187            0.025  0.000624461818  0.000624462265  14
     0.0159938544      0.162498773    0.00649861541  -1.77545307e-06      0.999998259       2.00836725       1.00418188            0.025  0.000624461818  0.000624463549  13
     0.0404555829      0.137499008    0.00549863003  -1.32075403e-06      0.999998344       2.00836094       1.00417881            0.025  0.000624461818  0.000624462311  12
     0.0154555829      0.137499008    0.00549863005  -1.32075077e-06      0.999998344       2.00836096       1.00417882            0.025  0.000624461818  0.000624463397  11
     0.0399176625      0.112499245    0.00449864624  -8.63155338e-07      0.999998414       2.00835579        1.0041763            0.025  0.000624461818  0.000624462366  10
     0.0149176625      0.112499245    0.00449864625  -8.63152077e-07      0.999998414        2.0083558       1.00417631            0.025  0.000624461818  0.000624463255  9
     0.0393800294     0.0874994827     0.0034986637  -4.03225003e-07      0.999998469       2.00835172       1.00417432            0.025  0.000624461818  0.00062446243  8
     0.0143800294     0.0874994827    0.00349866372  -4.03221753e-07      0.999998469       2.00835173       1.00417433            0.025  0.000624461818  0.000624463121  7
     0.0388426196     0.0624997216    0.00249868211   5.85049765e-08       0.99999851        2.0083487       1.00417285            0.025  0.000624461818  0.000624462503  6
     0.0138426196     0.0624997216    0.00249868212   5.85081787e-08       0.99999851       2.00834871       1.00417286            0.025  0.000624461818  0.000624462997  5
     0.0383053694     0.0374999612    0.00149870114   5.21534443e-07      0.999998543        2.0083467       1.00417189            0.025  0.000624461818  0.000624462581  4
     0.0133053695     0.0374999612    0.00149870116   5.21537358e-07      0.999998543        2.0083467       1.00417189            0.025  0.000624461818  0.000624462877  3
     0.0377682163     0.0125002016   0.000498727976   9.86766905e-07      0.999991119       2.00832725       1.00415471            0.025  0.000624461818  0.000624467308  2
     0.0127682163     0.0125002016   0.000498727983    9.8676881e-07      0.999991119       2.00832725       1.00415471            0.025  0.000624461818  0.000624467423  1
