title='particle position' 
variables=x, y, Ux, Uy, rho, e, p, h=supportlength/2, m, V, ID 
    0.00255147047      0.987499317     0.0395008584  -2.20199463e-06      0.999953195       2.00968944       1.00479769            0.025  0.000624461818  0.000624494276  80
     0.0275514705      0.987499317     0.0395008584  -2.20196615e-06      0.999953195       2.00968952       1.00479773            0.025  0.000624461818  0.000624487781  79
    0.00213849644      0.962498534     0.0385006357  -4.22356789e-06       0.99996749       2.00835875       1.00414673            0.025  0.000624461818  0.000624485924  78
     0.0271384964      0.962498534     0.0385006357  -4.22356389e-06       0.99996749       2.00835884       1.00414677            0.025  0.000624461818  0.00062447832  77
    0.00172796216      0.937498035     0.0375004359  -5.51433223e-06      0.999975968        2.0078263       1.00388903            0.025  0.000624461818  0.000624480531  76
     0.0267279622      0.937498035     0.0375004359  -5.51433656e-06      0.999975968       2.00782638       1.00388907            0.025  0.000624461818  0.000624473124  75
    0.00131982116      0.912497667     0.0365002502  -6.46614794e-06      0.999980456       2.00748446       1.00372261            0.025  0.000624461818  0.000624477629  74
     0.0263198212      0.912497667     0.0365002502  -6.46615288e-06      0.999980456       2.00748454       1.00372265            0.025  0.000624461818  0.00062447042  73
   0.000914009629      0.887497387     0.0355000785  -7.19204604e-06      0.999983606       2.00723278       1.00359993            0.025  0.000624461818  0.000624475563  72
     0.0259140096      0.887497387     0.0355000784  -7.19205249e-06      0.999983606       2.00723285       1.00359997            0.025  0.000624461818  0.000624468552  71
   0.000510463621      0.862497171     0.0344999197  -7.74904957e-06      0.999986027       2.00703425        1.0035031            0.025  0.000624461818  0.000624473952  70
     0.0255104636      0.862497171     0.0344999197  -7.74906877e-06      0.999986027       2.00703433       1.00350314            0.025  0.000624461818  0.000624467138  69
   0.000109119225      0.837497006     0.0334997744  -8.17217299e-06      0.999987982       2.00687105       1.00342347            0.025  0.000624461818  0.000624472667  68
     0.0251091192      0.837497006     0.0334997739  -8.17224342e-06      0.999987982       2.00687113       1.00342351            0.025  0.000624461818  0.000624467065  67
     0.0497099126      0.812496884     0.0324996396  -8.48535875e-06      0.999989609       2.00673318       1.00335617            0.025  0.000624461818  0.000624465064  66
     0.0247099126      0.812496884     0.0324996391  -8.48542597e-06      0.999989609       2.00673326        1.0033562            0.025  0.000624461818  0.000624470437  65
     0.0493127798      0.787496796     0.0314995148  -8.70603395e-06      0.999990991       2.00661446       1.00329819            0.025  0.000624461818  0.000624464335  64
     0.0243127798      0.787496796     0.0314995147  -8.70604684e-06      0.999990991       2.00661453       1.00329823            0.025  0.000624461818  0.000624470556  63
      0.048917657      0.762496739     0.0304994017   -8.8474751e-06      0.999992183       2.00651078       1.00324755            0.025  0.000624461818  0.000624463689  62
      0.023917657      0.762496739     0.0304994017  -8.84747446e-06      0.999992183       2.00651085       1.00324758            0.025  0.000624461818  0.000624469713  61
     0.0485244805      0.737496707     0.0294992989  -8.92024197e-06      0.999993222       2.00641928       1.00320284            0.025  0.000624461818  0.000624463139  60
     0.0235244805      0.737496707     0.0294992989   -8.9202394e-06      0.999993222       2.00641934       1.00320287            0.025  0.000624461818  0.000624468965  59
     0.0481331862      0.712496698     0.0284992058  -8.93291306e-06      0.999994137       2.00633787       1.00316306            0.025  0.000624461818  0.000624462666  58
     0.0231331862      0.712496698     0.0284992058  -8.93291028e-06      0.999994137       2.00633794       1.00316309            0.025  0.000624461818  0.000624468295  57
     0.0477437105      0.687496709      0.027499122  -8.89260994e-06      0.999994946       2.00626501       1.00312743            0.025  0.000624461818  0.00062446226  56
     0.0227437105      0.687496709      0.027499122  -8.89260718e-06      0.999994946       2.00626507       1.00312746            0.025  0.000624461818  0.000624467691  55
     0.0473559894      0.662496737     0.0264990472  -8.80534982e-06      0.999995666       2.00619947       1.00309539            0.025  0.000624461818  0.000624461909  54
     0.0223559894      0.662496737     0.0264990472  -8.80534711e-06      0.999995666       2.00619953       1.00309542            0.025  0.000624461818  0.000624467143  53
     0.0469699592      0.637496781     0.0254989809  -8.67628952e-06      0.999996309       2.00614031       1.00306645            0.025  0.000624461818  0.000624461606  52
     0.0219699592      0.637496781     0.0254989809  -8.67628687e-06      0.999996309       2.00614036       1.00306648            0.025  0.000624461818  0.000624466643  51
      0.046585556      0.612496839     0.0244989229  -8.50990055e-06      0.999996884       2.00608676       1.00304025            0.025  0.000624461818  0.000624461346  50
      0.021585556      0.612496839     0.0244989229  -8.50989794e-06      0.999996884       2.00608681       1.00304028            0.025  0.000624461818  0.000624466184  49
     0.0462027159      0.587496909     0.0234988726  -8.31009808e-06      0.999997401       2.00603819       1.00301649            0.025  0.000624461818  0.000624461122  48
     0.0212027159      0.587496909     0.0234988727  -8.31009551e-06      0.999997401       2.00603824       1.00301651            0.025  0.000624461818  0.000624465763  47
     0.0458213753       0.56249699     0.0224988299  -8.08033816e-06      0.999997865       2.00599407       1.00299489            0.025  0.000624461818  0.000624460931  46
     0.0208213753       0.56249699     0.0224988299  -8.08033563e-06      0.999997865       2.00599412       1.00299492            0.025  0.000624461818  0.000624465374  45
     0.0454414702      0.537497081     0.0214987943  -7.82369223e-06      0.999998283       2.00595397       1.00297526            0.025  0.000624461818  0.000624460768  44
     0.0204414702      0.537497081     0.0214987943  -7.82368973e-06      0.999998283       2.00595401       1.00297529            0.025  0.000624461818  0.000624465015  43
     0.0450629369       0.51249718     0.0204987655  -7.54290533e-06      0.999998659        2.0059175       1.00295741            0.025  0.000624461818  0.000624460633  42
     0.0200629369       0.51249718     0.0204987655  -7.54290287e-06      0.999998659       2.00591755       1.00295743            0.025  0.000624461818  0.000624464681  41
     0.0446857115      0.487497288     0.0194987431  -7.24044222e-06      0.999998997       2.00588435       1.00294117            0.025  0.000624461818  0.00062446052  40
     0.0196857115      0.487497288     0.0194987432  -7.24043979e-06      0.999998997       2.00588439       1.00294119            0.025  0.000624461818  0.000624464371  39
     0.0443097302      0.462497402     0.0184987269   -6.9185244e-06      0.999999301       2.00585422       1.00292641            0.025  0.000624461818  0.000624460429  38
     0.0193097303      0.462497402     0.0184987269  -6.91852199e-06      0.999999301       2.00585425       1.00292643            0.025  0.000624461818  0.000624464083  37
     0.0439349293      0.437497523     0.0174987164   -6.5791603e-06      0.999999574       2.00582686         1.002913            0.025  0.000624461818  0.000624460357  36
     0.0189349293      0.437497523     0.0174987164  -6.57915791e-06      0.999999574        2.0058269       1.00291302            0.025  0.000624461818  0.000624463813  35
     0.0435612448      0.412497649     0.0164987114  -6.22417015e-06      0.999999819       2.00580205       1.00290085            0.025  0.000624461818  0.000624460303  34
     0.0185612448      0.412497649     0.0164987114  -6.22416779e-06      0.999999819       2.00580209       1.00290086            0.025  0.000624461818  0.000624463562  33
      0.043188613       0.38749778     0.0154987114  -5.85520682e-06       1.00000004        2.0057796       1.00288984            0.025  0.000624461818  0.000624460265  32
     0.0181886131       0.38749778     0.0154987115  -5.85520449e-06       1.00000004       2.00577963       1.00288986            0.025  0.000624461818  0.000624463326  31
     0.0428169702      0.362497916     0.0144987163  -5.47377347e-06       1.00000024       2.00575932        1.0028799            0.025  0.000624461818  0.000624460241  30
     0.0178169702      0.362497916     0.0144987163  -5.47377115e-06       1.00000024       2.00575935       1.00287991            0.025  0.000624461818  0.000624463104  29
     0.0424462523      0.337498055     0.0134987256  -5.08123869e-06       1.00000041       2.00574106       1.00287094            0.025  0.000624461818  0.00062446023  28
     0.0174462524      0.337498055     0.0134987256  -5.08123639e-06       1.00000041       2.00574109       1.00287096            0.025  0.000624461818  0.000624462896  27
     0.0420763958      0.312498198     0.0124987391  -4.67884977e-06       1.00000057       2.00572467        1.0028629            0.025  0.000624461818  0.000624460232  26
     0.0170763958      0.312498198     0.0124987391  -4.67884749e-06       1.00000057       2.00572469       1.00286291            0.025  0.000624461818  0.0006244627  25
     0.0417073367      0.287498344     0.0114987563  -4.26774444e-06        1.0000007       2.00571002       1.00285571            0.025  0.000624461818  0.000624460244  24
     0.0167073367      0.287498344     0.0114987563  -4.26774217e-06        1.0000007       2.00571004       1.00285573            0.025  0.000624461818  0.000624462515  23
     0.0413390113      0.262498493     0.0104987771  -3.84896142e-06       1.00000083       2.00569698       1.00284932            0.025  0.000624461818  0.000624460267  22
     0.0163390113      0.262498493     0.0104987771  -3.84895917e-06       1.00000083       2.00569701       1.00284933            0.025  0.000624461818  0.000624462341  21
     0.0409713558      0.237498644    0.00949880101  -3.42345012e-06       1.00000093       2.00568547       1.00284367            0.025  0.000624461818  0.000624460299  20
     0.0159713558      0.237498644    0.00949880103  -3.42344788e-06       1.00000093       2.00568549       1.00284368            0.025  0.000624461818  0.000624462176  19
     0.0406043062      0.212498797    0.00849882779   -2.9920796e-06       1.00000102       2.00567537       1.00283871            0.025  0.000624461818  0.00062446034  18
     0.0156043063      0.212498797     0.0084988278  -2.99207737e-06       1.00000102       2.00567539       1.00283872            0.025  0.000624461818  0.000624462019  17
      0.040237799      0.187498952    0.00749885709  -2.55564708e-06        1.0000011       2.00566661       1.00283441            0.025  0.000624461818  0.000624460389  16
      0.015237799      0.187498952    0.00749885711  -2.55564486e-06        1.0000011       2.00566662       1.00283442            0.025  0.000624461818  0.00062446187  15
     0.0398717702      0.162499109    0.00649888862  -2.11488603e-06       1.00000117        2.0056591       1.00283073            0.025  0.000624461818  0.000624460445  14
     0.0148717702      0.162499109    0.00649888863  -2.11488382e-06       1.00000117       2.00565912       1.00283073            0.025  0.000624461818  0.000624461729  13
      0.039506156      0.137499266    0.00549892204  -1.67047401e-06       1.00000123       2.00565279       1.00282763            0.025  0.000624461818  0.000624460509  12
     0.0145061561      0.137499266    0.00549892206   -1.6704718e-06       1.00000123        2.0056528       1.00282763            0.025  0.000624461818  0.000624461595  11
     0.0391408927      0.112499425    0.00449895705  -1.22304032e-06       1.00000128       2.00564762       1.00282509            0.025  0.000624461818  0.000624460578  10
     0.0141408927      0.112499425    0.00449895706  -1.22303812e-06       1.00000128       2.00564763       1.00282509            0.025  0.000624461818  0.000624461467  9
     0.0387759165     0.0874995843    0.00349899332  -7.73173558e-07       1.00000131       2.00564354       1.00282308            0.025  0.000624461818  0.000624460654  8
     0.0137759165     0.0874995843    0.00349899334  -7.73171366e-07       1.00000131       2.00564354       1.00282309            0.025  0.000624461818  0.000624461345  7
     0.0384111635     0.0624997444    0.00249903055  -3.21429022e-07       1.00000134       2.00564051        1.0028216            0.025  0.000624461818  0.000624460735  6
     0.0134111635     0.0624997444    0.00249903056  -3.21426864e-07       1.00000134       2.00564051        1.0028216            0.025  0.000624461818  0.000624461229  5
     0.0380465699      0.037499905    0.00149906841   1.31665877e-07       1.00000136       2.00563851       1.00282062            0.025  0.000624461818  0.000624460821  4
     0.0130465699      0.037499905    0.00149906842   1.31667843e-07       1.00000136       2.00563851       1.00282062            0.025  0.000624461818  0.000624461117  3
     0.0376820724     0.0125000659   0.000499109966   5.86289735e-07      0.999998016       2.00562906       1.00281254            0.025  0.000624461818  0.000624463001  2
     0.0126820724     0.0125000659   0.000499109973   5.86291026e-07      0.999998016       2.00562906       1.00281254            0.025  0.000624461818  0.000624463116  1
