title='particle position' 
variables=x, y, Ux, Uy, rho, e, p, h=supportlength/2, m, V, ID 
     0.0496964236      0.987499471     0.0395007005  -2.04940799e-06      0.999963446        2.0085664       1.00424649            0.025  0.000624461818  0.000624481382  80
     0.0246964236      0.987499471     0.0395007004  -2.04943103e-06      0.999963446       2.00856649       1.00424653            0.025  0.000624461818  0.000624487878  79
     0.0493557435      0.962498835     0.0385004894  -4.09701297e-06      0.999974472        2.0072304       1.00358958            0.025  0.000624461818  0.000624473959  78
     0.0243557435      0.962498835     0.0385004894  -4.09701594e-06      0.999974472       2.00723049       1.00358962            0.025  0.000624461818  0.000624481564  77
     0.0490175015       0.93749843     0.0375002998  -5.40787413e-06      0.999981365        2.0066964        1.0033295            0.025  0.000624461818  0.000624469753  76
     0.0240175015       0.93749843     0.0375002998  -5.40787111e-06      0.999981365       2.00669648       1.00332954            0.025  0.000624461818  0.00062447716  75
     0.0486816518      0.912498131     0.0365001239  -6.37737933e-06      0.999985011       2.00635374       1.00316183            0.025  0.000624461818  0.000624467575  74
     0.0236816518      0.912498131     0.0365001239  -6.37737582e-06      0.999985011       2.00635382       1.00316187            0.025  0.000624461818  0.000624474785  73
     0.0483481306      0.887497904     0.0354999615  -7.11921707e-06      0.999987567       2.00610149       1.00303828            0.025  0.000624461818  0.000624466077  72
     0.0233481306      0.887497904     0.0354999615  -7.11921379e-06      0.999987567       2.00610157       1.00303831            0.025  0.000624461818  0.000624473089  71
      0.048016874      0.862497729     0.0344998118  -7.69079571e-06      0.999989532       2.00590254       1.00294077            0.025  0.000624461818  0.000624464949  70
      0.023016874      0.862497729     0.0344998118  -7.69079266e-06      0.999989532       2.00590261        1.0029408            0.025  0.000624461818  0.000624471764  69
     0.0476878181      0.837497595     0.0334996742  -8.12738525e-06      0.999991116         2.005739       1.00286059            0.025  0.000624461818  0.000624464059  68
     0.0226878181      0.837497595     0.0334996742  -8.12738237e-06      0.999991116       2.00573906       1.00286062            0.025  0.000624461818  0.000624470675  67
     0.0473608991      0.812497496      0.032499548  -8.45304925e-06      0.999992434       2.00560084       1.00279283            0.025  0.000624461818  0.000624463335  66
     0.0223608991      0.812497496      0.032499548  -8.45304652e-06      0.999992434       2.00560091       1.00279287            0.025  0.000624461818  0.000624469754  65
     0.0470360532      0.787497425     0.0314994327   -8.6853417e-06      0.999993552       2.00548188       1.00273447            0.025  0.000624461818  0.000624462735  64
     0.0220360532      0.787497425     0.0314994328  -8.68533907e-06      0.999993552       2.00548194        1.0027345            0.025  0.000624461818  0.000624468957  63
     0.0467132166      0.762497378      0.030499328  -8.83768275e-06      0.999994516       2.00537799        1.0026835            0.025  0.000624461818  0.000624462232  62
     0.0217132166      0.762497378      0.030499328  -8.83768021e-06      0.999994516       2.00537805       1.00268352            0.025  0.000624461818  0.000624468256  61
     0.0463923254      0.737497352     0.0294992334  -8.92069575e-06      0.999995355       2.00528631        1.0026385            0.025  0.000624461818  0.000624461807  60
     0.0213923254      0.737497352     0.0294992334  -8.92069329e-06      0.999995355       2.00528636       1.00263853            0.025  0.000624461818  0.000624467633  59
     0.0460733158      0.712497344     0.0284991484  -8.94301922e-06      0.999996093       2.00520475       1.00259846            0.025  0.000624461818  0.000624461445  58
     0.0210733158      0.712497344     0.0284991484  -8.94301683e-06      0.999996093        2.0052048       1.00259848            0.025  0.000624461818  0.000624467074  57
     0.0457561241      0.687497353     0.0274990727  -8.91182904e-06      0.999996745       2.00513175       1.00256261            0.025  0.000624461818  0.000624461136  56
     0.0207561241      0.687497353     0.0274990727  -8.91182672e-06      0.999996745        2.0051318       1.00256264            0.025  0.000624461818  0.000624466568  55
     0.0454406864      0.662497375     0.0264990058  -8.83318981e-06      0.999997325       2.00506609       1.00253036            0.025  0.000624461818  0.000624460873  54
     0.0204406864      0.662497375     0.0264990059  -8.83318755e-06      0.999997325       2.00506614       1.00253039            0.025  0.000624461818  0.000624466107  53
     0.0451269389       0.63749741     0.0254989476  -8.71229994e-06      0.999997842       2.00500682       1.00250125            0.025  0.000624461818  0.000624460649  52
     0.0201269389       0.63749741     0.0254989476  -8.71229772e-06      0.999997842       2.00500687       1.00250127            0.025  0.000624461818  0.000624465685  51
     0.0448148178      0.612497456     0.0244988974  -8.55366782e-06      0.999998305       2.00495317       1.00247489            0.025  0.000624461818  0.000624460458  50
     0.0198148178      0.612497456     0.0244988975  -8.55366565e-06      0.999998305       2.00495322       1.00247491            0.025  0.000624461818  0.000624465297  49
     0.0445042594      0.587497511     0.0234988552  -8.36124173e-06       0.99999872       2.00490452       1.00245097            0.025  0.000624461818  0.000624460298  48
     0.0195042594      0.587497511     0.0234988552   -8.3612396e-06       0.99999872       2.00490456         1.002451            0.025  0.000624461818  0.00062446494  47
     0.0441951998      0.562497576     0.0224988203  -8.13850763e-06      0.999999092       2.00486033       1.00242925            0.025  0.000624461818  0.000624460164  46
     0.0191951998      0.562497576     0.0224988203  -8.13850554e-06      0.999999092       2.00486036       1.00242927            0.025  0.000624461818  0.000624464608  45
     0.0438875753      0.537497649     0.0214987926  -7.88856427e-06      0.999999427       2.00482016        1.0024095            0.025  0.000624461818  0.000624460054  44
     0.0188875753      0.537497649     0.0214987926  -7.88856222e-06      0.999999427       2.00482019       1.00240952            0.025  0.000624461818  0.0006244643  43
      0.043581322      0.512497728     0.0204987717  -7.61418176e-06      0.999999727       2.00478363       1.00239154            0.025  0.000624461818  0.000624459965  42
      0.018581322      0.512497728     0.0204987717  -7.61417974e-06      0.999999727       2.00478367       1.00239156            0.025  0.000624461818  0.000624464014  41
     0.0432763762      0.487497814     0.0194987572  -7.31784796e-06      0.999999998       2.00475042       1.00237521            0.025  0.000624461818  0.000624459895  40
     0.0182763762      0.487497814     0.0194987572  -7.31784597e-06      0.999999998       2.00475045       1.00237522            0.025  0.000624461818  0.000624463746  39
      0.042972674      0.462497905     0.0184987488  -7.00180585e-06       1.00000024       2.00472024       1.00236036            0.025  0.000624461818  0.000624459842  38
      0.017972674      0.462497905     0.0184987489  -7.00180389e-06       1.00000024       2.00472027       1.00236038            0.025  0.000624461818  0.000624463496  37
     0.0426701518      0.437498001     0.0174987462  -6.66808386e-06       1.00000046       2.00469284       1.00234688            0.025  0.000624461818  0.000624459805  36
     0.0176701518      0.437498001     0.0174987463  -6.66808192e-06       1.00000046       2.00469287        1.0023469            0.025  0.000624461818  0.000624463261  35
     0.0423687456      0.412498102     0.0164987491  -6.31852092e-06       1.00000065         2.004668       1.00233465            0.025  0.000624461818  0.000624459781  34
     0.0173687456      0.412498102     0.0164987491    -6.318519e-06       1.00000065       2.00466803       1.00233467            0.025  0.000624461818  0.00062446304  33
     0.0420683918      0.387498207     0.0154987571  -5.95478746e-06       1.00000083       2.00464551       1.00232359            0.025  0.000624461818  0.000624459771  32
     0.0170683918      0.387498207     0.0154987571  -5.95478557e-06       1.00000083       2.00464554        1.0023236            0.025  0.000624461818  0.000624462832  31
     0.0417690265      0.362498315     0.0144987698  -5.57840317e-06       1.00000099       2.00462521       1.00231359            0.025  0.000624461818  0.000624459772  30
     0.0167690265      0.362498315     0.0144987699   -5.5784013e-06       1.00000099       2.00462523        1.0023136            0.025  0.000624461818  0.000624462636  29
      0.041470586      0.337498427     0.0134987871  -5.19075225e-06       1.00000112       2.00460692       1.00230459            0.025  0.000624461818  0.000624459784  28
      0.016470586      0.337498427     0.0134987871  -5.19075039e-06       1.00000112       2.00460694        1.0023046            0.025  0.000624461818  0.00062446245  27
     0.0411730064      0.312498541     0.0124988085  -4.79309676e-06       1.00000125        2.0045905        1.0022965            0.025  0.000624461818  0.000624459805  26
     0.0161730064      0.312498541     0.0124988085  -4.79309492e-06       1.00000125       2.00459052       1.00229651            0.025  0.000624461818  0.000624462274  25
     0.0408762241      0.287498657     0.0114988337  -4.38658845e-06       1.00000136       2.00457583       1.00228927            0.025  0.000624461818  0.000624459836  24
     0.0158762241      0.287498657     0.0114988337  -4.38658662e-06       1.00000136       2.00457585       1.00228928            0.025  0.000624461818  0.000624462107  23
     0.0405801751      0.262498776     0.0104988624  -3.97227938e-06       1.00000145       2.00456278       1.00228285            0.025  0.000624461818  0.000624459874  22
     0.0155801751      0.262498776     0.0104988624  -3.97227757e-06       1.00000145        2.0045628       1.00228286            0.025  0.000624461818  0.000624461948  21
     0.0402847958      0.237498896    0.00949889426  -3.55113169e-06       1.00000154       2.00455125       1.00227716            0.025  0.000624461818  0.00062445992  20
     0.0152847958      0.237498896    0.00949889427  -3.55112989e-06       1.00000154       2.00455126       1.00227717            0.025  0.000624461818  0.000624461797  19
     0.0399900223      0.212499018      0.008498929  -3.12402662e-06       1.00000161       2.00454114       1.00227218            0.025  0.000624461818  0.000624459973  18
     0.0149900223      0.212499018    0.00849892902  -3.12402483e-06       1.00000161       2.00454115       1.00227219            0.025  0.000624461818  0.000624461652  17
     0.0396957909      0.187499142    0.00749896629  -2.69177307e-06       1.00000167       2.00453236       1.00226786            0.025  0.000624461818  0.000624460033  16
     0.0146957909      0.187499142     0.0074989663  -2.69177129e-06       1.00000167       2.00453237       1.00226787            0.025  0.000624461818  0.000624461514  15
     0.0394020377      0.162499267     0.0064990058  -2.25511576e-06       1.00000173       2.00452485       1.00226416            0.025  0.000624461818  0.000624460098  14
     0.0144020377      0.162499267    0.00649900581  -2.25511399e-06       1.00000173       2.00452486       1.00226416            0.025  0.000624461818  0.000624461382  13
     0.0391086991      0.137499392    0.00549904721   -1.8147431e-06       1.00000177       2.00451853       1.00226104            0.025  0.000624461818  0.000624460169  12
     0.0141086991      0.137499392    0.00549904723  -1.81474134e-06       1.00000177       2.00451854       1.00226105            0.025  0.000624461818  0.000624461255  11
     0.0388157112      0.112499519    0.00449909022  -1.37129493e-06       1.00000181       2.00451335       1.00225849            0.025  0.000624461818  0.000624460244  10
     0.0138157112      0.112499519    0.00449909023  -1.37129318e-06       1.00000181       2.00451336       1.00225849            0.025  0.000624461818  0.000624461133  9
     0.0385230103     0.0874996457     0.0034991345  -9.25370097e-07       1.00000184       2.00450926       1.00225647            0.025  0.000624461818  0.000624460325  8
     0.0135230103     0.0874996457    0.00349913451  -9.25368348e-07       1.00000184       2.00450927       1.00225648            0.025  0.000624461818  0.000624461016  7
     0.0382305326     0.0624997733    0.00249917973   -4.7753392e-07       1.00000186       2.00450623       1.00225498            0.025  0.000624461818  0.00062446041  6
     0.0132305326     0.0624997733    0.00249917974  -4.77532199e-07       1.00000186       2.00450623       1.00225498            0.025  0.000624461818  0.000624460904  5
     0.0379382142     0.0374999013     0.0014992256   -2.8324635e-08       1.00000188       2.00450422       1.00225399            0.025  0.000624461818  0.000624460499  4
     0.0129382142     0.0374999013    0.00149922562  -2.83230674e-08       1.00000188       2.00450422       1.00225399            0.025  0.000624461818  0.000624460795  3
     0.0376459917     0.0125000295   0.000499273944   4.22193493e-07      0.999999748        2.0044978       1.00224865            0.025  0.000624461818  0.000624461919  2
     0.0126459917     0.0125000295   0.000499273951   4.22194525e-07      0.999999748       2.00449781       1.00224865            0.025  0.000624461818  0.000624462034  1
