title='particle position' 
variables=x, y, Ux, Uy, rho, e, p, h=supportlength/2, m, V, ID 
      0.038277566      0.987499976     0.0393564489  -1.38011246e-06      0.999998363       2.00396504       1.00198088            0.025  0.000624461818  0.000624459607  80
      0.013277566      0.987499976     0.0393564488  -1.38011503e-06      0.999998363       2.00396508        1.0019809            0.025  0.000624461818  0.00062446607  79
     0.0382290101      0.962499945      0.038070003  -3.32090369e-06      0.999998943       2.00261497       1.00130643            0.025  0.000624461818  0.000624458719  78
     0.0132290101      0.962499945      0.038070003  -3.32090092e-06      0.999998943         2.002615       1.00130644            0.025  0.000624461818  0.000624466239  77
     0.0381828599      0.937499928     0.0367862439  -4.50636281e-06      0.999999376       2.00207594       1.00103734            0.025  0.000624461818  0.000624458575  76
       0.01318286      0.937499928     0.0367862439   -4.5063601e-06      0.999999376       2.00207596       1.00103735            0.025  0.000624461818  0.000624465842  75
     0.0381390529      0.912499918     0.0355069339   -5.3471169e-06      0.999999592        2.0017319       1.00086554            0.025  0.000624461818  0.000624458567  74
     0.0131390529      0.912499918      0.035506934  -5.34711476e-06      0.999999592       2.00173192       1.00086555            0.025  0.000624461818  0.00062446558  73
     0.0380975075      0.887499912     0.0342338081  -5.96070869e-06      0.999999734       2.00147991       1.00073969            0.025  0.000624461818  0.000624458603  72
     0.0130975075      0.887499912     0.0342338081  -5.96070695e-06      0.999999734       2.00147992       1.00073969            0.025  0.000624461818  0.000624465366  71
     0.0380581426      0.862499908     0.0329685618  -6.40721417e-06      0.999999836       2.00128236       1.00064101            0.025  0.000624461818  0.000624458665  70
     0.0130581426      0.862499908     0.0329685618  -6.40721272e-06      0.999999836       2.00128237       1.00064102            0.025  0.000624461818  0.000624465177  69
     0.0380208777      0.837499906     0.0317128405  -6.72391165e-06      0.999999911       2.00112115       1.00056048            0.025  0.000624461818  0.000624458742  68
     0.0130208777      0.837499906     0.0317128405  -6.72391041e-06      0.999999911       2.00112116       1.00056049            0.025  0.000624461818  0.000624465006  67
     0.0379856326      0.812499906      0.030468229  -6.93647565e-06      0.999999969       2.00098611       1.00049303            0.025  0.000624461818  0.000624458829  66
     0.0129856326      0.812499906     0.0304682291  -6.93647457e-06      0.999999969       2.00098612       1.00049303            0.025  0.000624461818  0.000624464847  65
     0.0379523283      0.787499907     0.0292362417  -7.06379361e-06       1.00000001       2.00087096       1.00043549            0.025  0.000624461818  0.000624458923  64
     0.0129523283      0.787499907     0.0292362418  -7.06379268e-06       1.00000001       2.00087096        1.0004355            0.025  0.000624461818  0.000624464698  63
     0.0379208861      0.762499909      0.028018313  -7.12040389e-06       1.00000005       2.00077149       1.00038579            0.025  0.000624461818  0.000624459021  62
     0.0129208861      0.762499909      0.028018313  -7.12040307e-06       1.00000005       2.00077149       1.00038579            0.025  0.000624461818  0.000624464556  61
     0.0378912285      0.737499911      0.026815788  -7.11786861e-06       1.00000007       2.00068477       1.00034246            0.025  0.000624461818  0.000624459124  60
     0.0128912285      0.737499911      0.026815788  -7.11786789e-06       1.00000007       2.00068477       1.00034246            0.025  0.000624461818  0.000624464421  59
     0.0378632789      0.712499914     0.0256299147  -7.06560832e-06       1.00000009       2.00060864       1.00030441            0.025  0.000624461818  0.000624459228  58
     0.0128632789      0.712499914     0.0256299147  -7.06560769e-06       1.00000009       2.00060864       1.00030442            0.025  0.000624461818  0.000624464291  57
     0.0378369618      0.687499917      0.024461836  -6.97143979e-06       1.00000011       2.00054148       1.00027085            0.025  0.000624461818  0.000624459334  56
     0.0128369618      0.687499917      0.024461836  -6.97143924e-06       1.00000011       2.00054148       1.00027085            0.025  0.000624461818  0.000624464166  55
     0.0378122028      0.662499921     0.0233125827  -6.84193897e-06       1.00000012       2.00048202       1.00024113            0.025  0.000624461818  0.000624459441  54
     0.0128122028      0.662499921     0.0233125827  -6.84193849e-06       1.00000012       2.00048202       1.00024113            0.025  0.000624461818  0.000624464046  53
     0.0377889286      0.637499924     0.0221830673  -6.68269551e-06       1.00000013       2.00042924       1.00021475            0.025  0.000624461818  0.000624459547  52
     0.0127889286      0.637499924     0.0221830673  -6.68269509e-06       1.00000013       2.00042924       1.00021475            0.025  0.000624461818  0.000624463929  51
     0.0377670674      0.612499928     0.0210740787  -6.49849698e-06       1.00000013       2.00038231       1.00019129            0.025  0.000624461818  0.000624459653  50
     0.0127670674      0.612499928     0.0210740787  -6.49849662e-06       1.00000013       2.00038231       1.00019129            0.025  0.000624461818  0.000624463816  49
     0.0377465484      0.587499932     0.0199862772  -6.29346601e-06       1.00000014       2.00034055       1.00017041            0.025  0.000624461818  0.000624459759  48
     0.0127465484      0.587499932     0.0199862772  -6.29346569e-06       1.00000014       2.00034055       1.00017041            0.025  0.000624461818  0.000624463707  47
     0.0377273025      0.562499936     0.0189201911  -6.07116494e-06       1.00000014       2.00030338       1.00015183            0.025  0.000624461818  0.000624459863  46
     0.0127273025      0.562499936     0.0189201911  -6.07116467e-06       1.00000014       2.00030338       1.00015183            0.025  0.000624461818  0.000624463601  45
     0.0377092616      0.537499939     0.0178762135  -5.83467743e-06       1.00000014        2.0002703       1.00013529            0.025  0.000624461818  0.000624459966  44
     0.0127092616      0.537499939     0.0178762135   -5.8346772e-06       1.00000014        2.0002703       1.00013529            0.025  0.000624461818  0.000624463497  43
     0.0376923593      0.512499943     0.0168546003  -5.58667342e-06       1.00000014       2.00024088       1.00012058            0.025  0.000624461818  0.000624460067  42
     0.0126923593      0.512499943     0.0168546003  -5.58667322e-06       1.00000014       2.00024088       1.00012058            0.025  0.000624461818  0.000624463397  41
     0.0376765305      0.487499947      0.015855469  -5.32946171e-06       1.00000014       2.00021474       1.00010751            0.025  0.000624461818  0.000624460167  40
     0.0126765305      0.487499947      0.015855469  -5.32946154e-06       1.00000014       2.00021474       1.00010751            0.025  0.000624461818  0.0006244633  39
     0.0376617116       0.46249995     0.0148787984   -5.0650334e-06       1.00000013       2.00019155       1.00009591            0.025  0.000624461818  0.000624460265  38
     0.0126617116       0.46249995     0.0148787984  -5.06503326e-06       1.00000013       2.00019155       1.00009591            0.025  0.000624461818  0.000624463205  37
     0.0376478404      0.437499954     0.0139244288  -4.79509821e-06       1.00000013       2.00017101       1.00008563            0.025  0.000624461818  0.000624460361  36
     0.0126478404      0.437499954     0.0139244289  -4.79509809e-06       1.00000013       2.00017101       1.00008564            0.025  0.000624461818  0.000624463112  35
     0.0376348561      0.412499957      0.012992064  -4.52111533e-06       1.00000013       2.00015286       1.00007656            0.025  0.000624461818  0.000624460455  34
     0.0126348561      0.412499957     0.0129920641  -4.52111524e-06       1.00000013       2.00015286       1.00007656            0.025  0.000624461818  0.000624463022  33
     0.0376226993       0.38749996     0.0120812729  -4.24432002e-06       1.00000012       2.00013685       1.00006855            0.025  0.000624461818  0.000624460547  32
     0.0126226993       0.38749996     0.0120812729  -4.24431995e-06       1.00000012       2.00013685       1.00006855            0.025  0.000624461818  0.000624462934  31
     0.0376113119      0.362499963     0.0111914926  -3.96574679e-06       1.00000012       2.00012278       1.00006151            0.025  0.000624461818  0.000624460637  30
     0.0126113119      0.362499963     0.0111914926  -3.96574673e-06       1.00000012       2.00012279       1.00006151            0.025  0.000624461818  0.000624462848  29
     0.0376006374      0.337499966     0.0103220325  -3.68624984e-06       1.00000012       2.00011045       1.00005534            0.025  0.000624461818  0.000624460726  28
     0.0126006374      0.337499966     0.0103220325  -3.68624979e-06       1.00000012       2.00011046       1.00005534            0.025  0.000624461818  0.000624462765  27
     0.0375906203      0.312499969    0.00947207847  -3.40652131e-06       1.00000011       2.00009969       1.00004996            0.025  0.000624461818  0.000624460812  26
     0.0125906203      0.312499969     0.0094720785  -3.40652127e-06       1.00000011       2.00009969       1.00004996            0.025  0.000624461818  0.000624462683  25
     0.0375812065      0.287499972    0.00864069842  -3.12710775e-06       1.00000011       2.00009033       1.00004527            0.025  0.000624461818  0.000624460896  24
     0.0125812065      0.287499972    0.00864069844  -3.12710772e-06       1.00000011       2.00009033       1.00004527            0.025  0.000624461818  0.000624462603  23
     0.0375723431      0.262499975     0.0078268479  -2.84842506e-06       1.00000011       2.00008222       1.00004122            0.025  0.000624461818  0.000624460978  22
     0.0125723431      0.262499975    0.00782684791  -2.84842504e-06       1.00000011       2.00008223       1.00004122            0.025  0.000624461818  0.000624462525  21
     0.0375639781      0.237499978    0.00702937682  -2.57077225e-06        1.0000001       2.00007526       1.00003773            0.025  0.000624461818  0.000624461059  20
     0.0125639781      0.237499978    0.00702937684  -2.57077223e-06        1.0000001       2.00007526       1.00003773            0.025  0.000624461818  0.000624462448  19
     0.0375560609       0.21249998    0.00624703663  -2.29434418e-06        1.0000001        2.0000693       1.00003475            0.025  0.000624461818  0.000624461138  18
     0.0125560609       0.21249998    0.00624703664  -2.29434416e-06        1.0000001        2.0000693       1.00003475            0.025  0.000624461818  0.000624462373  17
     0.0375485416      0.187499983    0.00547848792  -2.01924345e-06        1.0000001       2.00006426       1.00003223            0.025  0.000624461818  0.000624461216  16
     0.0125485416      0.187499983    0.00547848793  -2.01924344e-06        1.0000001       2.00006426       1.00003223            0.025  0.000624461818  0.000624462298  15
     0.0375413712      0.162499985     0.0047223087  -1.74549167e-06        1.0000001       2.00006005       1.00003012            0.025  0.000624461818  0.000624461292  14
     0.0125413712      0.162499985    0.00472230871  -1.74549166e-06        1.0000001       2.00006005       1.00003012            0.025  0.000624461818  0.000624462225  13
     0.0375345016      0.137499988    0.00397700298  -1.47304004e-06       1.00000009       2.00005658       1.00002838            0.025  0.000624461818  0.000624461367  12
     0.0125345016      0.137499988    0.00397700299  -1.47304004e-06       1.00000009       2.00005658       1.00002838            0.025  0.000624461818  0.000624462153  11
     0.0375278853       0.11249999    0.00324100986  -1.20177959e-06       1.00000009       2.00005378       1.00002698            0.025  0.000624461818  0.000624461441  10
     0.0125278853       0.11249999    0.00324100987  -1.20177959e-06       1.00000009       2.00005378       1.00002698            0.025  0.000624461818  0.000624462081  9
     0.0375214754     0.0874999922     0.0025127129  -9.31550957e-07       1.00000009       2.00005162        1.0000259            0.025  0.000624461818  0.000624461514  8
     0.0125214754     0.0874999922    0.00251271291  -9.31550957e-07       1.00000009       2.00005162        1.0000259            0.025  0.000624461818  0.00062446201  7
     0.0375152256     0.0624999945    0.00179044983  -6.62153913e-07       1.00000009       2.00005003        1.0000251            0.025  0.000624461818  0.000624461586  6
     0.0125152256     0.0624999945    0.00179044983  -6.62153915e-07       1.00000009       2.00005003        1.0000251            0.025  0.000624461818  0.000624461939  5
     0.0375090898     0.0374999967    0.00107252245  -3.93356631e-07       1.00000009       2.00004899       1.00002458            0.025  0.000624461818  0.000624461657  4
     0.0125090898     0.0374999967    0.00107252245  -3.93356633e-07       1.00000009       2.00004899       1.00002458            0.025  0.000624461818  0.000624461869  3
     0.0375030223     0.0124999989   0.000357206795  -1.24904575e-07       1.00000009       2.00004847       1.00002432            0.025  0.000624461818  0.000624461723  2
     0.0125030223     0.0124999989   0.000357206798  -1.24904572e-07       1.00000009       2.00004847       1.00002432            0.025  0.000624461818  0.000624461805  1
