title='particle position' 
variables=x, y, Ux, Uy, rho, e, p, h=supportlength/2, m, V, ID 
     0.0412104985      0.987499863     0.0395001098  -1.60947235e-06      0.999990357       2.00522271       1.00260168            0.025  0.000624461818  0.000624464587  80
     0.0162104985      0.987499863     0.0395001097  -1.60947972e-06      0.999990357       2.00522276       1.00260171            0.025  0.000624461818  0.000624471082  79
     0.0410846931      0.962499676     0.0384997213  -3.73416479e-06      0.999993237       2.00387478       1.00193061            0.025  0.000624461818  0.00062446224  78
     0.0160846931      0.962499676     0.0384997213  -3.73416349e-06      0.999993237       2.00387483       1.00193064            0.025  0.000624461818  0.000624469845  77
     0.0409613217      0.937499559     0.0374993503  -5.10448796e-06      0.999995347       2.00333609       1.00166338            0.025  0.000624461818  0.000624461021  76
     0.0159613217      0.937499559     0.0374993503  -5.10448531e-06      0.999995347       2.00333613        1.0016634            0.025  0.000624461818  0.000624468428  75
     0.0408403399      0.912499474      0.036498995  -6.12620591e-06      0.999996452       2.00299098       1.00149193            0.025  0.000624461818  0.000624460429  74
     0.0158403399      0.912499474      0.036498995  -6.12620356e-06      0.999996452       2.00299101       1.00149195            0.025  0.000624461818  0.000624467639  73
     0.0407216836      0.887499411     0.0354986564  -6.91496683e-06       0.99999722       2.00273701       1.00136572            0.025  0.000624461818  0.000624460049  72
     0.0157216837      0.887499411     0.0354986564  -6.91496483e-06       0.99999722       2.00273704       1.00136574            0.025  0.000624461818  0.000624467061  71
     0.0406052894      0.862499363     0.0344983353  -7.52932751e-06      0.999997803       2.00253675       1.00126618            0.025  0.000624461818  0.000624459783  70
     0.0156052894      0.862499363     0.0344983354  -7.52932575e-06      0.999997803       2.00253678       1.00126619            0.025  0.000624461818  0.000624466598  69
     0.0404910932      0.837499328     0.0334980326  -8.00528921e-06      0.999998268       2.00237217       1.00118435            0.025  0.000624461818  0.000624459592  68
     0.0154910932      0.837499328     0.0334980326  -8.00528763e-06      0.999998268        2.0023722       1.00118436            0.025  0.000624461818  0.000624466209  67
     0.0403790315      0.812499302     0.0324977489  -8.36742578e-06      0.999998651       2.00223316       1.00111523            0.025  0.000624461818  0.000624459452  66
     0.0153790315      0.812499302     0.0324977489  -8.36742434e-06      0.999998651       2.00223318       1.00111524            0.025  0.000624461818  0.000624465871  65
     0.0402690405      0.787499285     0.0314974852   -8.6336707e-06      0.999998971       2.00211347        1.0010557            0.025  0.000624461818  0.000624459351  64
     0.0152690405      0.787499285     0.0314974852  -8.63366938e-06      0.999998971       2.00211349       1.00105571            0.025  0.000624461818  0.000624465572  63
     0.0401610564      0.762499274      0.030497242  -8.81773977e-06      0.999999243       2.00200896       1.00100372            0.025  0.000624461818  0.000624459279  62
     0.0151610564      0.762499274      0.030497242  -8.81773854e-06      0.999999243       2.00200897       1.00100373            0.025  0.000624461818  0.000624465303  61
     0.0400550155      0.737499269       0.02949702  -8.93049489e-06      0.999999477       2.00191674       1.00095785            0.025  0.000624461818  0.000624459232  60
     0.0150550155      0.737499269       0.02949702  -8.93049374e-06      0.999999477       2.00191675       1.00095785            0.025  0.000624461818  0.000624465058  59
     0.0399508541       0.71249927     0.0284968199  -8.98077241e-06       0.99999968       2.00183471       1.00091703            0.025  0.000624461818  0.000624459204  58
     0.0149508541       0.71249927     0.0284968199  -8.98077133e-06       0.99999968       2.00183473       1.00091704            0.025  0.000624461818  0.000624464833  57
     0.0398485084      0.687499274     0.0274966421  -8.97591595e-06      0.999999857       2.00176129        1.0008805            0.025  0.000624461818  0.000624459192  56
     0.0148485084      0.687499274     0.0274966421  -8.97591494e-06      0.999999857       2.00176131       1.00088051            0.025  0.000624461818  0.000624464624  55
     0.0397479146      0.662499282     0.0264964871   -8.9221349e-06       1.00000001       2.00169527       1.00084765            0.025  0.000624461818  0.000624459195  54
     0.0147479146      0.662499282     0.0264964871  -8.92213394e-06       1.00000001       2.00169528       1.00084765            0.025  0.000624461818  0.000624464428  53
     0.0396490091      0.637499294     0.0254963553  -8.82475451e-06       1.00000015       2.00163568       1.00081799            0.025  0.000624461818  0.000624459208  52
     0.0146490091      0.637499294     0.0254963553  -8.82475361e-06       1.00000015       2.00163569       1.00081799            0.025  0.000624461818  0.000624464245  51
     0.0395517282      0.612499308     0.0244962469  -8.68839571e-06       1.00000027       2.00158175       1.00079114            0.025  0.000624461818  0.000624459232  50
     0.0145517282      0.612499308     0.0244962469  -8.68839486e-06       1.00000027       2.00158176       1.00079115            0.025  0.000624461818  0.000624464071  49
      0.039456008      0.587499325     0.0234961621  -8.51710764e-06       1.00000037       2.00153284       1.00076679            0.025  0.000624461818  0.000624459265  48
      0.014456008      0.587499325     0.0234961621  -8.51710682e-06       1.00000037       2.00153285        1.0007668            0.025  0.000624461818  0.000624463906  47
     0.0393617849      0.562499344      0.022496101  -8.31446744e-06       1.00000047       2.00148842       1.00074468            0.025  0.000624461818  0.000624459305  46
     0.0143617849      0.562499344     0.0224961011  -8.31446666e-06       1.00000047       2.00148843       1.00074468            0.025  0.000624461818  0.000624463749  45
     0.0392689952      0.537499364     0.0214960636  -8.08365694e-06       1.00000055       2.00144805       1.00072457            0.025  0.000624461818  0.000624459353  44
     0.0142689952      0.537499364     0.0214960637   -8.0836562e-06       1.00000055       2.00144806       1.00072458            0.025  0.000624461818  0.000624463599  43
     0.0391775751      0.512499387     0.0204960498  -7.82752241e-06       1.00000062       2.00141135        1.0007063            0.025  0.000624461818  0.000624459406  42
     0.0141775751      0.512499387     0.0204960498   -7.8275217e-06       1.00000062       2.00141136        1.0007063            0.025  0.000624461818  0.000624463454  41
     0.0390874609      0.487499411     0.0194960593  -7.54862195e-06       1.00000069       2.00137798       1.00068968            0.025  0.000624461818  0.000624459464  40
     0.0140874609      0.487499411     0.0194960593  -7.54862127e-06       1.00000069       2.00137799       1.00068968            0.025  0.000624461818  0.000624463315  39
     0.0389985889      0.462499436     0.0184960918  -7.24926355e-06       1.00000074       2.00134766       1.00067457            0.025  0.000624461818  0.000624459528  38
     0.0139985889      0.462499436     0.0184960918   -7.2492629e-06       1.00000074       2.00134767       1.00067458            0.025  0.000624461818  0.000624463181  37
     0.0389108953      0.437499463     0.0174961469  -6.93153612e-06       1.00000079       2.00132013       1.00066086            0.025  0.000624461818  0.000624459595  36
     0.0139108953      0.437499463     0.0174961469   -6.9315355e-06       1.00000079       2.00132014       1.00066086            0.025  0.000624461818  0.000624463051  35
     0.0388243166       0.41249949      0.016496224  -6.59733504e-06       1.00000084       2.00129518       1.00064843            0.025  0.000624461818  0.000624459666  34
     0.0138243166       0.41249949      0.016496224  -6.59733445e-06       1.00000084       2.00129518       1.00064843            0.025  0.000624461818  0.000624462925  33
     0.0387387889      0.387499518     0.0154963226  -6.24838359e-06       1.00000088       2.00127259       1.00063717            0.025  0.000624461818  0.000624459741  32
     0.0137387889      0.387499518     0.0154963226  -6.24838302e-06       1.00000088        2.0012726       1.00063718            0.025  0.000624461818  0.000624462802  31
     0.0386542485      0.362499547     0.0144964418  -5.88625107e-06       1.00000091        2.0012522       1.00062701            0.025  0.000624461818  0.000624459818  30
     0.0136542485      0.362499547     0.0144964418  -5.88625051e-06       1.00000091       2.00125221       1.00062701            0.025  0.000624461818  0.000624462682  29
     0.0385706317      0.337499577     0.0134965809  -5.51236837e-06       1.00000094       2.00123384       1.00061786            0.025  0.000624461818  0.000624459898  28
     0.0135706317      0.337499577      0.013496581  -5.51236783e-06       1.00000094       2.00123384       1.00061786            0.025  0.000624461818  0.000624462564  27
     0.0384878749      0.312499607      0.012496739  -5.12804165e-06       1.00000097       2.00121735       1.00060964            0.025  0.000624461818  0.000624459981  26
     0.0134878749      0.312499607      0.012496739  -5.12804113e-06       1.00000097       2.00121736       1.00060965            0.025  0.000624461818  0.000624462449  25
     0.0384059143      0.287499637     0.0114969149  -4.73446435e-06       1.00000099       2.00120262        1.0006023            0.025  0.000624461818  0.000624460065  24
     0.0134059143      0.287499637      0.011496915  -4.73446385e-06       1.00000099       2.00120263        1.0006023            0.025  0.000624461818  0.000624462336  23
     0.0383246862      0.262499668     0.0104971077  -4.33272809e-06       1.00000101       2.00118952       1.00059577            0.025  0.000624461818  0.000624460152  22
     0.0133246862      0.262499668     0.0104971077   -4.3327276e-06       1.00000101       2.00118953       1.00059577            0.025  0.000624461818  0.000624462226  21
      0.038244127        0.2374997    0.00949731613  -3.92383259e-06       1.00000103       2.00117795          1.00059            0.025  0.000624461818  0.00062446024  20
      0.013244127        0.2374997    0.00949731615  -3.92383211e-06       1.00000103       2.00117795          1.00059            0.025  0.000624461818  0.000624462116  19
     0.0381641728      0.212499731    0.00849753891  -3.50869494e-06       1.00000104        2.0011678       1.00058494            0.025  0.000624461818  0.00062446033  18
     0.0131641728      0.212499731    0.00849753893  -3.50869447e-06       1.00000104        2.0011678       1.00058494            0.025  0.000624461818  0.000624462009  17
     0.0380847601      0.187499763    0.00749777474  -3.08815833e-06       1.00000105       2.00115899       1.00058055            0.025  0.000624461818  0.000624460421  16
     0.0130847601      0.187499763    0.00749777475  -3.08815787e-06       1.00000105       2.00115899       1.00058055            0.025  0.000624461818  0.000624461902  15
      0.038005825      0.162499795    0.00649802221  -2.66300035e-06       1.00000106       2.00115145       1.00057679            0.025  0.000624461818  0.000624460514  14
     0.0130058251      0.162499795    0.00649802222   -2.6629999e-06       1.00000106       2.00115145       1.00057679            0.025  0.000624461818  0.000624461797  13
      0.037927304      0.137499827    0.00549827987  -2.23394108e-06       1.00000107       2.00114511       1.00057362            0.025  0.000624461818  0.000624460607  12
      0.012927304      0.137499827    0.00549827989  -2.23394064e-06       1.00000107       2.00114511       1.00057362            0.025  0.000624461818  0.000624461693  11
     0.0378491333       0.11249986    0.00449854623  -1.80165097e-06       1.00000108       2.00113991       1.00057103            0.025  0.000624461818  0.000624460702  10
     0.0128491333       0.11249986    0.00449854624  -1.80165053e-06       1.00000108       2.00113991       1.00057103            0.025  0.000624461818  0.00062446159  9
     0.0377712493     0.0874998923    0.00349881972  -1.36675855e-06       1.00000108        2.0011358       1.00056898            0.025  0.000624461818  0.000624460797  8
     0.0127712493     0.0874998923    0.00349881974  -1.36675812e-06       1.00000108       2.00113581       1.00056899            0.025  0.000624461818  0.000624461488  7
     0.0376935881     0.0624999249    0.00249909877  -9.29858154e-07       1.00000109       2.00113276       1.00056747            0.025  0.000624461818  0.000624460894  6
     0.0126935881     0.0624999249    0.00249909879   -9.2985773e-07       1.00000109       2.00113276       1.00056747            0.025  0.000624461818  0.000624461387  5
     0.0376160862     0.0374999575    0.00149938177  -4.91517484e-07       1.00000109       2.00113075       1.00056646            0.025  0.000624461818  0.000624460991  4
     0.0126160862     0.0374999575    0.00149938178  -4.91517098e-07       1.00000109       2.00113075       1.00056646            0.025  0.000624461818  0.000624461287  3
     0.0375386798     0.0124999901   0.000499667231  -5.22504759e-08       1.00000094       2.00112937       1.00056563            0.025  0.000624461818  0.000624461171  2
     0.0125386798     0.0124999901   0.000499667238  -5.22502155e-08       1.00000094       2.00112937       1.00056563            0.025  0.000624461818  0.000624461286  1
