title='particle position' 
variables=x, y, Ux, Uy, rho, e, p, h=supportlength/2, m, V, ID 
    0.00929247524       0.98749891     0.0395012219  -2.57082327e-06      0.999926549       2.01233718       1.00609469            0.025  0.000624461818  0.00062451091  80
     0.0342924752       0.98749891      0.039501222  -2.57078262e-06      0.999926549       2.01233723       1.00609471            0.025  0.000624461818  0.000624504414  79
    0.00870880715      0.962497787     0.0385009739  -4.53112622e-06      0.999949673        2.0110217       1.00546025            0.025  0.000624461818  0.000624497051  78
     0.0337088071      0.962497787     0.0385009739  -4.53111884e-06      0.999949673       2.01102175       1.00546027            0.025  0.000624461818  0.000624489447  77
    0.00812758291      0.937497072     0.0375007506  -5.77453759e-06      0.999961843       2.01049288       1.00520808            0.025  0.000624461818  0.000624489352  76
     0.0331275829      0.937497072     0.0375007506  -5.77454215e-06      0.999961843       2.01049292        1.0052081            0.025  0.000624461818  0.000624481945  75
    0.00754875444      0.912496545     0.0365005425  -6.68458889e-06      0.999968297       2.01015293        1.0050446            0.025  0.000624461818  0.000624485222  74
     0.0325487544      0.912496545     0.0365005424  -6.68459443e-06      0.999968297       2.01015298       1.00504462            0.025  0.000624461818  0.000624478014  73
     0.0069722579      0.887496144     0.0355003492  -7.37279019e-06      0.999972828       2.00990256       1.00492397            0.025  0.000624461818  0.000624482294  72
     0.0319722579      0.887496144     0.0355003492  -7.37279541e-06      0.999972828       2.00990261         1.004924            0.025  0.000624461818  0.000624475283  71
    0.00639802917      0.862495836     0.0345001697  -7.89528401e-06      0.999976314       2.00970504       1.00482872            0.025  0.000624461818  0.000624480018  70
     0.0313980292      0.862495836     0.0345001697  -7.89528889e-06      0.999976314       2.00970508       1.00482874            0.025  0.000624461818  0.000624473204  69
    0.00582600421      0.837495602     0.0335000031  -8.28653624e-06      0.999979131       2.00954265       1.00475035            0.025  0.000624461818  0.00062447816  68
     0.0308260042      0.837495602     0.0335000031  -8.28654086e-06      0.999979131       2.00954269       1.00475038            0.025  0.000624461818  0.000624471544  67
    0.00525611902      0.812495428     0.0324998486  -8.57005027e-06      0.999981478       2.00940544       1.00468411            0.025  0.000624461818  0.000624476596  66
      0.030256119      0.812495428     0.0324998486   -8.5700547e-06      0.999981478       2.00940549       1.00468413            0.025  0.000624461818  0.000624470177  65
    0.00468830963      0.787495306     0.0314997055  -8.76296407e-06      0.999983474       2.00928727       1.00462703            0.025  0.000624461818  0.000624475251  64
     0.0296883096      0.787495306     0.0314997055  -8.76296835e-06      0.999983474       2.00928732       1.00462706            0.025  0.000624461818  0.000624469029  63
     0.0041225121      0.762495226     0.0304995734  -8.87837417e-06      0.999985197       2.00918407       1.00457716            0.025  0.000624461818  0.000624474076  62
     0.0291225121      0.762495226     0.0304995734  -8.87837832e-06      0.999985197       2.00918412       1.00457719            0.025  0.000624461818  0.000624468052  61
    0.00355866249      0.737495184     0.0294994517  -8.92664313e-06      0.999986702       2.00909297       1.00453313            0.025  0.000624461818  0.000624473037  60
     0.0285586625      0.737495184     0.0294994517  -8.92664718e-06      0.999986702       2.00909303       1.00453316            0.025  0.000624461818  0.000624467211  59
     0.0029966969      0.712495175     0.0284993399  -8.91619344e-06      0.999988027       2.00901193       1.00449394            0.025  0.000624461818  0.000624472111  58
     0.0279966969      0.712495175     0.0284993398   -8.9161974e-06      0.999988027       2.00901199       1.00449397            0.025  0.000624461818  0.000624466483  57
    0.00243655142      0.687495195     0.0274992375  -8.85401797e-06        0.9999892       2.00893938       1.00445884            0.025  0.000624461818  0.000624471279  56
     0.0274365514      0.687495195     0.0274992375  -8.85402189e-06        0.9999892       2.00893944       1.00445887            0.025  0.000624461818  0.000624465848  55
    0.00187816214       0.66249524     0.0264991442   -8.7460234e-06      0.999990246       2.00887412       1.00442726            0.025  0.000624461818  0.000624470528  54
     0.0268781621       0.66249524     0.0264991442   -8.7460275e-06      0.999990246       2.00887418       1.00442729            0.025  0.000624461818  0.000624465294  53
    0.00132146518      0.637495308     0.0254990596  -8.59726925e-06      0.999991181        2.0088152       1.00439874            0.025  0.000624461818  0.000624469845  52
     0.0263214652      0.637495308     0.0254990596  -8.59727509e-06      0.999991181       2.00881527       1.00439877            0.025  0.000624461818  0.000624464809  51
   0.000766396637      0.612495395     0.0244989832  -8.41213697e-06      0.999992018       2.00876187       1.00437292            0.025  0.000624461818  0.000624469223  50
     0.0257663966      0.612495395     0.0244989832  -8.41215494e-06      0.999992018       2.00876194       1.00437295            0.025  0.000624461818  0.000624464385  49
   0.000212892625      0.587495501     0.0234989155  -8.19445228e-06      0.999992771       2.00871349       1.00434948            0.025  0.000624461818  0.000624468687  48
     0.0252128926      0.587495501     0.0234989152  -8.19451845e-06      0.999992771       2.00871356       1.00434952            0.025  0.000624461818  0.000624464739  47
     0.0496608893      0.562495622     0.0224988545  -7.94764509e-06      0.999993448       2.00866955       1.00432819            0.025  0.000624461818  0.000624463655  46
     0.0246608893      0.562495622     0.0224988541  -7.94770831e-06      0.999993449       2.00866962       1.00432823            0.025  0.000624461818  0.000624467375  45
     0.0491103227      0.537495758     0.0214987998  -7.67472227e-06      0.999994058        2.0086296       1.00430883            0.025  0.000624461818  0.000624463407  44
     0.0241103227      0.537495758     0.0214987998  -7.67473387e-06      0.999994058       2.00862967       1.00430887            0.025  0.000624461818  0.000624467653  43
      0.048561129      0.512495907     0.0204987528  -7.37832742e-06      0.999994608       2.00859328       1.00429122            0.025  0.000624461818  0.000624463163  42
      0.023561129      0.512495907     0.0204987528  -7.37832613e-06      0.999994608       2.00859334       1.00429125            0.025  0.000624461818  0.000624467211  41
     0.0480132444      0.487496067     0.0194987122  -7.06088543e-06      0.999995103       2.00856024        1.0042752            0.025  0.000624461818  0.000624462953  40
     0.0230132444      0.487496067     0.0194987122  -7.06088226e-06      0.999995103        2.0085603       1.00427523            0.025  0.000624461818  0.000624466804  39
      0.047466605      0.462496238     0.0184986777   -6.7245728e-06      0.999995548       2.00853022       1.00426064            0.025  0.000624461818  0.000624462773  38
      0.022466605      0.462496238     0.0184986777  -6.72456939e-06      0.999995548       2.00853028       1.00426067            0.025  0.000624461818  0.000624466427  37
     0.0469211468      0.437496418     0.0174986489   -6.3713524e-06      0.999995949       2.00850296       1.00424741            0.025  0.000624461818  0.000624462622  36
     0.0219211468      0.437496418     0.0174986489  -6.37134898e-06      0.999995949       2.00850302       1.00424744            0.025  0.000624461818  0.000624466078  35
      0.046376806      0.412496606     0.0164986256  -6.00300128e-06      0.999996309       2.00847825       1.00423542            0.025  0.000624461818  0.000624462495  34
     0.0213768061      0.412496606     0.0164986256  -6.00299788e-06      0.999996309        2.0084783       1.00423544            0.025  0.000624461818  0.000624465754  33
     0.0458335189      0.387496801     0.0154986074  -5.62113174e-06      0.999996632       2.00845587       1.00422455            0.025  0.000624461818  0.000624462393  32
     0.0208335189      0.387496801     0.0154986074  -5.62112836e-06      0.999996632       2.00845592       1.00422458            0.025  0.000624461818  0.000624465453  31
     0.0452912214      0.362497003     0.0144985939  -5.22720872e-06      0.999996921       2.00843566       1.00421474            0.025  0.000624461818  0.000624462311  30
     0.0202912214      0.362497003     0.0144985939  -5.22720536e-06      0.999996921       2.00843571       1.00421476            0.025  0.000624461818  0.000624465174  29
     0.0447498497       0.33749721     0.0134985848  -4.82256478e-06      0.999997179       2.00841746        1.0042059            0.025  0.000624461818  0.000624462248  28
     0.0197498497       0.33749721     0.0134985849  -4.82256143e-06      0.999997179        2.0084175       1.00420592            0.025  0.000624461818  0.000624464914  27
     0.0442093401      0.312497423     0.0124985799   -4.4084131e-06      0.999997409       2.00840112       1.00419796            0.025  0.000624461818  0.000624462204  26
     0.0192093401      0.312497423     0.0124985799  -4.40840977e-06      0.999997409       2.00840116       1.00419798            0.025  0.000624461818  0.000624464672  25
     0.0436696285       0.28749764     0.0114985787  -3.98585904e-06      0.999997612       2.00838652       1.00419086            0.025  0.000624461818  0.000624462175  24
     0.0186696285       0.28749764     0.0114985788  -3.98585573e-06      0.999997612       2.00838655       1.00419088            0.025  0.000624461818  0.000624464446  23
     0.0431306512      0.262497861      0.010498581  -3.55591057e-06      0.999997792       2.00837352       1.00418454            0.025  0.000624461818  0.000624462162  22
     0.0181306512      0.262497861     0.0104985811  -3.55590727e-06      0.999997792       2.00837356       1.00418456            0.025  0.000624461818  0.000624464236  21
     0.0425923443      0.237498086    0.00949858649  -3.11948773e-06      0.999997949       2.00836204       1.00417896            0.025  0.000624461818  0.000624462162  20
     0.0175923443      0.237498086     0.0094985865  -3.11948444e-06      0.999997949       2.00836207       1.00417898            0.025  0.000624461818  0.000624464038  19
     0.0420546439      0.212498314    0.00849859476  -2.67743155e-06      0.999998086       2.00835198       1.00417407            0.025  0.000624461818  0.000624462175  18
     0.0170546439      0.212498314    0.00849859477  -2.67742827e-06      0.999998086         2.008352       1.00417408            0.025  0.000624461818  0.000624463854  17
     0.0415174862      0.187498544    0.00749860554  -2.23051232e-06      0.999998205       2.00834324       1.00416982            0.025  0.000624461818  0.0006244622  16
     0.0165174863      0.187498544    0.00749860555  -2.23050905e-06      0.999998205       2.00834326       1.00416983            0.025  0.000624461818  0.000624463681  15
     0.0409808074      0.162498776    0.00649861851  -1.77943763e-06      0.999998306       2.00833576       1.00416618            0.025  0.000624461818  0.000624462236  14
     0.0159808074      0.162498776    0.00649861853  -1.77943437e-06      0.999998306       2.00833578       1.00416619            0.025  0.000624461818  0.000624463519  13
     0.0404445435      0.137499011    0.00549863337  -1.32486004e-06      0.999998391       2.00832947       1.00416312            0.025  0.000624461818  0.000624462282  12
     0.0154445435      0.137499011    0.00549863338  -1.32485679e-06      0.999998391       2.00832948       1.00416312            0.025  0.000624461818  0.000624463368  11
     0.0399086307      0.112499246    0.00449864979  -8.67384647e-07       0.99999846       2.00832431       1.00416061            0.025  0.000624461818  0.000624462337  10
     0.0149086307      0.112499246    0.00449864981  -8.67381398e-07       0.99999846       2.00832432       1.00416061            0.025  0.000624461818  0.000624463226  9
     0.0393730052     0.0874994835    0.00349866747  -4.07576451e-07      0.999998515       2.00832024       1.00415863            0.025  0.000624461818  0.000624462402  8
     0.0143730052     0.0874994835    0.00349866749  -4.07573213e-07      0.999998515       2.00832025       1.00415863            0.025  0.000624461818  0.000624463093  7
     0.0388376031     0.0624997215     0.0024986861   5.40322798e-08      0.999998556       2.00831722       1.00415716            0.025  0.000624461818  0.000624462475  6
     0.0138376031     0.0624997215    0.00249868611   5.40354698e-08      0.999998556       2.00831723       1.00415716            0.025  0.000624461818  0.000624462968  5
     0.0383023606     0.0374999602    0.00149870535   5.16941059e-07      0.999998589       2.00831522       1.00415619            0.025  0.000624461818  0.000624462553  4
     0.0133023606     0.0374999602    0.00149870536   5.16943962e-07      0.999998589       2.00831522        1.0041562            0.025  0.000624461818  0.000624462849  3
      0.037767215     0.0125001996   0.000498732337   9.82043962e-07      0.999991222       2.00829591       1.00413914            0.025  0.000624461818  0.000624467244  2
      0.012767215     0.0125001996   0.000498732344    9.8204586e-07      0.999991222       2.00829591       1.00413914            0.025  0.000624461818  0.000624467359  1
