title='particle position' 
variables=x, y, Ux, Uy, rho, e, p, h=supportlength/2, m, V, ID 
    0.00239285723      0.987499326     0.0395008497  -2.19346058e-06       0.99995378       2.00962707       1.00476709            0.025  0.000624461818  0.000624493911  80
     0.0273928572      0.987499326     0.0395008497  -2.19343239e-06       0.99995378       2.00962715       1.00476713            0.025  0.000624461818  0.000624487415  79
    0.00198389953      0.962498551     0.0385006276  -4.21647807e-06      0.999967887       2.00829607       1.00411579            0.025  0.000624461818  0.000624485676  78
     0.0269838995      0.962498551     0.0385006277   -4.2164742e-06      0.999967887       2.00829616       1.00411583            0.025  0.000624461818  0.000624478072  77
    0.00157738149      0.937498057     0.0375004284  -5.50835795e-06      0.999976277       2.00776354       1.00385795            0.025  0.000624461818  0.000624480338  76
     0.0265773815      0.937498057     0.0375004284  -5.50836255e-06      0.999976277       2.00776362         1.003858            0.025  0.000624461818  0.000624472931  75
    0.00117325668      0.912497693     0.0365002433  -6.46115557e-06      0.999980719       2.00742165       1.00369147            0.025  0.000624461818  0.000624477465  74
     0.0261732567      0.912497693     0.0365002432  -6.46116249e-06      0.999980719       2.00742173       1.00369151            0.025  0.000624461818  0.000624470256  73
   0.000771461269      0.887497415      0.035500072  -7.18793387e-06      0.999983835       2.00716993       1.00356874            0.025  0.000624461818  0.00062447542  72
     0.0257714613      0.887497415      0.035500072  -7.18795388e-06      0.999983835       2.00717001       1.00356878            0.025  0.000624461818  0.000624468408  71
   0.000371931335      0.862497202     0.0344999149  -7.74572721e-06      0.999986231       2.00697138       1.00347188            0.025  0.000624461818  0.00062447386  70
     0.0253719313      0.862497202     0.0344999144  -7.74579983e-06      0.999986231       2.00697146       1.00347192            0.025  0.000624461818  0.000624468091  69
      0.049974603      0.837497039     0.0334997689  -8.16962617e-06      0.999988166       2.00680817       1.00339221            0.025  0.000624461818  0.000624465866  68
      0.024974603      0.837497039     0.0334997684  -8.16969535e-06      0.999988166       2.00680825       1.00339225            0.025  0.000624461818  0.000624471405  67
     0.0495794123      0.812496918     0.0324996334   -8.4835333e-06      0.999989775       2.00667029       1.00332488            0.025  0.000624461818  0.000624464995  66
     0.0245794123      0.812496918     0.0324996334  -8.48354658e-06      0.999989775       2.00667036       1.00332492            0.025  0.000624461818  0.000624471414  65
     0.0491862954      0.787496831     0.0314995102  -8.70483666e-06      0.999991143       2.00655155       1.00326689            0.025  0.000624461818  0.00062446424  64
     0.0241862955      0.787496831     0.0314995102  -8.70483603e-06      0.999991143       2.00655162       1.00326692            0.025  0.000624461818  0.000624470461  63
     0.0487951886      0.762496774     0.0304993976  -8.84687983e-06      0.999992322       2.00644786       1.00321623            0.025  0.000624461818  0.000624463602  62
     0.0237951886      0.762496774     0.0304993977  -8.84687721e-06      0.999992322       2.00644792       1.00321626            0.025  0.000624461818  0.000624469626  61
     0.0484060279      0.737496743     0.0294992952  -8.92021719e-06      0.999993351       2.00635634        1.0031715            0.025  0.000624461818  0.000624463059  60
     0.0234060279      0.737496743     0.0294992953  -8.92021436e-06      0.999993351       2.00635641       1.00317153            0.025  0.000624461818  0.000624468885  59
     0.0480187494      0.712496734     0.0284992026  -8.93342666e-06      0.999994255       2.00627493        1.0031317            0.025  0.000624461818  0.000624462592  58
     0.0230187494      0.712496734     0.0284992026  -8.93342386e-06      0.999994255         2.006275       1.00313173            0.025  0.000624461818  0.000624468221  57
     0.0476332894      0.687496745     0.0274991192  -8.89363222e-06      0.999995056       2.00620206       1.00309607            0.025  0.000624461818  0.000624462191  56
     0.0226332895      0.687496745     0.0274991193  -8.89362948e-06      0.999995056       2.00620212        1.0030961            0.025  0.000624461818  0.000624467623  55
     0.0472495841      0.662496773     0.0264990449  -8.80685361e-06      0.999995768       2.00613651       1.00306401            0.025  0.000624461818  0.000624461845  54
     0.0222495841      0.662496773     0.0264990449  -8.80685093e-06      0.999995768       2.00613657       1.00306404            0.025  0.000624461818  0.000624467079  53
     0.0468675696      0.637496816     0.0254989791  -8.67824995e-06      0.999996404       2.00607735       1.00303507            0.025  0.000624461818  0.000624461547  52
     0.0218675696      0.637496816     0.0254989791  -8.67824732e-06      0.999996404        2.0060774       1.00303509            0.025  0.000624461818  0.000624466583  51
      0.046487182      0.612496873     0.0244989214  -8.51229477e-06      0.999996973       2.00602379       1.00300886            0.025  0.000624461818  0.00062446129  50
     0.0214871821      0.612496873     0.0244989215  -8.51229218e-06      0.999996973       2.00602384       1.00300889            0.025  0.000624461818  0.000624466129  49
     0.0461083577      0.587496942     0.0234988717  -8.31290509e-06      0.999997484       2.00597521       1.00298508            0.025  0.000624461818  0.00062446107  48
     0.0211083577      0.587496942     0.0234988717  -8.31290255e-06      0.999997484       2.00597526       1.00298511            0.025  0.000624461818  0.000624465711  47
     0.0457310326      0.562497022     0.0224988294  -8.08353861e-06      0.999997944       2.00593109       1.00296348            0.025  0.000624461818  0.000624460882  46
     0.0207310327      0.562497022     0.0224988294   -8.0835361e-06      0.999997944       2.00593114       1.00296351            0.025  0.000624461818  0.000624465325  45
     0.0453551432      0.537497112     0.0214987942  -7.82726826e-06      0.999998357       2.00589099       1.00294385            0.025  0.000624461818  0.000624460723  44
     0.0203551432      0.537497112     0.0214987942  -7.82726579e-06      0.999998357       2.00589103       1.00294387            0.025  0.000624461818  0.000624464969  43
     0.0449806254      0.512497211     0.0204987658  -7.54684049e-06      0.999998728       2.00585452       1.00292598            0.025  0.000624461818  0.000624460589  42
     0.0199806254      0.512497211     0.0204987658  -7.54683805e-06      0.999998728       2.00585456       1.00292601            0.025  0.000624461818  0.000624464638  41
     0.0446074155      0.487497317     0.0194987439  -7.24472132e-06      0.999999063       2.00582136       1.00290974            0.025  0.000624461818  0.000624460479  40
     0.0196074155      0.487497317     0.0194987439  -7.24471891e-06      0.999999063        2.0058214       1.00290976            0.025  0.000624461818  0.00062446433  39
     0.0442354497       0.46249743     0.0184987281  -6.92313344e-06      0.999999363       2.00579123       1.00289497            0.025  0.000624461818  0.00062446039  38
     0.0192354498       0.46249743     0.0184987281  -6.92313106e-06      0.999999363       2.00579127       1.00289499            0.025  0.000624461818  0.000624464044  37
     0.0438646643      0.437497549      0.017498718  -6.58408639e-06      0.999999633       2.00576387       1.00288157            0.025  0.000624461818  0.00062446032  36
     0.0188646643      0.437497549     0.0174987181  -6.58408404e-06      0.999999633        2.0057639       1.00288158            0.025  0.000624461818  0.000624463776  35
     0.0434949953      0.412497674     0.0164987134  -6.22940144e-06      0.999999876       2.00573906       1.00286941            0.025  0.000624461818  0.000624460268  34
     0.0184949953      0.412497674     0.0164987135   -6.2293991e-06      0.999999876       2.00573909       1.00286942            0.025  0.000624461818  0.000624463526  33
     0.0431263789      0.387497804     0.0154987139  -5.86073242e-06       1.00000009       2.00571661        1.0028584            0.025  0.000624461818  0.000624460231  32
     0.0181263789      0.387497804      0.015498714   -5.8607301e-06       1.00000009       2.00571664       1.00285841            0.025  0.000624461818  0.000624463292  31
     0.0427587515      0.362497938     0.0144987192  -5.47958339e-06       1.00000029       2.00569633       1.00284845            0.025  0.000624461818  0.000624460208  30
     0.0177587515      0.362497938     0.0144987193   -5.4795811e-06       1.00000029       2.00569636       1.00284847            0.025  0.000624461818  0.000624463072  29
      0.042392049      0.337498076      0.013498729  -5.08732382e-06       1.00000046       2.00567806       1.00283949            0.025  0.000624461818  0.000624460199  28
      0.017392049      0.337498076      0.013498729  -5.08732155e-06       1.00000046       2.00567809       1.00283951            0.025  0.000624461818  0.000624462865  27
     0.0420262079      0.312498217     0.0124987429  -4.68520182e-06       1.00000061       2.00566167       1.00283145            0.025  0.000624461818  0.000624460202  26
     0.0170262079      0.312498217     0.0124987429  -4.68519956e-06       1.00000061       2.00566169       1.00283146            0.025  0.000624461818  0.00062446267  25
     0.0416611642      0.287498362     0.0114987606  -4.27435588e-06       1.00000075       2.00564702       1.00282426            0.025  0.000624461818  0.000624460215  24
     0.0166611642      0.287498362     0.0114987606  -4.27435364e-06       1.00000075       2.00564704       1.00282427            0.025  0.000624461818  0.000624462486  23
     0.0412968541      0.262498509     0.0104987818  -3.85582546e-06       1.00000087       2.00563398       1.00281786            0.025  0.000624461818  0.000624460239  22
     0.0162968541      0.262498509     0.0104987818  -3.85582324e-06       1.00000087         2.005634       1.00281787            0.025  0.000624461818  0.000624462313  21
     0.0409332139      0.237498658    0.00949880615  -3.43056068e-06       1.00000098       2.00562247       1.00281221            0.025  0.000624461818  0.000624460272  20
     0.0159332139      0.237498658    0.00949880617  -3.43055846e-06       1.00000098       2.00562248       1.00281222            0.025  0.000624461818  0.000624462148  19
     0.0405701797      0.212498809    0.00849883337  -2.99943126e-06       1.00000107       2.00561237       1.00280725            0.025  0.000624461818  0.000624460314  18
     0.0155701797      0.212498809    0.00849883338  -2.99942905e-06       1.00000107       2.00561238       1.00280726            0.025  0.000624461818  0.000624461992  17
     0.0402076878      0.187498963    0.00749886312  -2.56323507e-06       1.00000115        2.0056036       1.00280295            0.025  0.000624461818  0.000624460363  16
     0.0152076878      0.187498963    0.00749886313  -2.56323287e-06       1.00000115       2.00560362       1.00280296            0.025  0.000624461818  0.000624461844  15
     0.0398456743      0.162499117    0.00649889508   -2.1227062e-06       1.00000121        2.0055961       1.00279927            0.025  0.000624461818  0.00062446042  14
     0.0148456743      0.162499117     0.0064988951  -2.12270401e-06       1.00000121       2.00559611       1.00279927            0.025  0.000624461818  0.000624461703  13
     0.0394840755      0.137499273    0.00549892895  -1.67852281e-06       1.00000127       2.00558979       1.00279617            0.025  0.000624461818  0.000624460483  12
     0.0144840755      0.137499273    0.00549892896  -1.67852062e-06       1.00000127        2.0055898       1.00279617            0.025  0.000624461818  0.000624461569  11
     0.0391228274       0.11249943     0.0044989644  -1.23131478e-06       1.00000132       2.00558461       1.00279363            0.025  0.000624461818  0.000624460553  10
     0.0141228274       0.11249943    0.00449896441  -1.23131261e-06       1.00000132       2.00558462       1.00279363            0.025  0.000624461818  0.000624461442  9
     0.0387618665     0.0874995875    0.00349900111  -7.81671274e-07       1.00000135       2.00558053       1.00279162            0.025  0.000624461818  0.000624460629  8
     0.0137618665     0.0874995875    0.00349900113  -7.81669108e-07       1.00000135       2.00558054       1.00279163            0.025  0.000624461818  0.00062446132  7
     0.0384011288     0.0624997458    0.00249903878  -3.30148144e-07       1.00000138        2.0055775       1.00279013            0.025  0.000624461818  0.000624460711  6
     0.0134011288     0.0624997458     0.0024990388   -3.3014601e-07       1.00000138       2.00557751       1.00279014            0.025  0.000624461818  0.000624461204  5
     0.0380405505     0.0374999045    0.00149907709   1.22726593e-07        1.0000014        2.0055755       1.00278915            0.025  0.000624461818  0.000624460797  4
     0.0130405505     0.0374999045     0.0014990771   1.22728536e-07        1.0000014        2.0055755       1.00278915            0.025  0.000624461818  0.000624461093  3
     0.0376800682     0.0125000636   0.000499119013   5.77117001e-07       0.99999813       2.00556624       1.00278124            0.025  0.000624461818  0.00062446293  2
     0.0126800682     0.0125000636    0.00049911902   5.77118277e-07       0.99999813       2.00556624       1.00278124            0.025  0.000624461818  0.000624463044  1
