title='particle position' 
variables=x, y, Ux, Uy, rho, e, p, h=supportlength/2, m, V, ID 
    0.00865803289      0.987498951     0.0395011883  -2.53561061e-06      0.999929205       2.01208822       1.00597288            0.025  0.000624461818  0.000624509252  80
     0.0336580329      0.987498951     0.0395011883   -2.5355711e-06      0.999929205       2.01208827       1.00597291            0.025  0.000624461818  0.000624502756  79
    0.00809043011       0.96249786     0.0385009425  -4.50166979e-06       0.99995143       2.01077114       1.00533674            0.025  0.000624461818  0.000624495954  78
     0.0330904301       0.96249786     0.0385009425  -4.50166273e-06       0.99995143        2.0107712       1.00533677            0.025  0.000624461818  0.00062448835  77
    0.00752527078      0.937497165     0.0375007214  -5.74953231e-06      0.999963255       2.01024198       1.00508406            0.025  0.000624461818  0.00062448847  76
     0.0325252708      0.937497165     0.0375007214  -5.74953685e-06      0.999963255       2.01024203       1.00508408            0.025  0.000624461818  0.000624481063  75
    0.00696250698      0.912496653     0.0365005153  -6.66351361e-06      0.999969526       2.00990186       1.00492031            0.025  0.000624461818  0.000624484455  74
      0.031962507      0.912496653     0.0365005153  -6.66351907e-06      0.999969526       2.00990191       1.00492033            0.025  0.000624461818  0.000624477246  73
    0.00640207487      0.887496262      0.035500324  -7.35526605e-06      0.999973927       2.00965137       1.00479949            0.025  0.000624461818  0.000624481608  72
     0.0314020749      0.887496262      0.035500324  -7.35527118e-06      0.999973927       2.00965141       1.00479951            0.025  0.000624461818  0.000624474596  71
    0.00584391035      0.862495963     0.0345001465  -7.88101477e-06      0.999977314       2.00945375       1.00470408            0.025  0.000624461818  0.000624479394  70
     0.0308439103      0.862495963     0.0345001465  -7.88101955e-06      0.999977314        2.0094538       1.00470411            0.025  0.000624461818  0.00062447258  69
    0.00528794939      0.837495735     0.0334999817  -8.27527813e-06      0.999980051       2.00929128        1.0046256            0.025  0.000624461818  0.000624477586  68
     0.0302879494      0.837495735     0.0334999817  -8.27528265e-06      0.999980051       2.00929133       1.00462562            0.025  0.000624461818  0.000624470969  67
    0.00473412801      0.812495566      0.032499829  -8.56159609e-06      0.999982331       2.00915401       1.00455926            0.025  0.000624461818  0.000624476063  66
      0.029734128      0.812495566      0.032499829  -8.56160042e-06      0.999982331       2.00915406       1.00455928            0.025  0.000624461818  0.000624469645  65
    0.00418238224      0.787495446     0.0314996878  -8.75713375e-06      0.999984269       2.00903579       1.00450209            0.025  0.000624461818  0.000624474754  64
     0.0291823822      0.787495446     0.0314996878  -8.75713792e-06      0.999984269       2.00903585       1.00450212            0.025  0.000624461818  0.000624468533  63
    0.00363264816      0.762495369     0.0304995574  -8.87500874e-06      0.999985943       2.00893254       1.00445215            0.025  0.000624461818  0.00062447361  62
     0.0286326482      0.762495369     0.0304995574  -8.87501279e-06      0.999985943        2.0089326       1.00445218            0.025  0.000624461818  0.000624467586  61
    0.00308486184      0.737495328     0.0294994374  -8.92560064e-06      0.999987404       2.00884141       1.00440806            0.025  0.000624461818  0.000624472599  60
     0.0280848618      0.737495328     0.0294994374  -8.92560459e-06      0.999987404       2.00884147       1.00440808            0.025  0.000624461818  0.000624466772  59
    0.00253895937      0.712495319     0.0284993273  -8.91734599e-06      0.999988691       2.00876034       1.00436881            0.025  0.000624461818  0.000624471696  58
     0.0275389594      0.712495319     0.0284993273  -8.91734989e-06      0.999988691        2.0087604       1.00436884            0.025  0.000624461818  0.000624466068  57
    0.00199487686      0.687495337     0.0274992267  -8.85724951e-06      0.999989831       2.00868775       1.00433366            0.025  0.000624461818  0.000624470886  56
     0.0269948769      0.687495337     0.0274992267  -8.85725359e-06      0.999989831       2.00868782       1.00433369            0.025  0.000624461818  0.000624465455  55
    0.00145255041       0.66249538     0.0264991351  -8.75122757e-06      0.999990846       2.00862247       1.00430204            0.025  0.000624461818  0.000624470153  54
     0.0264525504       0.66249538     0.0264991351  -8.75123341e-06      0.999990846       2.00862253       1.00430207            0.025  0.000624461818  0.00062446492  53
   0.000911916131      0.637495446     0.0254990522  -8.60434486e-06      0.999991753       2.00856353       1.00427348            0.025  0.000624461818  0.000624469488  52
     0.0259119161      0.637495446     0.0254990522  -8.60436305e-06      0.999991753        2.0085636       1.00427352            0.025  0.000624461818  0.000624464452  51
    0.00037291014       0.61249553     0.0244989783  -8.42098232e-06      0.999992567       2.00851017       1.00424762            0.025  0.000624461818  0.000624468914  50
     0.0253729101       0.61249553      0.024498978  -8.42104951e-06      0.999992567       2.00851024       1.00424766            0.025  0.000624461818  0.0006244648  49
     0.0498354685      0.587495632     0.0234989115  -8.20502952e-06      0.999993298       2.00846178       1.00422416            0.025  0.000624461818  0.00062446365  48
     0.0248354686      0.587495632     0.0234989112  -8.20509378e-06      0.999993298       2.00846185       1.00422419            0.025  0.000624461818  0.000624467535  47
     0.0492995275       0.56249575     0.0224988514  -7.95987822e-06      0.999993955       2.00841782       1.00420284            0.025  0.000624461818  0.000624463373  46
     0.0242995275       0.56249575     0.0224988514  -7.95989013e-06      0.999993955       2.00841789       1.00420287            0.025  0.000624461818  0.000624467816  45
     0.0487650231      0.537495882     0.0214987992  -7.68849843e-06      0.999994547       2.00837786       1.00418346            0.025  0.000624461818  0.000624463102  44
     0.0237650231      0.537495882     0.0214987992  -7.68849724e-06      0.999994547       2.00837793       1.00418349            0.025  0.000624461818  0.000624467348  43
     0.0482318916      0.512496026     0.0204987539   -7.3935964e-06       0.99999508       2.00834152       1.00416582            0.025  0.000624461818  0.000624462868  42
     0.0232318916      0.512496026     0.0204987539   -7.3935933e-06       0.99999508       2.00834158       1.00416585            0.025  0.000624461818  0.000624466916  41
     0.0477000689      0.487496181      0.019498715  -7.07759307e-06      0.999995561       2.00830848       1.00414978            0.025  0.000624461818  0.000624462667  40
     0.0227000689      0.487496181      0.019498715  -7.07758974e-06      0.999995561       2.00830854       1.00414981            0.025  0.000624461818  0.000624466518  39
     0.0471694913      0.462496346     0.0184986822   -6.7426656e-06      0.999995993       2.00827845        1.0041352            0.025  0.000624461818  0.000624462495  38
     0.0221694913      0.462496346     0.0184986822  -6.74266226e-06      0.999995993        2.0082785       1.00413523            0.025  0.000624461818  0.000624466149  37
      0.046640095       0.43749652     0.0174986551  -6.39078054e-06      0.999996382       2.00825118       1.00412196            0.025  0.000624461818  0.000624462351  36
      0.021640095       0.43749652     0.0174986551  -6.39077721e-06      0.999996382       2.00825123       1.00412198            0.025  0.000624461818  0.000624465807  35
     0.0461118159      0.412496702     0.0164986335  -6.02371887e-06      0.999996731       2.00822645       1.00410994            0.025  0.000624461818  0.000624462232  34
     0.0211118159      0.412496702     0.0164986335  -6.02371556e-06      0.999996731        2.0082265       1.00410997            0.025  0.000624461818  0.00062446549  33
     0.0455845904      0.387496891     0.0154986169  -5.64309664e-06      0.999997045       2.00820407       1.00409907            0.025  0.000624461818  0.000624462135  32
     0.0205845904      0.387496891      0.015498617  -5.64309336e-06      0.999997045       2.00820412       1.00409909            0.025  0.000624461818  0.000624465196  31
     0.0450583544      0.362497087     0.0144986052  -5.25038236e-06      0.999997325       2.00818386       1.00408924            0.025  0.000624461818  0.000624462058  30
     0.0200583544      0.362497087     0.0144986052   -5.2503791e-06      0.999997325        2.0081839       1.00408926            0.025  0.000624461818  0.000624464922  29
     0.0445330443      0.337497288     0.0134985978  -4.84691191e-06      0.999997575       2.00816565       1.00408039            0.025  0.000624461818  0.000624462001  28
     0.0195330443      0.337497288     0.0134985978  -4.84690867e-06      0.999997575       2.00816569       1.00408041            0.025  0.000624461818  0.000624464667  27
      0.044008596      0.312497494     0.0124985946  -4.43390165e-06      0.999997798       2.00814931       1.00407244            0.025  0.000624461818  0.000624461961  26
      0.019008596      0.312497494     0.0124985946  -4.43389842e-06      0.999997798       2.00814934       1.00407246            0.025  0.000624461818  0.000624464429  25
     0.0434849458      0.287497704     0.0114985952  -4.01245994e-06      0.999997996       2.00813469       1.00406533            0.025  0.000624461818  0.000624461936  24
     0.0184849458      0.287497704     0.0114985952  -4.01245672e-06      0.999997996       2.00813473       1.00406535            0.025  0.000624461818  0.000624464207  23
     0.0429620298      0.262497919     0.0104985992  -3.58359759e-06       0.99999817        2.0081217       1.00405901            0.025  0.000624461818  0.000624461926  22
     0.0179620298      0.262497919     0.0104985992  -3.58359438e-06       0.99999817       2.00812173       1.00405903            0.025  0.000624461818  0.000624463999  21
     0.0424397841      0.237498136    0.00949860634  -3.14823737e-06      0.999998323       2.00811022       1.00405342            0.025  0.000624461818  0.000624461929  20
     0.0174397841      0.237498136    0.00949860635  -3.14823418e-06      0.999998323       2.00811024       1.00405344            0.025  0.000624461818  0.000624463805  19
     0.0419181449      0.212498357    0.00849861633   -2.7072229e-06      0.999998456       2.00810015       1.00404852            0.025  0.000624461818  0.000624461945  18
     0.0169181449      0.212498357    0.00849861635  -2.70721971e-06      0.999998456       2.00810017       1.00404854            0.025  0.000624461818  0.000624463623  17
     0.0413970484       0.18749858    0.00749862884  -2.26132697e-06      0.999998571       2.00809141       1.00404427            0.025  0.000624461818  0.000624461972  16
     0.0163970484       0.18749858    0.00749862885   -2.2613238e-06      0.999998571       2.00809143       1.00404428            0.025  0.000624461818  0.000624463453  15
     0.0408764306      0.162498805    0.00649864354  -1.81125956e-06      0.999998668       2.00808392       1.00404062            0.025  0.000624461818  0.00062446201  14
     0.0158764307      0.162498805    0.00649864355   -1.8112564e-06      0.999998668       2.00808394       1.00404063            0.025  0.000624461818  0.000624463293  13
     0.0403562278      0.137499032    0.00549866012  -1.35767556e-06      0.999998751       2.00807763       1.00403756            0.025  0.000624461818  0.000624462057  12
     0.0153562279      0.137499032    0.00549866014  -1.35767241e-06      0.999998751       2.00807765       1.00403757            0.025  0.000624461818  0.000624463143  11
     0.0398363761      0.112499261    0.00449867828  -9.01182287e-07      0.999998818       2.00807247       1.00403505            0.025  0.000624461818  0.000624462114  10
     0.0148363761      0.112499261    0.00449867829  -9.01179138e-07      0.999998818       2.00807248       1.00403505            0.025  0.000624461818  0.000624463002  9
     0.0393168117     0.0874994903    0.00349869769  -4.42346935e-07      0.999998871        2.0080684       1.00403307            0.025  0.000624461818  0.000624462179  8
     0.0143168117     0.0874994903     0.0034986977  -4.42343796e-07      0.999998871       2.00806841       1.00403307            0.025  0.000624461818  0.00062446287  7
     0.0387974706     0.0624997209    0.00249871804   1.82961002e-08      0.999998911       2.00806538        1.0040316            0.025  0.000624461818  0.000624462253  6
     0.0137974706     0.0624997209    0.00249871806   1.82991932e-08      0.999998911       2.00806539        1.0040316            0.025  0.000624461818  0.000624462747  5
     0.0382782891     0.0374999522    0.00149873903   4.80243695e-07      0.999998943       2.00806338       1.00403063            0.025  0.000624461818  0.000624462332  4
     0.0132782891     0.0374999522    0.00149873904    4.8024651e-07      0.999998943       2.00806338       1.00403063            0.025  0.000624461818  0.000624462628  3
     0.0377592044     0.0125001841   0.000498767298   9.44315234e-07      0.999992024       2.00804516       1.00401457            0.025  0.000624461818  0.000624466743  2
     0.0127592044     0.0125001841   0.000498767305   9.44317075e-07      0.999992024       2.00804516       1.00401457            0.025  0.000624461818  0.000624466857  1
