title='particle position' 
variables=x, y, Ux, Uy, rho, e, p, h=supportlength/2, m, V, ID 
    0.00469274338      0.987499194     0.0395009753  -2.31786416e-06      0.999945105       2.01053108       1.00521035            0.025  0.000624461818  0.000624499326  80
     0.0296927434      0.987499194     0.0395009753   -2.3178318e-06      0.999945105       2.01053115       1.00521039            0.025  0.000624461818  0.00062449283  79
    0.00422554887      0.962498302     0.0385007443  -4.31995057e-06      0.999962033       2.00920482       1.00456427            0.025  0.000624461818  0.000624489332  78
     0.0292255489      0.962498302     0.0385007443  -4.31994549e-06      0.999962033       2.00920489        1.0045643            0.025  0.000624461818  0.000624481728  77
    0.00376079538      0.937497734     0.0375005369  -5.59565988e-06      0.999971691       2.00867353       1.00430833            0.025  0.000624461818  0.000624483202  76
     0.0287607954      0.937497734     0.0375005369  -5.59566426e-06      0.999971691        2.0086736       1.00430837            0.025  0.000624461818  0.000624475795  75
    0.00329843593      0.912497315      0.036500344  -6.53420815e-06      0.999976808       2.00833229       1.00414286            0.025  0.000624461818  0.000624479908  74
     0.0282984359      0.912497315      0.036500344  -6.53421307e-06      0.999976808       2.00833236       1.00414289            0.025  0.000624461818  0.000624472698  73
    0.00283840671      0.887496995     0.0355001653  -7.24814136e-06      0.999980398       2.00808103       1.00402083            0.025  0.000624461818  0.000624477566  72
     0.0278384067      0.887496995     0.0355001653  -7.24814589e-06      0.999980398       2.00808109       1.00402087            0.025  0.000624461818  0.000624470555  71
    0.00238064374      0.862496749     0.0344999999  -7.79420429e-06      0.999983161       2.00788282        1.0039245            0.025  0.000624461818  0.000624475743  70
     0.0273806437      0.862496749     0.0344999998  -7.79420847e-06      0.999983161       2.00788289       1.00392454            0.025  0.000624461818  0.000624468928  69
    0.00192508305      0.837496562     0.0334998469  -8.20724549e-06      0.999985391       2.00771988       1.00384527            0.025  0.000624461818  0.000624474251  68
      0.026925083      0.837496562     0.0334998469  -8.20724945e-06      0.999985391       2.00771995       1.00384531            0.025  0.000624461818  0.000624467634  67
    0.00147166075      0.812496423     0.0324997058  -8.51103484e-06      0.999987248       2.00758222       1.00377831            0.025  0.000624461818  0.000624472992  66
     0.0264716607      0.812496423     0.0324997058  -8.51103886e-06      0.999987248       2.00758229       1.00377835            0.025  0.000624461818  0.000624466573  65
    0.00102031292      0.787496324     0.0314995759  -8.72290755e-06      0.999988827       2.00746368       1.00372062            0.025  0.000624461818  0.000624471908  64
     0.0260203129      0.787496324     0.0314995759  -8.72291328e-06      0.999988827       2.00746375       1.00372066            0.025  0.000624461818  0.000624465686  63
   0.000570975689      0.762496259     0.0304994567  -8.85610954e-06      0.999990189       2.00736015       1.00367023            0.025  0.000624461818  0.000624470959  62
     0.0255709757      0.762496259     0.0304994567  -8.85612777e-06      0.999990189       2.00736022       1.00367026            0.025  0.000624461818  0.000624464935  61
   0.000123585176      0.737496224     0.0294993487  -8.92111417e-06      0.999991377       2.00726877       1.00362573            0.025  0.000624461818  0.000624470151  60
     0.0251235852      0.737496224     0.0294993483  -8.92118205e-06      0.999991377       2.00726885       1.00362577            0.025  0.000624461818  0.000624465211  59
     0.0496780775      0.712496214     0.0284992496  -8.92649156e-06      0.999992423       2.00718749       1.00358614            0.025  0.000624461818  0.000624463703  58
     0.0246780775      0.712496214     0.0284992492  -8.92655659e-06      0.999992423       2.00718756       1.00358617            0.025  0.000624461818  0.000624468414  57
     0.0492343889      0.687496227     0.0274991589  -8.87932013e-06      0.999993349       2.00711472       1.00355069            0.025  0.000624461818  0.000624463257  56
     0.0242343889      0.687496227     0.0274991588  -8.87933251e-06      0.999993349       2.00711479       1.00355072            0.025  0.000624461818  0.000624468689  55
     0.0487924554      0.662496261     0.0264990781  -8.78553708e-06      0.999994173       2.00704927       1.00351879            0.025  0.000624461818  0.000624462842  54
     0.0237924554      0.662496261     0.0264990781   -8.7855363e-06      0.999994173       2.00704934       1.00351882            0.025  0.000624461818  0.000624468075  53
     0.0483522133      0.637496312     0.0254990059  -8.65028238e-06      0.999994909       2.00699019       1.00348999            0.025  0.000624461818  0.000624462481  52
     0.0233522133      0.637496312     0.0254990059  -8.65027971e-06      0.999994909       2.00699025       1.00349002            0.025  0.000624461818  0.000624467517  51
     0.0479135986      0.612496379      0.024498942  -8.47800491e-06      0.999995569       2.00693671       1.00346391            0.025  0.000624461818  0.000624462167  50
     0.0229135986      0.612496379      0.024498942  -8.47800201e-06      0.999995569       2.00693677       1.00346394            0.025  0.000624461818  0.000624467006  49
     0.0474765475       0.58749646     0.0234988859  -8.27259598e-06      0.999996161        2.0068882       1.00344025            0.025  0.000624461818  0.000624461896  48
     0.0224765475       0.58749646     0.0234988859  -8.27259308e-06      0.999996161       2.00688826       1.00344028            0.025  0.000624461818  0.000624466537  47
     0.0470409962      0.562496553     0.0224988373  -8.03748947e-06      0.999996694       2.00684414       1.00341875            0.025  0.000624461818  0.000624461662  46
     0.0220409962      0.562496553     0.0224988373  -8.03748661e-06      0.999996694        2.0068442       1.00341878            0.025  0.000624461818  0.000624466106  45
     0.0466068808      0.537496658     0.0214987959  -7.77573658e-06      0.999997173       2.00680409       1.00339921            0.025  0.000624461818  0.000624461462  44
     0.0216068808      0.537496658     0.0214987959  -7.77573375e-06      0.999997173       2.00680414       1.00339924            0.025  0.000624461818  0.000624465708  43
     0.0461741376      0.512496773     0.0204987612  -7.49006374e-06      0.999997604       2.00676767       1.00338143            0.025  0.000624461818  0.000624461291  42
     0.0211741376      0.512496773     0.0204987612  -7.49006094e-06      0.999997604       2.00676772       1.00338146            0.025  0.000624461818  0.00062446534  41
     0.0457427027      0.487496897      0.019498733  -7.18291852e-06      0.999997993       2.00673455       1.00336526            0.025  0.000624461818  0.000624461147  40
     0.0207427027      0.487496897      0.019498733  -7.18291575e-06      0.999997993        2.0067346       1.00336529            0.025  0.000624461818  0.000624464999  39
     0.0453125122      0.462497029     0.0184987109   -6.8565065e-06      0.999998342       2.00670446       1.00335057            0.025  0.000624461818  0.000624461028  38
     0.0203125122      0.462497029     0.0184987109  -6.85650376e-06      0.999998342        2.0067045       1.00335059            0.025  0.000624461818  0.000624464682  37
     0.0448835023      0.437497168     0.0174986945  -6.51282125e-06      0.999998656       2.00667713       1.00333722            0.025  0.000624461818  0.000624460931  36
     0.0198835023      0.437497168     0.0174986945  -6.51281854e-06      0.999998656       2.00667717       1.00333724            0.025  0.000624461818  0.000624464387  35
     0.0444556092      0.412497313     0.0164986836  -6.15366914e-06      0.999998938       2.00665236       1.00332511            0.025  0.000624461818  0.000624460853  34
     0.0194556092      0.412497313     0.0164986836  -6.15366645e-06      0.999998938       2.00665239       1.00332513            0.025  0.000624461818  0.000624464112  33
     0.0440287691      0.387497465     0.0154986778  -5.78069001e-06      0.999999191       2.00662993       1.00331415            0.025  0.000624461818  0.000624460794  32
     0.0190287691      0.387497465     0.0154986778  -5.78068734e-06      0.999999191       2.00662996       1.00331417            0.025  0.000624461818  0.000624463855  31
     0.0436029181      0.362497621     0.0144986768  -5.39537475e-06      0.999999417       2.00660967       1.00330425            0.025  0.000624461818  0.000624460752  30
     0.0186029181      0.362497621     0.0144986768   -5.3953721e-06      0.999999417       2.00660971       1.00330427            0.025  0.000624461818  0.000624463615  29
     0.0431779925      0.337497782     0.0134986802  -4.99908038e-06      0.999999619       2.00659143       1.00329533            0.025  0.000624461818  0.000624460725  28
     0.0181779925      0.337497782     0.0134986803  -4.99907774e-06      0.999999619       2.00659146       1.00329535            0.025  0.000624461818  0.000624463391  27
     0.0427539283      0.312497947     0.0124986878  -4.59304324e-06      0.999999798       2.00657505       1.00328732            0.025  0.000624461818  0.000624460711  26
     0.0177539283      0.312497947     0.0124986878  -4.59304062e-06      0.999999798       2.00657508       1.00328734            0.025  0.000624461818  0.00062446318  25
     0.0423306619      0.287498116     0.0114986992  -4.17839066e-06      0.999999957       2.00656042       1.00328017            0.025  0.000624461818  0.000624460711  24
     0.0173306619      0.287498116     0.0114986992  -4.17838806e-06      0.999999957       2.00656044       1.00328018            0.025  0.000624461818  0.000624462982  23
     0.0419081292      0.262498287      0.010498714  -3.75615149e-06        1.0000001        2.0065474        1.0032738            0.025  0.000624461818  0.000624460722  22
     0.0169081292      0.262498287      0.010498714  -3.75614891e-06        1.0000001       2.00654742       1.00327381            0.025  0.000624461818  0.000624462796  21
     0.0414862666      0.237498461    0.00949873201   -3.3272657e-06       1.00000022       2.00653589       1.00326817            0.025  0.000624461818  0.000624460744  20
     0.0164862666      0.237498461    0.00949873203  -3.32726313e-06       1.00000022       2.00653592       1.00326818            0.025  0.000624461818  0.00062446262  19
     0.0410650102      0.212498638    0.00849875286  -2.89259334e-06       1.00000033       2.00652581       1.00326323            0.025  0.000624461818  0.000624460776  18
     0.0160650102      0.212498638    0.00849875287  -2.89259077e-06       1.00000033       2.00652583       1.00326324            0.025  0.000624461818  0.000624462455  17
     0.0406442962      0.187498817    0.00749877623  -2.45292297e-06       1.00000042       2.00651705       1.00325895            0.025  0.000624461818  0.000624460817  16
     0.0156442962      0.187498817    0.00749877625  -2.45292041e-06       1.00000042       2.00651707       1.00325896            0.025  0.000624461818  0.000624462298  15
     0.0402240608      0.162498997    0.00649880182  -2.00897974e-06        1.0000005       2.00650955       1.00325528            0.025  0.000624461818  0.000624460867  14
     0.0152240608      0.162498997    0.00649880183  -2.00897719e-06        1.0000005       2.00650957       1.00325528            0.025  0.000624461818  0.00062446215  13
     0.0398042401      0.137499179    0.00549882929  -1.56143317e-06       1.00000056       2.00650325       1.00325219            0.025  0.000624461818  0.000624460924  12
     0.0148042401      0.137499179    0.00549882931  -1.56143063e-06       1.00000056       2.00650326        1.0032522            0.025  0.000624461818  0.00062446201  11
     0.0393847703      0.112499362    0.00449885835  -1.11090478e-06       1.00000062       2.00649808       1.00324966            0.025  0.000624461818  0.000624460989  10
     0.0143847704      0.112499362    0.00449885837  -1.11090224e-06       1.00000062       2.00649809       1.00324967            0.025  0.000624461818  0.000624461878  9
     0.0389655877     0.0874995456    0.00349888867  -6.57975561e-07       1.00000066         2.006494       1.00324766            0.025  0.000624461818  0.000624461061  8
     0.0139655877     0.0874995456    0.00349888868  -6.57973037e-07       1.00000066       2.00649401       1.00324767            0.025  0.000624461818  0.000624461753  7
     0.0385466284     0.0624997302    0.00249891994  -2.03193417e-07       1.00000069       2.00649098       1.00324618            0.025  0.000624461818  0.00062446114  6
     0.0135466284     0.0624997302    0.00249891995  -2.03190931e-07       1.00000069       2.00649098       1.00324619            0.025  0.000624461818  0.000624461634  5
     0.0381278285     0.0374999154    0.00149895184   2.52922561e-07       1.00000072       2.00648898       1.00324521            0.025  0.000624461818  0.000624461224  4
     0.0131278285     0.0374999154    0.00149895186   2.52924824e-07       1.00000072       2.00648898       1.00324521            0.025  0.000624461818  0.00062446152  3
     0.0377091249     0.0125001011   0.000498988547   7.10758256e-07      0.999996271       2.00647681       1.00323466            0.025  0.000624461818  0.00062446409  2
     0.0127091249     0.0125001011   0.000498988554    7.1075974e-07      0.999996271       2.00647681       1.00323466            0.025  0.000624461818  0.000624464205  1
