title='particle position' 
variables=x, y, Ux, Uy, rho, e, p, h=supportlength/2, m, V, ID 
    0.00326522933      0.987499277     0.0395008975  -2.24048171e-06      0.999950537       2.00997004       1.00493531            0.025  0.000624461818  0.000624495935  80
     0.0282652293      0.987499277     0.0395008975  -2.24045194e-06      0.999950537       2.00997012       1.00493535            0.025  0.000624461818  0.00062448944  79
     0.0028341818      0.962498457      0.038500672  -4.25555712e-06      0.999965692       2.00864079       1.00428594            0.025  0.000624461818  0.000624487047  78
     0.0278341818      0.962498457      0.038500672  -4.25555276e-06      0.999965692       2.00864087       1.00428598            0.025  0.000624461818  0.000624479443  77
    0.00240557445      0.937497935     0.0375004697  -5.54130185e-06      0.999974564       2.00810873       1.00402883            0.025  0.000624461818  0.000624481408  76
     0.0274055744      0.937497935     0.0375004697  -5.54130617e-06      0.999974564       2.00810881       1.00402887            0.025  0.000624461818  0.000624474001  75
    0.00197936063       0.91249755     0.0365002816  -6.48869515e-06      0.999979262       2.00776709       1.00386273            0.025  0.000624461818  0.000624478375  74
     0.0269793606       0.91249755     0.0365002816  -6.48869992e-06      0.999979262       2.00776717       1.00386277            0.025  0.000624461818  0.000624471165  73
    0.00155547653      0.887497256     0.0355001075  -7.21060649e-06      0.999982559       2.00751555       1.00374027            0.025  0.000624461818  0.000624476217  72
     0.0265554765      0.887497256     0.0355001075  -7.21061112e-06      0.999982559       2.00751562        1.0037403            0.025  0.000624461818  0.000624469205  71
    0.00113385819      0.862497031     0.0344999465  -7.76396841e-06      0.999985094       2.00731713        1.0036436            0.025  0.000624461818  0.000624474535  70
     0.0261338582      0.862497031     0.0344999465  -7.76397463e-06      0.999985094        2.0073172       1.00364364            0.025  0.000624461818  0.000624467721  69
   0.000714441693      0.837496858     0.0334997979  -8.18374451e-06      0.999987141       2.00715402        1.0035641            0.025  0.000624461818  0.000624473158  68
     0.0257144417      0.837496858     0.0334997978   -8.1837636e-06      0.999987141       2.00715409       1.00356414            0.025  0.000624461818  0.000624466541  67
   0.000297163145       0.81249673      0.032499662  -8.49377433e-06      0.999988845       2.00701622       1.00349691            0.025  0.000624461818  0.000624472029  66
     0.0252971631       0.81249673     0.0324996616  -8.49384485e-06      0.999988845       2.00701629       1.00349695            0.025  0.000624461818  0.000624466592  65
     0.0498819587      0.787496639     0.0314995363  -8.71150279e-06      0.999990293       2.00689755       1.00343904            0.025  0.000624461818  0.000624464736  64
     0.0248819587      0.787496639     0.0314995358  -8.71157022e-06      0.999990293       2.00689763       1.00343907            0.025  0.000624461818  0.000624469944  63
     0.0494687644      0.762496579     0.0304994201  -8.85022683e-06      0.999991541       2.00679392       1.00338847            0.025  0.000624461818  0.00062446409  62
     0.0244687644      0.762496579     0.0304994201  -8.85023978e-06      0.999991541       2.00679399       1.00338851            0.025  0.000624461818  0.000624470114  61
     0.0490575165      0.737496546     0.0294993152  -8.92042554e-06      0.999992631       2.00670246       1.00334384            0.025  0.000624461818  0.000624463508  60
     0.0240575165      0.737496546     0.0294993152  -8.92042488e-06      0.999992631       2.00670253       1.00334387            0.025  0.000624461818  0.000624469335  59
     0.0486481511      0.712496537     0.0284992201  -8.93067103e-06      0.999993589        2.0066211       1.00330412            0.025  0.000624461818  0.000624463009  58
     0.0236481511      0.712496537     0.0284992201  -8.93066842e-06      0.999993589       2.00662117       1.00330415            0.025  0.000624461818  0.000624468638  57
     0.0482406044      0.687496548     0.0274991343  -8.88807544e-06      0.999994437       2.00654827       1.00326855            0.025  0.000624461818  0.000624462578  56
     0.0232406044      0.687496548     0.0274991343  -8.88807261e-06      0.999994437       2.00654833       1.00326858            0.025  0.000624461818  0.000624468009  55
     0.0478348125      0.662496578     0.0264990575  -8.79864482e-06      0.999995192       2.00648276       1.00323656            0.025  0.000624461818  0.000624462205  54
     0.0228348125      0.662496578     0.0264990575  -8.79864201e-06      0.999995192       2.00648282       1.00323659            0.025  0.000624461818  0.000624467439  53
     0.0474307116      0.637496625     0.0254989893  -8.66752575e-06      0.999995866       2.00642363       1.00320767            0.025  0.000624461818  0.000624461883  52
     0.0224307116      0.637496625     0.0254989893  -8.66752298e-06      0.999995866       2.00642368       1.00320769            0.025  0.000624461818  0.000624466919  51
     0.0470282379      0.612496685     0.0244989292  -8.49918058e-06       0.99999647        2.0063701       1.00318151            0.025  0.000624461818  0.000624461605  50
     0.0220282379      0.612496685     0.0244989292  -8.49917785e-06       0.99999647       2.00637015       1.00318153            0.025  0.000624461818  0.000624466443  49
     0.0466273275      0.587496759     0.0234988771  -8.29751627e-06      0.999997012       2.00632155       1.00315778            0.025  0.000624461818  0.000624461365  48
     0.0216273275      0.587496759     0.0234988771  -8.29751359e-06      0.999997012        2.0063216        1.0031578            0.025  0.000624461818  0.000624466006  47
     0.0462279166      0.562496844     0.0224988324  -8.06598142e-06      0.999997499       2.00627745       1.00313622            0.025  0.000624461818  0.00062446116  46
     0.0212279167      0.562496844     0.0224988324  -8.06597878e-06      0.999997499        2.0062775       1.00313624            0.025  0.000624461818  0.000624465603  45
     0.0458299415      0.537496939     0.0214987948  -7.80764071e-06      0.999997937       2.00623737       1.00311661            0.025  0.000624461818  0.000624460985  44
     0.0208299415      0.537496939     0.0214987948   -7.8076381e-06      0.999997937       2.00623741       1.00311664            0.025  0.000624461818  0.000624465231  43
     0.0454333382      0.512497044      0.020498764  -7.52523295e-06      0.999998331       2.00620091       1.00309878            0.025  0.000624461818  0.000624460837  42
     0.0204333382      0.512497044     0.0204987641  -7.52523037e-06      0.999998331       2.00620096       1.00309881            0.025  0.000624461818  0.000624464886  41
     0.0450380429      0.487497157     0.0194987397  -7.22121716e-06      0.999998686       2.00616777       1.00308257            0.025  0.000624461818  0.000624460714  40
     0.0200380429      0.487497157     0.0194987397  -7.22121461e-06      0.999998686       2.00616782       1.00308259            0.025  0.000624461818  0.000624464565  39
     0.0446439919      0.462497277     0.0184987215  -6.89780951e-06      0.999999005       2.00613765       1.00306783            0.025  0.000624461818  0.000624460614  38
     0.0196439919      0.462497277     0.0184987215  -6.89780699e-06      0.999999005       2.00613769       1.00306785            0.025  0.000624461818  0.000624464267  37
     0.0442511213      0.437497404     0.0174987091  -6.55701347e-06      0.999999292       2.00611031       1.00305444            0.025  0.000624461818  0.000624460533  36
     0.0192511213      0.437497404     0.0174987091  -6.55701098e-06      0.999999292       2.00611034       1.00305446            0.025  0.000624461818  0.000624463989  35
     0.0438593673      0.412497537     0.0164987021  -6.20064463e-06       0.99999955       2.00608551        1.0030423            0.025  0.000624461818  0.000624460471  34
     0.0188593673      0.412497537     0.0164987021  -6.20064217e-06       0.99999955       2.00608555       1.00304232            0.025  0.000624461818  0.00062446373  33
      0.043468666      0.387497675     0.0154987002  -5.83035152e-06       0.99999978       2.00606307       1.00303131            0.025  0.000624461818  0.000624460426  32
      0.018468666      0.387497675     0.0154987002  -5.83034907e-06       0.99999978        2.0060631       1.00303133            0.025  0.000624461818  0.000624463487  31
     0.0430789538      0.362497817     0.0144987031  -5.44763317e-06      0.999999987        2.0060428       1.00302138            0.025  0.000624461818  0.000624460396  30
     0.0180789538      0.362497817     0.0144987031  -5.44763074e-06      0.999999987       2.00604283        1.0030214            0.025  0.000624461818  0.00062446326  29
     0.0426901667      0.337497964     0.0134987104  -5.05385431e-06       1.00000017       2.00602454       1.00301244            0.025  0.000624461818  0.00062446038  28
     0.0176901667      0.337497964     0.0134987104  -5.05385191e-06       1.00000017       2.00602457       1.00301246            0.025  0.000624461818  0.000624463046  27
     0.0423022409      0.312498114     0.0124987219  -4.65025859e-06       1.00000033       2.00600815       1.00300441            0.025  0.000624461818  0.000624460376  26
     0.0173022409      0.312498114     0.0124987219  -4.65025619e-06       1.00000033       2.00600818       1.00300443            0.025  0.000624461818  0.000624462845  25
     0.0419151127      0.287498268     0.0114987372  -4.23798023e-06       1.00000048       2.00599351       1.00299723            0.025  0.000624461818  0.000624460385  24
     0.0169151127      0.287498268     0.0114987372  -4.23797785e-06       1.00000048       2.00599353       1.00299725            0.025  0.000624461818  0.000624462656  23
     0.0415287182      0.262498424      0.010498756  -3.81805467e-06       1.00000061       2.00598048       1.00299085            0.025  0.000624461818  0.000624460404  22
     0.0165287182      0.262498424      0.010498756   -3.8180523e-06       1.00000061        2.0059805       1.00299086            0.025  0.000624461818  0.000624462477  21
     0.0411429936      0.237498583    0.00949877792  -3.39142814e-06       1.00000072       2.00596897        1.0029852            0.025  0.000624461818  0.000624460432  20
     0.0161429936      0.237498583    0.00949877794  -3.39142579e-06       1.00000072       2.00596899       1.00298521            0.025  0.000624461818  0.000624462309  19
     0.0407578751      0.212498744    0.00849880272  -2.95896671e-06       1.00000082       2.00595887       1.00298025            0.025  0.000624461818  0.00062446047  18
     0.0157578751      0.212498744    0.00849880273  -2.95896437e-06       1.00000082       2.00595889       1.00298026            0.025  0.000624461818  0.000624462149  17
     0.0403732989      0.187498906    0.00749883004  -2.52146469e-06        1.0000009       2.00595011       1.00297596            0.025  0.000624461818  0.000624460517  16
     0.0153732989      0.187498906    0.00749883006  -2.52146236e-06        1.0000009       2.00595013       1.00297597            0.025  0.000624461818  0.000624461998  15
     0.0399892012      0.162499071    0.00649885958  -2.07965277e-06       1.00000097       2.00594261       1.00297228            0.025  0.000624461818  0.000624460571  14
     0.0149892012      0.162499071     0.0064988596  -2.07965045e-06       1.00000097       2.00594262       1.00297229            0.025  0.000624461818  0.000624461854  13
     0.0396055182      0.137499236    0.00549889102  -1.63420582e-06       1.00000103        2.0059363       1.00296919            0.025  0.000624461818  0.000624460632  12
     0.0146055182      0.137499236    0.00549889103   -1.6342035e-06       1.00000103       2.00593631       1.00296919            0.025  0.000624461818  0.000624461718  11
     0.0392221861      0.112499403    0.00449892404  -1.18575053e-06       1.00000108       2.00593113       1.00296665            0.025  0.000624461818  0.0006244607  10
     0.0142221861      0.112499403    0.00449892405  -1.18574822e-06       1.00000108       2.00593114       1.00296665            0.025  0.000624461818  0.000624461589  9
      0.038839141     0.0874995707    0.00349895832  -7.34872964e-07       1.00000112       2.00592705       1.00296465            0.025  0.000624461818  0.000624460774  8
      0.013839141     0.0874995707    0.00349895833  -7.34870662e-07       1.00000112       2.00592706       1.00296465            0.025  0.000624461818  0.000624461466  7
     0.0384563192      0.062499739    0.00249899356  -2.82125935e-07       1.00000115       2.00592402       1.00296316            0.025  0.000624461818  0.000624460855  6
     0.0134563192      0.062499739    0.00249899357  -2.82123668e-07       1.00000115       2.00592403       1.00296317            0.025  0.000624461818  0.000624461349  5
     0.0380736569     0.0374999077    0.00149902943   1.71965894e-07       1.00000117       2.00592202       1.00296218            0.025  0.000624461818  0.00062446094  4
     0.0130736569     0.0374999077    0.00149902944   1.71967959e-07       1.00000117       2.00592202       1.00296218            0.025  0.000624461818  0.000624461236  3
     0.0376910907     0.0125000769   0.000499069343   6.27647944e-07      0.999997477       2.00591171       1.00295332            0.025  0.000624461818  0.000624463337  2
     0.0126910907     0.0125000769    0.00049906935   6.27649299e-07      0.999997477       2.00591171       1.00295332            0.025  0.000624461818  0.000624463452  1
