title='particle position' 
variables=x, y, Ux, Uy, rho, e, p, h=supportlength/2, m, V, ID 
    0.00604094646      0.987499114     0.0395010482  -2.39144133e-06      0.999939833       2.01106071       1.00546986            0.025  0.000624461818  0.000624502617  80
     0.0310409465      0.987499114     0.0395010483  -2.39140653e-06      0.999939833       2.01106078       1.00546989            0.025  0.000624461818  0.000624496121  79
    0.00553961312      0.962498154     0.0385008121  -4.38126921e-06      0.999958501       2.00973743       1.00482702            0.025  0.000624461818  0.000624491538  78
     0.0305396131      0.962498154     0.0385008121  -4.38126345e-06      0.999958501        2.0097375       1.00482705            0.025  0.000624461818  0.000624483934  77
    0.00504072162      0.937497542        0.0375006  -5.64750558e-06      0.999968898       2.00920687       1.00457219            0.025  0.000624461818  0.000624484946  76
     0.0300407216      0.937497542        0.0375006  -5.64751001e-06      0.999968898       2.00920693       1.00457222            0.025  0.000624461818  0.000624477539  75
    0.00454422467      0.912497091     0.0365004026  -6.57770045e-06      0.999974408       2.00886602        1.0044073            0.025  0.000624461818  0.000624481406  74
     0.0295442247      0.912497091     0.0365004025  -6.57770555e-06      0.999974408       2.00886608       1.00440733            0.025  0.000624461818  0.000624474197  73
    0.00405005843      0.887496747     0.0355002196  -7.28409512e-06      0.999978276       2.00861501       1.00428569            0.025  0.000624461818  0.000624478892  72
     0.0290500584      0.887496747     0.0355002195  -7.28409985e-06      0.999978276       2.00861507       1.00428572            0.025  0.000624461818  0.00062447188  71
    0.00355815889      0.862496483       0.03450005  -7.82325704e-06      0.999981251       2.00841701       1.00418968            0.025  0.000624461818  0.000624476935  70
     0.0285581589      0.862496483       0.03450005  -7.82326143e-06      0.999981251       2.00841707       1.00418971            0.025  0.000624461818  0.000624470121  69
    0.00306846206      0.837496282      0.033499893   -8.2299221e-06      0.999983654       2.00825423        1.0041107            0.025  0.000624461818  0.000624475335  68
     0.0280684621      0.837496282      0.033499893  -8.22992623e-06      0.999983654       2.00825429       1.00411073            0.025  0.000624461818  0.000624468719  67
    0.00258090402      0.812496132     0.0324997479  -8.52778176e-06      0.999985656       2.00811671       1.00404395            0.025  0.000624461818  0.000624473987  66
      0.027580904      0.812496132     0.0324997479   -8.5277857e-06      0.999985656       2.00811677       1.00404398            0.025  0.000624461818  0.000624467568  65
    0.00209542085      0.787496026     0.0314996141  -8.73411362e-06      0.999987357       2.00799827       1.00398644            0.025  0.000624461818  0.000624472826  64
     0.0270954208      0.787496026     0.0314996141  -8.73411743e-06      0.999987357       2.00799833       1.00398647            0.025  0.000624461818  0.000624466604  63
    0.00161194863      0.762495956     0.0304994911  -8.86212269e-06      0.999988826       2.00789483        1.0039362            0.025  0.000624461818  0.00062447181  62
     0.0266119486      0.762495956     0.0304994911  -8.86212664e-06      0.999988826        2.0078949       1.00393623            0.025  0.000624461818  0.000624465786  61
     0.0011304235      0.737495919     0.0294993784  -8.92225837e-06      0.999990107       2.00780355       1.00389184            0.025  0.000624461818  0.000624470911  60
     0.0261304235      0.737495919     0.0294993784  -8.92226405e-06      0.999990107       2.00780361       1.00389188            0.025  0.000624461818  0.000624465084  59
   0.000650781566       0.71249591     0.0284992755   -8.9230111e-06      0.999991235       2.00772233       1.00385237            0.025  0.000624461818  0.000624470108  58
     0.0256507816       0.71249591     0.0284992755  -8.92302917e-06      0.999991235        2.0077224        1.0038524            0.025  0.000624461818  0.000624464479  57
    0.00017295895      0.687495924     0.0274991829   -8.8714221e-06      0.999992234       2.00764962       1.00381702            0.025  0.000624461818  0.000624469418  56
     0.0251729589      0.687495924     0.0274991825  -8.87148932e-06      0.999992234        2.0076497       1.00381705            0.025  0.000624461818  0.000624464808  55
     0.0496968918      0.662495961     0.0264990984  -8.77349532e-06      0.999993123       2.00758423       1.00378521            0.025  0.000624461818  0.000624463463  54
     0.0246968918      0.662495961     0.0264990981  -8.77355972e-06      0.999993124        2.0075843       1.00378525            0.025  0.000624461818  0.000624467844  53
     0.0492225162      0.637496017     0.0254990217  -8.63433592e-06      0.999993918        2.0075252        1.0037565            0.025  0.000624461818  0.000624463099  52
     0.0242225163      0.637496017     0.0254990216  -8.63434808e-06      0.999993918       2.00752527       1.00375653            0.025  0.000624461818  0.000624468136  51
     0.0487497685       0.61249609      0.024498954  -8.45832668e-06       0.99999463       2.00747176       1.00373049            0.025  0.000624461818  0.000624462753  50
     0.0237497685       0.61249609     0.0244989541  -8.45832578e-06       0.99999463       2.00747183       1.00373053            0.025  0.000624461818  0.000624467592  49
     0.0482785845      0.587496178     0.0234988943  -8.24935674e-06       0.99999527       2.00742329        1.0037069            0.025  0.000624461818  0.000624462453  48
     0.0232785846      0.587496178     0.0234988943  -8.24935394e-06       0.99999527       2.00742336       1.00370693            0.025  0.000624461818  0.000624467094  47
     0.0478089007      0.562496279      0.022498842  -8.01085073e-06      0.999995845       2.00737927       1.00368547            0.025  0.000624461818  0.000624462192  46
     0.0228089007      0.562496279     0.0224988421   -8.0108477e-06      0.999995845       2.00737933       1.00368549            0.025  0.000624461818  0.000624466636  45
      0.047340653      0.537496393     0.0214987969  -7.74584785e-06      0.999996363       2.00733925       1.00366597            0.025  0.000624461818  0.000624461968  44
      0.022340653      0.537496393     0.0214987969  -7.74584482e-06      0.999996363       2.00733931         1.003666            0.025  0.000624461818  0.000624466214  43
     0.0468737777      0.512496518     0.0204987586  -7.45706302e-06      0.999996829       2.00730286       1.00364825            0.025  0.000624461818  0.000624461775  42
     0.0218737777      0.512496518     0.0204987586  -7.45706001e-06      0.999996829       2.00730291       1.00364827            0.025  0.000624461818  0.000624465824  41
     0.0464082109      0.487496652     0.0194987267  -7.14693306e-06      0.999997249       2.00726977       1.00363212            0.025  0.000624461818  0.000624461612  40
     0.0214082109      0.487496652     0.0194987267  -7.14693009e-06      0.999997249       2.00726982       1.00363215            0.025  0.000624461818  0.000624465463  39
     0.0459438887      0.462496795      0.018498701   -6.8176536e-06      0.999997627       2.00723969       1.00361746            0.025  0.000624461818  0.000624461475  38
     0.0209438887      0.462496795      0.018498701  -6.81765066e-06      0.999997627       2.00723974       1.00361749            0.025  0.000624461818  0.000624465128  37
     0.0454807474      0.437496946      0.017498681  -6.47120895e-06      0.999997967       2.00721239       1.00360415            0.025  0.000624461818  0.000624461361  36
     0.0204807474      0.437496946      0.017498681  -6.47120602e-06      0.999997967       2.00721243       1.00360418            0.025  0.000624461818  0.000624464817  35
      0.045018723      0.412497104     0.0164986664  -6.10939677e-06      0.999998272       2.00718763       1.00359208            0.025  0.000624461818  0.00062446127  34
      0.020018723      0.412497104     0.0164986664  -6.10939387e-06      0.999998272       2.00718767        1.0035921            0.025  0.000624461818  0.000624464528  33
     0.0445577518      0.387497268     0.0154986569  -5.73384878e-06      0.999998545       2.00716521       1.00358115            0.025  0.000624461818  0.000624461198  32
     0.0195577518      0.387497268     0.0154986569   -5.7338459e-06      0.999998545       2.00716525       1.00358117            0.025  0.000624461818  0.000624464259  31
     0.0440977699      0.362497438     0.0144986522  -5.34604821e-06       0.99999879       2.00714497       1.00357127            0.025  0.000624461818  0.000624461144  30
     0.0190977699      0.362497438     0.0144986523  -5.34604535e-06       0.99999879       2.00714501       1.00357129            0.025  0.000624461818  0.000624464007  29
     0.0436387134      0.337497612      0.013498652  -4.94734485e-06      0.999999008       2.00712674       1.00356238            0.025  0.000624461818  0.000624461106  28
     0.0186387134      0.337497612      0.013498652  -4.94734201e-06      0.999999008       2.00712678       1.00356239            0.025  0.000624461818  0.000624463772  27
     0.0431805186      0.312497791     0.0124986559  -4.53896821e-06      0.999999202       2.00711038       1.00355439            0.025  0.000624461818  0.000624461083  26
     0.0181805186      0.312497791     0.0124986559  -4.53896539e-06      0.999999202       2.00711041        1.0035544            0.025  0.000624461818  0.000624463552  25
     0.0427231216      0.287497974     0.0114986635  -4.12203913e-06      0.999999374       2.00709575       1.00354725            0.025  0.000624461818  0.000624461075  24
     0.0177231216      0.287497974     0.0114986635  -4.12203632e-06      0.999999374       2.00709578       1.00354726            0.025  0.000624461818  0.000624463346  23
     0.0422664586       0.26249816     0.0104986747  -3.69758028e-06      0.999999526       2.00708274       1.00354089            0.025  0.000624461818  0.000624461079  22
     0.0172664586       0.26249816     0.0104986747  -3.69757748e-06      0.999999526       2.00708277       1.00354091            0.025  0.000624461818  0.000624463152  21
     0.0418104657      0.237498349    0.00949868898  -3.26652574e-06      0.999999659       2.00707124       1.00353528            0.025  0.000624461818  0.000624461094  20
     0.0168104657      0.237498349    0.00949868899  -3.26652295e-06      0.999999659       2.00707127       1.00353529            0.025  0.000624461818  0.00062446297  19
     0.0413550791       0.21249854    0.00849870612  -2.82972993e-06      0.999999775       2.00706116       1.00353035            0.025  0.000624461818  0.000624461121  18
     0.0163550791       0.21249854    0.00849870613  -2.82972716e-06      0.999999775       2.00706118       1.00353037            0.025  0.000624461818  0.000624462799  17
      0.040900235      0.187498734    0.00749872578  -2.38797604e-06      0.999999875       2.00705241       1.00352608            0.025  0.000624461818  0.000624461157  16
      0.015900235      0.187498734    0.00749872579  -2.38797327e-06      0.999999875       2.00705243       1.00352609            0.025  0.000624461818  0.000624462638  15
     0.0404458695      0.162498929    0.00649874764    -1.941984e-06       0.99999996       2.00704492       1.00352242            0.025  0.000624461818  0.000624461202  14
     0.0154458695      0.162498929    0.00649874766  -1.94198125e-06       0.99999996       2.00704493       1.00352243            0.025  0.000624461818  0.000624462486  13
     0.0399919188      0.137499127     0.0054987714  -1.49241833e-06       1.00000003       2.00703862       1.00351934            0.025  0.000624461818  0.000624461257  12
     0.0149919188      0.137499127    0.00549877141  -1.49241559e-06       1.00000003       2.00703863       1.00351935            0.025  0.000624461818  0.000624462343  11
     0.0395383191      0.112499325    0.00449879673  -1.03989569e-06       1.00000009       2.00703345       1.00351682            0.025  0.000624461818  0.000624461319  10
     0.0145383192      0.112499325    0.00449879675  -1.03989295e-06       1.00000009       2.00703346       1.00351682            0.025  0.000624461818  0.000624462207  9
     0.0390850066     0.0874995243    0.00349882332  -5.84992338e-07       1.00000014       2.00702938       1.00351483            0.025  0.000624461818  0.000624461389  8
     0.0140850066     0.0874995243    0.00349882334  -5.84989605e-07       1.00000014       2.00702938       1.00351483            0.025  0.000624461818  0.00062446208  7
     0.0386319175     0.0624997246    0.00249885087  -1.28251553e-07       1.00000017       2.00702635       1.00351335            0.025  0.000624461818  0.000624461466  6
     0.0136319175     0.0624997246    0.00249885088   -1.2824886e-07       1.00000017       2.00702636       1.00351335            0.025  0.000624461818  0.000624461959  5
     0.0381789878     0.0374999254    0.00149887904   3.29812911e-07        1.0000002       2.00702435       1.00351237            0.025  0.000624461818  0.000624461548  4
     0.0131789878     0.0374999254    0.00149887905   3.29815363e-07        1.0000002       2.00702436       1.00351238            0.025  0.000624461818  0.000624461844  3
     0.0377261545     0.0125001267   0.000498912795   7.89727505e-07      0.999994976       2.00701028        1.0035001            0.025  0.000624461818  0.000624464899  2
     0.0127261545     0.0125001267   0.000498912801   7.89729111e-07      0.999994976       2.00701028        1.0035001            0.025  0.000624461818  0.000624465014  1
