title='particle position' 
variables=x, y, Ux, Uy, rho, e, p, h=supportlength/2, m, V, ID 
     0.0403381154      0.987499898     0.0394992525  -1.56471615e-06      0.999992826       2.00487796       1.00243179            0.025  0.000624461818  0.000624463046  80
     0.0153381154      0.987499898     0.0394992524   -1.5647219e-06      0.999992826       2.00487801       1.00243181            0.025  0.000624461818  0.000624469542  79
     0.0402344161      0.962499758     0.0384972601  -3.69526978e-06      0.999994996       2.00352914       1.00175956            0.025  0.000624461818  0.000624461142  78
     0.0152344161      0.962499758     0.0384972601  -3.69526804e-06      0.999994996       2.00352918       1.00175958            0.025  0.000624461818  0.000624468746  77
     0.0401331504      0.937499671     0.0374952993  -5.06967788e-06      0.999996609       2.00298996       1.00149159            0.025  0.000624461818  0.000624460233  76
     0.0151331505      0.937499671     0.0374952994  -5.06967526e-06      0.999996609          2.00299        1.0014916            0.025  0.000624461818  0.00062446764  75
     0.0400342737      0.912499609     0.0364933788  -6.09477356e-06       0.99999745        2.0026446       1.00131975            0.025  0.000624461818  0.000624459807  74
     0.0150342737      0.912499609     0.0364933788  -6.09477133e-06       0.99999745       2.00264463       1.00131976            0.025  0.000624461818  0.000624467016  73
      0.039937722      0.887499563     0.0354915093  -6.88642076e-06      0.999998031       2.00239048       1.00119327            0.025  0.000624461818  0.000624459543  72
      0.014937722      0.887499563     0.0354915093  -6.88641888e-06      0.999998031        2.0023905       1.00119328            0.025  0.000624461818  0.000624466554  71
     0.0398434315      0.862499529     0.0344897009  -7.50330727e-06      0.999998471        2.0021901       1.00109352            0.025  0.000624461818  0.000624459367  70
     0.0148434315      0.862499529     0.0344897009  -7.50330565e-06      0.999998471       2.00219012       1.00109353            0.025  0.000624461818  0.00062446618  69
     0.0397513384      0.837499505     0.0334879639  -7.98152134e-06      0.999998819       2.00202542       1.00101153            0.025  0.000624461818  0.000624459249  68
     0.0147513384      0.837499505     0.0334879639  -7.98151989e-06      0.999998819       2.00202544       1.00101154            0.025  0.000624461818  0.000624465864  67
     0.0396613788      0.812499487     0.0324863077  -8.34570005e-06      0.999999104       2.00188634       1.00094227            0.025  0.000624461818  0.00062445917  66
     0.0146613788      0.812499487     0.0324863077  -8.34569875e-06      0.999999104       2.00188636       1.00094228            0.025  0.000624461818  0.000624465587  65
      0.039573489      0.787499475     0.0314847417  -8.61382578e-06      0.999999341        2.0017666       1.00088264            0.025  0.000624461818  0.000624459121  64
      0.014573489      0.787499475     0.0314847417  -8.61382459e-06      0.999999341       2.00176661       1.00088265            0.025  0.000624461818  0.00062446534  63
      0.039487605      0.762499469     0.0304832747   -8.7996537e-06      0.999999541       2.00166205       1.00083056            0.025  0.000624461818  0.000624459095  62
      0.014487605      0.762499469     0.0304832747   -8.7996526e-06      0.999999541       2.00166206       1.00083057            0.025  0.000624461818  0.000624465116  61
     0.0394036632      0.737499467     0.0294819148  -8.91407833e-06      0.999999712        2.0015698       1.00078461            0.025  0.000624461818  0.000624459087  60
     0.0144036632      0.737499467     0.0294819149  -8.91407732e-06      0.999999712       2.00156982       1.00078462            0.025  0.000624461818  0.00062446491  59
     0.0393215996      0.712499468     0.0284806698  -8.96596358e-06      0.999999859       2.00148775       1.00074374            0.025  0.000624461818  0.000624459094  58
     0.0143215996      0.712499468     0.0284806698  -8.96596264e-06      0.999999859       2.00148777       1.00074374            0.025  0.000624461818  0.00062446472  57
     0.0392413505      0.687499472     0.0274795465  -8.96267663e-06      0.999999986       2.00141433       1.00070715            0.025  0.000624461818  0.000624459113  56
     0.0142413505      0.687499472     0.0274795466  -8.96267575e-06      0.999999986       2.00141434       1.00070716            0.025  0.000624461818  0.000624464541  55
     0.0391628522      0.662499479     0.0264785514  -8.91044718e-06        1.0000001        2.0013483       1.00067425            0.025  0.000624461818  0.000624459143  54
     0.0141628522      0.662499479     0.0264785514  -8.91044636e-06        1.0000001       2.00134831       1.00067425            0.025  0.000624461818  0.000624464373  53
     0.0390860407      0.637499488     0.0254776898  -8.81461804e-06       1.00000019       2.00128872       1.00064455            0.025  0.000624461818  0.000624459182  52
     0.0140860407      0.637499488     0.0254776898  -8.81461727e-06       1.00000019       2.00128873       1.00064456            0.025  0.000624461818  0.000624464214  51
     0.0390108524        0.6124995     0.0244769667  -8.67982534e-06       1.00000028       2.00123479       1.00061767            0.025  0.000624461818  0.000624459228  50
     0.0140108524        0.6124995     0.0244769667  -8.67982462e-06       1.00000028        2.0012348       1.00061768            0.025  0.000624461818  0.000624464063  49
     0.0389372235      0.587499513     0.0234763861  -8.51013131e-06       1.00000035       2.00118589        1.0005933            0.025  0.000624461818  0.000624459281  48
     0.0139372235      0.587499513     0.0234763861  -8.51013063e-06       1.00000035        2.0011859        1.0005933            0.025  0.000624461818  0.000624463918  47
     0.0388650903      0.562499527      0.022475951  -8.30912432e-06       1.00000041       2.00114149       1.00057116            0.025  0.000624461818  0.00062445934  46
     0.0138650903      0.562499527      0.022475951  -8.30912368e-06       1.00000041        2.0011415       1.00057116            0.025  0.000624461818  0.000624463779  45
      0.038794389      0.537499543     0.0214756637  -8.07999573e-06       1.00000047       2.00110114       1.00055104            0.025  0.000624461818  0.000624459403  44
      0.013794389      0.537499543     0.0214756638  -8.07999512e-06       1.00000047       2.00110115       1.00055104            0.025  0.000624461818  0.000624463646  43
     0.0387250558       0.51249956     0.0204755259  -7.82559973e-06       1.00000052       2.00106446       1.00053275            0.025  0.000624461818  0.000624459471  42
     0.0137250558       0.51249956     0.0204755259  -7.82559916e-06       1.00000052       2.00106446       1.00053275            0.025  0.000624461818  0.000624463516  41
     0.0386570271      0.487499578     0.0194755379  -7.54850092e-06       1.00000056       2.00103111       1.00051612            0.025  0.000624461818  0.000624459543  40
     0.0136570271      0.487499578     0.0194755379  -7.54850038e-06       1.00000056       2.00103112       1.00051612            0.025  0.000624461818  0.00062446339  39
     0.0385902392      0.462499596     0.0184756994  -7.25101244e-06        1.0000006       2.00100082       1.00050101            0.025  0.000624461818  0.000624459619  38
     0.0135902392      0.462499596     0.0184756994  -7.25101193e-06        1.0000006       2.00100082       1.00050101            0.025  0.000624461818  0.000624463268  37
     0.0385246283      0.437499616     0.0174760093  -6.93522705e-06       1.00000063       2.00097332       1.00048729            0.025  0.000624461818  0.000624459697  36
     0.0135246283      0.437499616     0.0174760093  -6.93522657e-06       1.00000063       2.00097332        1.0004873            0.025  0.000624461818  0.000624463149  35
     0.0384601308      0.412499636     0.0164764655  -6.60304284e-06       1.00000066       2.00094839       1.00047486            0.025  0.000624461818  0.000624459778  34
     0.0134601308      0.412499636     0.0164764655  -6.60304238e-06       1.00000066        2.0009484       1.00047486            0.025  0.000624461818  0.000624463033  33
      0.038396683      0.387499656      0.015477065  -6.25618466e-06       1.00000069       2.00092584        1.0004636            0.025  0.000624461818  0.000624459861  32
      0.013396683      0.387499656      0.015477065  -6.25618422e-06       1.00000069       2.00092584       1.00046361            0.025  0.000624461818  0.000624462919  31
     0.0383342211      0.362499677      0.014477804  -5.89622234e-06       1.00000071       2.00090547       1.00045344            0.025  0.000624461818  0.000624459947  30
     0.0133342211      0.362499677      0.014477804  -5.89622192e-06       1.00000071       2.00090548       1.00045345            0.025  0.000624461818  0.000624462807  29
     0.0382726816      0.337499699     0.0134786779  -5.52458637e-06       1.00000073       2.00088713       1.00044429            0.025  0.000624461818  0.000624460034  28
     0.0132726816      0.337499699     0.0134786779  -5.52458596e-06       1.00000073       2.00088714        1.0004443            0.025  0.000624461818  0.000624462696  27
     0.0382120008       0.31249972     0.0124796812  -5.14258153e-06       1.00000074       2.00087068       1.00043608            0.025  0.000624461818  0.000624460123  26
     0.0132120008       0.31249972     0.0124796813  -5.14258115e-06       1.00000074       2.00087068       1.00043608            0.025  0.000624461818  0.000624462588  25
     0.0381521151      0.287499742     0.0114808078   -4.7513991e-06       1.00000075       2.00085598       1.00042874            0.025  0.000624461818  0.000624460213  24
     0.0131521151      0.287499742     0.0114808078  -4.75139873e-06       1.00000075       2.00085598       1.00042874            0.025  0.000624461818  0.000624462481  23
     0.0380929607      0.262499764     0.0104820506  -4.35212773e-06       1.00000077        2.0008429       1.00042222            0.025  0.000624461818  0.000624460305  22
     0.0130929607      0.262499764     0.0104820506  -4.35212737e-06       1.00000077        2.0008429       1.00042222            0.025  0.000624461818  0.000624462375  21
     0.0380344742      0.237499787    0.00948340207  -3.94576344e-06       1.00000078       2.00083135       1.00041645            0.025  0.000624461818  0.000624460397  20
     0.0130344742      0.237499787    0.00948340209  -3.94576309e-06       1.00000078       2.00083135       1.00041645            0.025  0.000624461818  0.000624462271  19
     0.0379765918      0.212499809    0.00848485388  -3.53321899e-06       1.00000078       2.00082122        1.0004114            0.025  0.000624461818  0.000624460491  18
     0.0129765918      0.212499809     0.0084848539  -3.53321866e-06       1.00000078       2.00082122        1.0004114            0.025  0.000624461818  0.000624462167  17
     0.0379192499      0.187499832    0.00748639714  -3.11533261e-06       1.00000079       2.00081244       1.00040701            0.025  0.000624461818  0.000624460585  16
     0.0129192499      0.187499832    0.00748639715  -3.11533229e-06       1.00000079       2.00081244       1.00040701            0.025  0.000624461818  0.000624462064  15
      0.037862385      0.162499854     0.0064880224  -2.69287643e-06        1.0000008       2.00080491       1.00040325            0.025  0.000624461818  0.00062446068  14
      0.012862385      0.162499854    0.00648802242  -2.69287611e-06        1.0000008       2.00080491       1.00040325            0.025  0.000624461818  0.000624461962  13
     0.0378059334      0.137499877    0.00548971975  -2.26656457e-06        1.0000008       2.00079859       1.00040009            0.025  0.000624461818  0.000624460776  12
     0.0128059334      0.137499877    0.00548971977  -2.26656426e-06        1.0000008       2.00079859       1.00040009            0.025  0.000624461818  0.000624461861  11
     0.0377498316        0.1124999    0.00449147881  -1.83706112e-06        1.0000008        2.0007934       1.00039751            0.025  0.000624461818  0.000624460872  10
     0.0127498316        0.1124999    0.00449147882  -1.83706081e-06        1.0000008        2.0007934       1.00039751            0.025  0.000624461818  0.00062446176  9
     0.0376940158      0.087499923    0.00349328885   -1.4049879e-06       1.00000081       2.00078931       1.00039546            0.025  0.000624461818  0.000624460969  8
     0.0126940158      0.087499923    0.00349328886   -1.4049876e-06       1.00000081       2.00078931       1.00039546            0.025  0.000624461818  0.000624461659  7
     0.0376384227     0.0624999459    0.00249513882  -9.70932256e-07       1.00000081       2.00078627       1.00039395            0.025  0.000624461818  0.000624461067  6
     0.0126384227     0.0624999459    0.00249513883  -9.70931965e-07       1.00000081       2.00078627       1.00039395            0.025  0.000624461818  0.000624461559  5
     0.0375829885     0.0374999688    0.00149701745  -5.35454686e-07       1.00000081       2.00078426       1.00039294            0.025  0.000624461818  0.000624461164  4
     0.0125829885     0.0374999688    0.00149701746  -5.35454422e-07       1.00000081       2.00078427       1.00039294            0.025  0.000624461818  0.00062446146  3
     0.0375276496     0.0124999918    0.00049891335  -9.90786306e-08       1.00000074       2.00078307       1.00039227            0.025  0.000624461818  0.000624461301  2
     0.0125276496     0.0124999918   0.000498913357  -9.90784503e-08       1.00000074       2.00078307       1.00039227            0.025  0.000624461818  0.000624461415  1
