title='particle position' 
variables=x, y, Ux, Uy, rho, e, p, h=supportlength/2, m, V, ID 
    0.00945108565      0.987498899     0.0395012303  -2.57964224e-06       0.99992588       2.01239942       1.00612513            0.025  0.000624461818  0.000624511327  80
     0.0344510856      0.987498899     0.0395012304  -2.57960131e-06       0.99992588       2.01239947       1.00612515            0.025  0.000624461818  0.000624504831  79
    0.00886340123      0.962497769     0.0385009817  -4.53850652e-06      0.999949232       2.01108434       1.00549112            0.025  0.000624461818  0.000624497327  78
     0.0338634012      0.962497769     0.0385009817  -4.53849906e-06      0.999949232       2.01108439       1.00549114            0.025  0.000624461818  0.000624489723  77
    0.00827816077      0.937497049     0.0375007579  -5.78080529e-06      0.999961488        2.0105556       1.00523908            0.025  0.000624461818  0.000624489574  76
     0.0332781608      0.937497049     0.0375007579  -5.78080986e-06      0.999961488       2.01055564        1.0052391            0.025  0.000624461818  0.000624482167  75
    0.00769531613      0.912496519     0.0365005492  -6.68987414e-06      0.999967987        2.0102157       1.00507567            0.025  0.000624461818  0.000624485416  74
     0.0326953161      0.912496519     0.0365005492   -6.6898797e-06      0.999967987       2.01021574       1.00507569            0.025  0.000624461818  0.000624478207  73
    0.00711480348      0.887496114     0.0355003555  -7.37718756e-06       0.99997255       2.00996536       1.00495509            0.025  0.000624461818  0.000624482468  72
     0.0321148035      0.887496114     0.0355003555  -7.37719281e-06       0.99997255        2.0099654       1.00495511            0.025  0.000624461818  0.000624475456  71
     0.0065365587      0.862495804     0.0345001755  -7.89886748e-06      0.999976062       2.00976786       1.00485987            0.025  0.000624461818  0.000624480176  70
     0.0315365587      0.862495804     0.0345001755  -7.89887238e-06      0.999976062        2.0097679        1.0048599            0.025  0.000624461818  0.000624473362  69
    0.00596051774      0.837495569     0.0335000084  -8.28936665e-06      0.999978899       2.00960548       1.00478154            0.025  0.000624461818  0.000624478305  68
     0.0309605177      0.837495569     0.0335000084   -8.2893713e-06      0.999978899       2.00960553       1.00478156            0.025  0.000624461818  0.000624471689  67
     0.0053866166      0.812495394     0.0324998535  -8.57217935e-06      0.999981262       2.00946829       1.00471532            0.025  0.000624461818  0.000624476731  66
     0.0303866166      0.812495394     0.0324998535   -8.5721838e-06      0.999981262       2.00946834       1.00471534            0.025  0.000624461818  0.000624470312  65
    0.00481479131      0.787495271       0.03149971  -8.76443676e-06      0.999983272       2.00935014       1.00465826            0.025  0.000624461818  0.000624475377  64
     0.0298147913      0.787495271       0.03149971  -8.76444106e-06      0.999983272       2.00935019       1.00465829            0.025  0.000624461818  0.000624469155  63
    0.00424497792      0.762495191     0.0304995774  -8.87923015e-06      0.999985008       2.00924694       1.00460841            0.025  0.000624461818  0.000624474194  62
     0.0292449779      0.762495191     0.0304995774  -8.87923432e-06      0.999985008       2.00924699       1.00460844            0.025  0.000624461818  0.00062446817  61
    0.00367711249      0.737495149     0.0294994552  -8.92691783e-06      0.999986523       2.00915586       1.00456439            0.025  0.000624461818  0.000624473149  60
     0.0286771125      0.737495149     0.0294994552   -8.9269219e-06      0.999986523       2.00915592       1.00456442            0.025  0.000624461818  0.000624467323  59
    0.00311113113       0.71249514      0.028499343  -8.91591878e-06      0.999987858       2.00907483       1.00452522            0.025  0.000624461818  0.000624472217  58
     0.0281111311       0.71249514      0.028499343  -8.91592276e-06      0.999987858       2.00907488       1.00452524            0.025  0.000624461818  0.000624466588  57
     0.0025469699      0.687495159     0.0274992402  -8.85322289e-06       0.99998904       2.00900228       1.00449013            0.025  0.000624461818  0.00062447138  56
     0.0275469699      0.687495159     0.0274992402  -8.85322683e-06       0.99998904       2.00900234       1.00449016            0.025  0.000624461818  0.000624465949  55
    0.00198456492      0.662495205     0.0264991465  -8.74473427e-06      0.999990093       2.00893703       1.00445856            0.025  0.000624461818  0.000624470623  54
     0.0269845649      0.662495205     0.0264991465  -8.74473839e-06      0.999990093       2.00893709       1.00445859            0.025  0.000624461818  0.00062446539  53
    0.00142385229      0.637495273     0.0254990614  -8.59551019e-06      0.999991034       2.00887812       1.00443005            0.025  0.000624461818  0.000624469937  52
     0.0264238523      0.637495273     0.0254990614  -8.59551607e-06      0.999991034       2.00887818       1.00443009            0.025  0.000624461818  0.000624464901  51
   0.000864768111      0.612495361     0.0244989847  -8.40993008e-06      0.999991878       2.00882479       1.00440424            0.025  0.000624461818  0.000624469311  50
     0.0258647681      0.612495361     0.0244989846  -8.40994818e-06      0.999991878       2.00882486       1.00440427            0.025  0.000624461818  0.000624464472  49
   0.000307248497      0.587495468     0.0234989165   -8.1918178e-06      0.999992637       2.00877641       1.00438081            0.025  0.000624461818  0.000624468771  48
     0.0253072485      0.587495468     0.0234989162  -8.19188442e-06      0.999992637       2.00877648       1.00438085            0.025  0.000624461818  0.000624464823  47
     0.0497512296       0.56249559      0.022498855  -7.94460192e-06      0.999993319       2.00873248       1.00435953            0.025  0.000624461818  0.000624463736  46
     0.0247512296       0.56249559     0.0224988547  -7.94466557e-06      0.999993319       2.00873255       1.00435956            0.025  0.000624461818  0.000624467456  45
     0.0491966474      0.537495728        0.0214988  -7.67128786e-06      0.999993933       2.00869253       1.00434017            0.025  0.000624461818  0.000624463485  44
     0.0241966475      0.537495728        0.0214988  -7.67129955e-06      0.999993933        2.0086926       1.00434021            0.025  0.000624461818  0.000624467731  43
     0.0486434383      0.512495878     0.0204987525  -7.37451758e-06      0.999994487       2.00865621       1.00432257            0.025  0.000624461818  0.000624463239  42
     0.0236434383      0.512495878     0.0204987525  -7.37451628e-06      0.999994487       2.00865627        1.0043226            0.025  0.000624461818  0.000624467287  41
     0.0480915382      0.487496039     0.0194987115  -7.05671478e-06      0.999994985       2.00862318       1.00430655            0.025  0.000624461818  0.000624463026  40
     0.0230915382      0.487496039     0.0194987115  -7.05671158e-06      0.999994985       2.00862324       1.00430658            0.025  0.000624461818  0.000624466877  39
     0.0475408832      0.462496211     0.0184986766  -6.72005487e-06      0.999995434       2.00859316         1.004292            0.025  0.000624461818  0.000624462844  38
     0.0225408832      0.462496211     0.0184986766  -6.72005143e-06      0.999995434       2.00859322       1.00429202            0.025  0.000624461818  0.000624466498  37
     0.0469914096      0.437496392     0.0174986474  -6.36649963e-06      0.999995838       2.00856591       1.00427877            0.025  0.000624461818  0.000624462691  36
     0.0219914096      0.437496392     0.0174986474  -6.36649619e-06      0.999995838       2.00856596        1.0042788            0.025  0.000624461818  0.000624466147  35
     0.0464430534      0.412496582     0.0164986236  -5.99782514e-06      0.999996201       2.00854119       1.00426678            0.025  0.000624461818  0.000624462563  34
     0.0214430535      0.412496582     0.0164986236  -5.99782171e-06      0.999996201       2.00854124       1.00426681            0.025  0.000624461818  0.000624465822  33
     0.0458957509      0.387496778      0.015498605  -5.61564273e-06      0.999996526       2.00851882       1.00425592            0.025  0.000624461818  0.000624462459  32
     0.0208957509      0.387496778      0.015498605  -5.61563932e-06      0.999996526       2.00851887       1.00425594            0.025  0.000624461818  0.00062446552  31
      0.045349438      0.362496982     0.0144985911  -5.22141647e-06      0.999996817       2.00849861       1.00424611            0.025  0.000624461818  0.000624462376  30
      0.020349438      0.362496982     0.0144985911  -5.22141308e-06      0.999996817       2.00849865       1.00424613            0.025  0.000624461818  0.000624465239  29
      0.044804051      0.337497191     0.0134985816  -4.81647807e-06      0.999997077       2.00848041       1.00423727            0.025  0.000624461818  0.000624462312  28
      0.019804051      0.337497191     0.0134985816   -4.8164747e-06      0.999997077       2.00848045       1.00423729            0.025  0.000624461818  0.000624464978  27
      0.044259526      0.312497405     0.0124985762  -4.40203994e-06      0.999997308       2.00846407       1.00422933            0.025  0.000624461818  0.000624462267  26
      0.019259526      0.312497405     0.0124985762  -4.40203659e-06      0.999997308       2.00846411       1.00422935            0.025  0.000624461818  0.000624464735  25
     0.0437157991      0.287497624     0.0114985746  -3.97920669e-06      0.999997513       2.00844947       1.00422224            0.025  0.000624461818  0.000624462237  24
     0.0187157991      0.287497624     0.0114985747  -3.97920335e-06      0.999997513        2.0084495       1.00422225            0.025  0.000624461818  0.000624464508  23
     0.0431728064      0.262497847     0.0104985765  -3.54898556e-06      0.999997694       2.00843648       1.00421592            0.025  0.000624461818  0.000624462223  22
     0.0181728065      0.262497847     0.0104985765  -3.54898223e-06      0.999997694       2.00843651       1.00421594            0.025  0.000624461818  0.000624464296  21
     0.0426304842      0.237498073    0.00949858153  -3.11229593e-06      0.999997853         2.008425       1.00421034            0.025  0.000624461818  0.000624462223  20
     0.0176304842      0.237498073    0.00949858155  -3.11229262e-06      0.999997853       2.00842503       1.00421036            0.025  0.000624461818  0.000624464099  19
     0.0420887686      0.212498303    0.00849858938  -2.66997817e-06      0.999997991       2.00841493       1.00420545            0.025  0.000624461818  0.000624462235  18
     0.0170887686      0.212498303    0.00849858939  -2.66997487e-06      0.999997991       2.00841496       1.00420546            0.025  0.000624461818  0.000624463913  17
     0.0415475956      0.187498535    0.00749859973  -2.22280196e-06      0.999998111       2.00840619        1.0042012            0.025  0.000624461818  0.000624462259  16
     0.0165475956      0.187498535    0.00749859974  -2.22279866e-06      0.999998111       2.00840622       1.00420121            0.025  0.000624461818  0.00062446374  15
     0.0410069015      0.162498769    0.00649861227  -1.77147428e-06      0.999998212       2.00839871       1.00419756            0.025  0.000624461818  0.000624462294  14
     0.0160069015      0.162498769    0.00649861229  -1.77147099e-06      0.999998212       2.00839873       1.00419757            0.025  0.000624461818  0.000624463578  13
     0.0404666223      0.137499005     0.0054986267  -1.31664712e-06      0.999998298       2.00839242        1.0041945            0.025  0.000624461818  0.00062446234  12
     0.0154666223      0.137499005    0.00549862671  -1.31664384e-06      0.999998298       2.00839244       1.00419451            0.025  0.000624461818  0.000624463426  11
     0.0399266943      0.112499243    0.00449864269   -8.5892501e-07      0.999998367       2.00838726       1.00419199            0.025  0.000624461818  0.000624462395  10
     0.0149266943      0.112499243     0.0044986427  -8.58921737e-07      0.999998367       2.00838728         1.004192            0.025  0.000624461818  0.000624463284  9
     0.0393870535     0.0874994819    0.00349865993  -3.98872416e-07      0.999998423       2.00838319       1.00419001            0.025  0.000624461818  0.000624462459  8
     0.0143870535     0.0874994819    0.00349865995  -3.98869153e-07      0.999998423       2.00838321       1.00419002            0.025  0.000624461818  0.00062446315  7
     0.0388476361     0.0624997217    0.00249867812   6.29789305e-08      0.999998464       2.00838018       1.00418855            0.025  0.000624461818  0.000624462532  6
     0.0138476361     0.0624997217    0.00249867814   6.29821448e-08      0.999998464       2.00838018       1.00418855            0.025  0.000624461818  0.000624463026  5
     0.0383083783     0.0374999623    0.00149869694   5.26129205e-07      0.999998497       2.00837818       1.00418758            0.025  0.000624461818  0.00062446261  4
     0.0133083783     0.0374999623    0.00149869696    5.2613213e-07      0.999998497       2.00837818       1.00418758            0.025  0.000624461818  0.000624462906  3
     0.0377692176     0.0125002036   0.000498723616   9.91491366e-07      0.999991016       2.00835859       1.00417027            0.025  0.000624461818  0.000624467373  2
     0.0127692176     0.0125002036   0.000498723623   9.91493278e-07      0.999991016       2.00835859       1.00417027            0.025  0.000624461818  0.000624467487  1
