title='particle position' 
variables=x, y, Ux, Uy, rho, e, p, h=supportlength/2, m, V, ID 
     0.0460482838      0.987499651     0.0395004953  -1.85777648e-06      0.999975662       2.00713001       1.00354058            0.025  0.000624461818  0.000624473758  80
     0.0210482838      0.987499651     0.0395004952  -1.85779281e-06      0.999975662       2.00713008       1.00354061            0.025  0.000624461818  0.000624480253  79
      0.045799979      0.962499206     0.0385002998  -3.93865097e-06      0.999982903       2.00578817       1.00287694            0.025  0.000624461818  0.000624468693  78
      0.020799979      0.962499206     0.0385002998   -3.9386521e-06      0.999982903       2.00578824       1.00287697            0.025  0.000624461818  0.000624476298  77
     0.0455541105      0.937498923     0.0375001235  -5.27520565e-06      0.999987754       2.00525217        1.0026138            0.025  0.000624461818  0.000624465763  76
     0.0205541105      0.937498923     0.0375001236  -5.27520278e-06      0.999987754       2.00525223       1.00261384            0.025  0.000624461818  0.00062447317  75
     0.0453106331      0.912498715     0.0364999605  -6.26730741e-06      0.999990314       2.00490846       1.00244452            0.025  0.000624461818  0.000624464263  74
     0.0203106331      0.912498715     0.0364999605   -6.2673044e-06      0.999990314       2.00490852       1.00244455            0.025  0.000624461818  0.000624471472  73
     0.0450694829      0.887498557     0.0354998103  -7.02948166e-06      0.999992107       2.00465548       1.00231983            0.025  0.000624461818  0.000624463242  72
     0.0200694829      0.887498557     0.0354998103  -7.02947893e-06      0.999992107       2.00465553       1.00231986            0.025  0.000624461818  0.000624470254  71
     0.0448305961      0.862498436     0.0344996723  -7.61962638e-06      0.999993482       2.00445597       1.00222145            0.025  0.000624461818  0.000624462482  70
     0.0198305961      0.862498436     0.0344996724  -7.61962389e-06      0.999993482       2.00445602       1.00222148            0.025  0.000624461818  0.000624469297  69
      0.044593909      0.837498343     0.0334995461  -8.07332299e-06      0.999994588       2.00429198       1.00214057            0.025  0.000624461818  0.00062446189  68
      0.019593909      0.837498343     0.0334995461  -8.07332068e-06      0.999994588       2.00429203       1.00214059            0.025  0.000624461818  0.000624468507  67
     0.0443593577      0.812498275     0.0324994311  -8.41485218e-06      0.999995506       2.00415346       1.00207223            0.025  0.000624461818  0.000624461416  66
     0.0193593577      0.812498275     0.0324994311     -8.41485e-06      0.999995506        2.0041535       1.00207225            0.025  0.000624461818  0.000624467835  65
     0.0441268785      0.787498226     0.0314993268  -8.66192922e-06      0.999996284       2.00403418       1.00201337            0.025  0.000624461818  0.000624461029  64
     0.0191268785      0.787498226     0.0314993268  -8.66192716e-06      0.999996284       2.00403423       1.00201339            0.025  0.000624461818  0.00062446725  63
     0.0438964076      0.762498194     0.0304992329   -8.8280998e-06      0.999996953       2.00393003       1.00196196            0.025  0.000624461818  0.00062446071  62
     0.0188964076      0.762498194     0.0304992329  -8.82809783e-06      0.999996953       2.00393007       1.00196198            0.025  0.000624461818  0.000624466734  61
     0.0436678813      0.737498176     0.0294991489   -8.9240885e-06      0.999997534       2.00383812       1.00191659            0.025  0.000624461818  0.000624460445  60
     0.0186678813      0.737498176     0.0294991489  -8.92408661e-06      0.999997534       2.00383815       1.00191661            0.025  0.000624461818  0.000624466272  59
     0.0434412356      0.712498171     0.0284990745  -8.95861771e-06      0.999998044       2.00375636       1.00187622            0.025  0.000624461818  0.000624460226  58
     0.0184412356      0.712498171     0.0284990745  -8.95861588e-06      0.999998044       2.00375639       1.00187624            0.025  0.000624461818  0.000624465855  57
      0.043216407      0.687498177     0.0274990092  -8.93893439e-06      0.999998493       2.00368317       1.00184008            0.025  0.000624461818  0.000624460044  56
      0.018216407      0.687498177     0.0274990092  -8.93893263e-06      0.999998493       2.00368321       1.00184009            0.025  0.000624461818  0.000624465476  55
     0.0429933315      0.662498192     0.0264989528   -8.8711645e-06      0.999998892       2.00361736       1.00180757            0.025  0.000624461818  0.000624459894  54
     0.0179933315      0.662498192     0.0264989528   -8.8711628e-06      0.999998892       2.00361739       1.00180759            0.025  0.000624461818  0.000624465128  53
     0.0427719455      0.637498217     0.0254989049   -8.7605602e-06      0.999999247       2.00355795       1.00177822            0.025  0.000624461818  0.000624459771  52
     0.0177719455      0.637498217     0.0254989049  -8.76055855e-06      0.999999247       2.00355798       1.00177824            0.025  0.000624461818  0.000624464808  51
     0.0425521852      0.612498248      0.024498865  -8.61167757e-06      0.999999563       2.00350418       1.00175165            0.025  0.000624461818  0.000624459672  50
     0.0175521852      0.612498248     0.0244988651  -8.61167596e-06      0.999999563       2.00350421       1.00175167            0.025  0.000624461818  0.000624464511  49
     0.0423339867      0.587498287      0.023498833  -8.42850766e-06      0.999999846       2.00345541       1.00172755            0.025  0.000624461818  0.000624459594  48
     0.0173339868      0.587498287      0.023498833   -8.4285061e-06      0.999999846       2.00345544       1.00172757            0.025  0.000624461818  0.000624464236  47
     0.0421172865      0.562498331     0.0224988084  -8.21457516e-06        1.0000001       2.00341112       1.00170566            0.025  0.000624461818  0.000624459535  46
     0.0171172865      0.562498331     0.0224988084  -8.21457363e-06        1.0000001       2.00341115       1.00170568            0.025  0.000624461818  0.000624463979  45
     0.0419020206      0.537498381     0.0214987909   -7.9730141e-06       1.00000033       2.00337087       1.00168576            0.025  0.000624461818  0.000624459491  44
     0.0169020206      0.537498381      0.021498791  -7.97301262e-06       1.00000033       2.00337089       1.00168577            0.025  0.000624461818  0.000624463738  43
     0.0416881253      0.512498435     0.0204987802  -7.70662702e-06       1.00000053       2.00333426       1.00166766            0.025  0.000624461818  0.000624459463  42
     0.0166881253      0.512498435     0.0204987802  -7.70662557e-06       1.00000053       2.00333429       1.00166768            0.025  0.000624461818  0.000624463512  41
      0.041475537      0.487498494      0.019498776  -7.41793173e-06       1.00000071       2.00330098       1.00165121            0.025  0.000624461818  0.000624459448  40
      0.016475537      0.487498494      0.019498776  -7.41793031e-06       1.00000071       2.00330101       1.00165122            0.025  0.000624461818  0.000624463299  39
     0.0412641917      0.462498557     0.0184987778  -7.10919898e-06       1.00000088       2.00327074       1.00163625            0.025  0.000624461818  0.000624459444  38
     0.0162641917      0.462498557     0.0184987778  -7.10919759e-06       1.00000088       2.00327076       1.00163626            0.025  0.000624461818  0.000624463098  37
     0.0410540258      0.437498623     0.0174987854   -6.7824831e-06       1.00000102       2.00324329       1.00162267            0.025  0.000624461818  0.000624459451  36
     0.0160540258      0.437498623     0.0174987854  -6.78248173e-06       1.00000102       2.00324331       1.00162268            0.025  0.000624461818  0.000624462908  35
     0.0408449755      0.412498691     0.0164987985  -6.43964727e-06       1.00000116       2.00321839       1.00161035            0.025  0.000624461818  0.000624459468  34
     0.0158449755      0.412498691     0.0164987985  -6.43964592e-06       1.00000116       2.00321841       1.00161036            0.025  0.000624461818  0.000624462727  33
      0.040636977      0.387498763     0.0154988167  -6.08238465e-06       1.00000127       2.00319586       1.00159921            0.025  0.000624461818  0.000624459494  32
      0.015636977      0.387498763     0.0154988167  -6.08238332e-06       1.00000127       2.00319588       1.00159922            0.025  0.000624461818  0.000624462555  31
     0.0404299666      0.362498837     0.0144988397  -5.71223636e-06       1.00000138       2.00317552       1.00158914            0.025  0.000624461818  0.000624459527  30
     0.0154299666      0.362498837     0.0144988397  -5.71223506e-06       1.00000138       2.00317553       1.00158915            0.025  0.000624461818  0.000624462391  29
     0.0402238806      0.337498912     0.0134988671  -5.33060685e-06       1.00000147        2.0031572       1.00158007            0.025  0.000624461818  0.000624459568  28
     0.0152238806      0.337498912     0.0134988672  -5.33060556e-06       1.00000147       2.00315721       1.00158008            0.025  0.000624461818  0.000624462235  27
     0.0400186552       0.31249899     0.0124988988  -4.93877732e-06       1.00000155       2.00314075       1.00157193            0.025  0.000624461818  0.000624459616  26
     0.0150186552       0.31249899     0.0124988988  -4.93877605e-06       1.00000155       2.00314076       1.00157194            0.025  0.000624461818  0.000624462085  25
     0.0398142266      0.287499069     0.0114989342  -4.53791773e-06       1.00000162       2.00312605       1.00156465            0.025  0.000624461818  0.000624459669  24
     0.0148142266      0.287499069     0.0114989343  -4.53791648e-06       1.00000162       2.00312606       1.00156466            0.025  0.000624461818  0.000624461941  23
     0.0396105311       0.26249915     0.0104989732  -4.12909745e-06       1.00000169       2.00311298       1.00155818            0.025  0.000624461818  0.000624459728  22
     0.0146105311       0.26249915     0.0104989732  -4.12909621e-06       1.00000169       2.00311299       1.00155818            0.025  0.000624461818  0.000624461802  21
     0.0394075049      0.237499232     0.0094990154  -3.71329514e-06       1.00000174       2.00310143       1.00155246            0.025  0.000624461818  0.000624459792  20
     0.0144075049      0.237499232    0.00949901542  -3.71329391e-06       1.00000174       2.00310144       1.00155246            0.025  0.000624461818  0.000624461669  19
     0.0392050843      0.212499315    0.00849906044  -3.29140786e-06       1.00000179        2.0030913       1.00154744            0.025  0.000624461818  0.000624459861  18
     0.0142050843      0.212499315    0.00849906046  -3.29140664e-06       1.00000179       2.00309131       1.00154745            0.025  0.000624461818  0.00062446154  17
     0.0390032055      0.187499399    0.00749910804  -2.86425968e-06       1.00000183       2.00308251       1.00154309            0.025  0.000624461818  0.000624459934  16
     0.0140032055      0.187499399    0.00749910805  -2.86425847e-06       1.00000183       2.00308252       1.00154309            0.025  0.000624461818  0.000624461415  15
     0.0388018048      0.162499483    0.00649915786  -2.43260993e-06       1.00000187       2.00307498       1.00153936            0.025  0.000624461818  0.000624460011  14
     0.0138018048      0.162499483    0.00649915788  -2.43260872e-06       1.00000187       2.00307499       1.00153936            0.025  0.000624461818  0.000624461294  13
     0.0386008185      0.137499568     0.0054992096  -1.99716114e-06        1.0000019       2.00306865       1.00153623            0.025  0.000624461818  0.000624460091  12
     0.0136008185      0.137499568    0.00549920962  -1.99715995e-06        1.0000019       2.00306866       1.00153623            0.025  0.000624461818  0.000624461177  11
     0.0384001827      0.112499654    0.00449926294  -1.55856685e-06       1.00000192       2.00306346       1.00153366            0.025  0.000624461818  0.000624460175  10
     0.0134001827      0.112499654    0.00449926296  -1.55856566e-06       1.00000192       2.00306347       1.00153366            0.025  0.000624461818  0.000624461063  9
     0.0381998338     0.0874997401    0.00349931756  -1.11743921e-06       1.00000194       2.00305937       1.00153163            0.025  0.000624461818  0.000624460262  8
     0.0131998338     0.0874997401    0.00349931757  -1.11743803e-06       1.00000194       2.00305937       1.00153163            0.025  0.000624461818  0.000624460953  7
      0.037999708     0.0624998265    0.00249937313  -6.74356606e-07       1.00000195       2.00305633       1.00153012            0.025  0.000624461818  0.000624460351  6
      0.012999708     0.0624998265    0.00249937315  -6.74355443e-07       1.00000195       2.00305633       1.00153012            0.025  0.000624461818  0.000624460845  5
     0.0377997415     0.0374999132    0.00149942935   -2.2987078e-07       1.00000196       2.00305432       1.00152913            0.025  0.000624461818  0.000624460444  4
     0.0127997415     0.0374999132    0.00149942936   -2.2986972e-07       1.00000196       2.00305432       1.00152913            0.025  0.000624461818  0.00062446074  3
     0.0375998706     0.0125000001   0.000499486879   2.15706382e-07       1.00000098       2.00305079       1.00152638            0.025  0.000624461818  0.000624461148  2
     0.0125998707     0.0125000001   0.000499486886   2.15707083e-07       1.00000098       2.00305079       1.00152638            0.025  0.000624461818  0.000624461263  1
