title='particle position' 
variables=x, y, Ux, Uy, rho, e, p, h=supportlength/2, m, V, ID 
     0.0497757307      0.987499466     0.0395007049  -2.05361544e-06      0.999963169       2.00859761       1.00426181            0.025  0.000624461818  0.000624481555  80
     0.0247757307      0.987499466     0.0395007048  -2.05363863e-06      0.999963169        2.0085977       1.00426186            0.025  0.000624461818  0.000624488051  79
     0.0494330424      0.962498826     0.0385004935   -4.1004976e-06      0.999974282       2.00726174       1.00360506            0.025  0.000624461818  0.000624474078  78
     0.0244330424      0.962498826     0.0385004935  -4.10050061e-06      0.999974282       2.00726184       1.00360511            0.025  0.000624461818  0.000624481682  77
     0.0490927923      0.937498419     0.0375003036  -5.41080049e-06       0.99998122       2.00672779       1.00334505            0.025  0.000624461818  0.000624469844  76
     0.0240927923      0.937498419     0.0375003036  -5.41079748e-06       0.99998122       2.00672787       1.00334509            0.025  0.000624461818  0.000624477251  75
     0.0487549345      0.912498119     0.0365001275  -6.37981438e-06      0.999984889       2.00638516       1.00317742            0.025  0.000624461818  0.000624467651  74
     0.0237549345      0.912498119     0.0365001275  -6.37981086e-06      0.999984889       2.00638524       1.00317746            0.025  0.000624461818  0.000624474861  73
     0.0484194053      0.887497889     0.0354999648  -7.12120963e-06      0.999987462       2.00613292       1.00305388            0.025  0.000624461818  0.000624466143  72
     0.0234194053      0.887497889     0.0354999648  -7.12120634e-06      0.999987462         2.006133       1.00305392            0.025  0.000624461818  0.000624473155  71
     0.0480861406      0.862497713     0.0344998148  -7.69238403e-06      0.999989439       2.00593398        1.0029564            0.025  0.000624461818  0.000624465007  70
     0.0230861406      0.862497713     0.0344998149  -7.69238096e-06      0.999989439       2.00593405       1.00295643            0.025  0.000624461818  0.000624471821  69
     0.0477550767      0.837497579     0.0334996769  -8.12860082e-06      0.999991034       2.00577045       1.00287623            0.025  0.000624461818  0.00062446411  68
     0.0227550767      0.837497579     0.0334996769  -8.12859793e-06      0.999991034       2.00577051       1.00287626            0.025  0.000624461818  0.000624470727  67
     0.0474261497      0.812497479     0.0324995505   -8.4539189e-06       0.99999236        2.0056323       1.00280849            0.025  0.000624461818  0.000624463381  66
     0.0224261497      0.812497479     0.0324995505  -8.45391615e-06       0.99999236       2.00563237       1.00280852            0.025  0.000624461818  0.0006244698  65
     0.0470992959      0.787497407      0.031499435  -8.68588875e-06      0.999993486       2.00551334       1.00275014            0.025  0.000624461818  0.000624462776  64
     0.0220992959      0.787497407      0.031499435  -8.68588611e-06      0.999993486        2.0055134       1.00275017            0.025  0.000624461818  0.000624468998  63
     0.0467744513       0.76249736     0.0304993301   -8.8379278e-06      0.999994456       2.00540946       1.00269917            0.025  0.000624461818  0.000624462269  62
     0.0217744513       0.76249736     0.0304993301  -8.83792525e-06      0.999994456       2.00540952        1.0026992            0.025  0.000624461818  0.000624468294  61
     0.0464515521      0.737497334     0.0294992352  -8.92065723e-06      0.999995301       2.00531779       1.00265418            0.025  0.000624461818  0.00062446184  60
     0.0214515522      0.737497334     0.0294992352  -8.92065477e-06      0.999995301       2.00531784       1.00265421            0.025  0.000624461818  0.000624467667  59
     0.0461305347      0.712497326       0.02849915  -8.94271375e-06      0.999996044       2.00523623       1.00261415            0.025  0.000624461818  0.000624461475  58
     0.0211305347      0.712497326       0.02849915  -8.94271135e-06      0.999996044       2.00523628       1.00261418            0.025  0.000624461818  0.000624467105  57
      0.045811335      0.687497335      0.027499074  -8.91127169e-06        0.9999967       2.00516323       1.00257831            0.025  0.000624461818  0.000624461164  56
     0.0208113351      0.687497335      0.027499074  -8.91126936e-06        0.9999967       2.00516328       1.00257833            0.025  0.000624461818  0.000624466596  55
     0.0454938895      0.662497357      0.026499007  -8.83239433e-06      0.999997284       2.00509758       1.00254607            0.025  0.000624461818  0.000624460898  54
     0.0204938895      0.662497357      0.026499007  -8.83239205e-06      0.999997284       2.00509762       1.00254609            0.025  0.000624461818  0.000624466132  53
     0.0451781341      0.637497392     0.0254989485  -8.71127891e-06      0.999997805       2.00503831       1.00251695            0.025  0.000624461818  0.000624460672  52
     0.0201781341      0.637497392     0.0254989485  -8.71127668e-06      0.999997805       2.00503836       1.00251698            0.025  0.000624461818  0.000624465708  51
     0.0448640052      0.612497438     0.0244988982  -8.55243281e-06       0.99999827       2.00498467        1.0024906            0.025  0.000624461818  0.00062446048  50
     0.0198640052      0.612497438     0.0244988982  -8.55243063e-06       0.99999827       2.00498471       1.00249062            0.025  0.000624461818  0.000624465319  49
      0.044551439      0.587497495     0.0234988556  -8.35980337e-06      0.999998688       2.00493601       1.00246669            0.025  0.000624461818  0.000624460318  48
      0.019551439      0.587497495     0.0234988557  -8.35980123e-06      0.999998688       2.00493605       1.00246671            0.025  0.000624461818  0.000624464959  47
     0.0442403716       0.56249756     0.0224988206  -8.13687573e-06      0.999999063       2.00489182       1.00244497            0.025  0.000624461818  0.000624460182  46
     0.0192403716       0.56249756     0.0224988206  -8.13687363e-06      0.999999063       2.00489186       1.00244499            0.025  0.000624461818  0.000624464626  45
     0.0439307392      0.537497633     0.0214987927  -7.88674786e-06        0.9999994       2.00485166       1.00242523            0.025  0.000624461818  0.000624460071  44
     0.0189307392      0.537497633     0.0214987927  -7.88674579e-06        0.9999994       2.00485169       1.00242525            0.025  0.000624461818  0.000624464317  43
     0.0436224782      0.512497713     0.0204987715  -7.61218917e-06      0.999999703       2.00481513       1.00240727            0.025  0.000624461818  0.00062445998  42
     0.0186224782      0.512497713     0.0204987715  -7.61218713e-06      0.999999703       2.00481517       1.00240729            0.025  0.000624461818  0.000624464029  41
     0.0433155246      0.487497799     0.0194987568  -7.31568689e-06      0.999999975       2.00478192       1.00239094            0.025  0.000624461818  0.000624459909  40
     0.0183155246      0.487497799     0.0194987568  -7.31568488e-06      0.999999975       2.00478196       1.00239095            0.025  0.000624461818  0.00062446376  39
     0.0430098147      0.462497891     0.0184987482  -6.99948339e-06       1.00000022       2.00475175       1.00237609            0.025  0.000624461818  0.000624459855  38
     0.0180098147      0.462497891     0.0184987482  -6.99948141e-06       1.00000022       2.00475178       1.00237611            0.025  0.000624461818  0.000624463509  37
     0.0427052847      0.437497988     0.0174987454  -6.66560653e-06       1.00000044       2.00472435       1.00236261            0.025  0.000624461818  0.000624459817  36
     0.0177052847      0.437497988     0.0174987454  -6.66560458e-06       1.00000044       2.00472438       1.00236263            0.025  0.000624461818  0.000624463273  35
     0.0424018708       0.41249809      0.016498748  -6.31589475e-06       1.00000064        2.0046995       1.00235039            0.025  0.000624461818  0.000624459792  34
     0.0174018708       0.41249809     0.0164987481  -6.31589282e-06       1.00000064       2.00469953        1.0023504            0.025  0.000624461818  0.000624463051  33
     0.0420995093      0.387498195     0.0154987558  -5.95201797e-06       1.00000081       2.00467702       1.00233932            0.025  0.000624461818  0.000624459781  32
     0.0170995093      0.387498195     0.0154987558  -5.95201606e-06       1.00000081       2.00467705       1.00233934            0.025  0.000624461818  0.000624462842  31
     0.0417981363      0.362498304     0.0144987683   -5.5754954e-06       1.00000097       2.00465671       1.00232933            0.025  0.000624461818  0.000624459782  30
     0.0167981363      0.362498304     0.0144987684  -5.57549352e-06       1.00000097       2.00465674       1.00232934            0.025  0.000624461818  0.000624462645  29
      0.041497688      0.337498416     0.0134987854  -5.18771083e-06       1.00000111       2.00463843       1.00232033            0.025  0.000624461818  0.000624459793  28
      0.016497688      0.337498416     0.0134987854  -5.18770896e-06       1.00000111       2.00463845       1.00232034            0.025  0.000624461818  0.000624462459  27
     0.0411981008      0.312498531     0.0124988065   -4.7899259e-06       1.00000123       2.00462201       1.00231224            0.025  0.000624461818  0.000624459814  26
     0.0161981008      0.312498531     0.0124988065  -4.78992405e-06       1.00000123       2.00462203       1.00231225            0.025  0.000624461818  0.000624462283  25
     0.0408993107      0.287498648     0.0114988315  -4.38329197e-06       1.00000134       2.00460734       1.00230502            0.025  0.000624461818  0.000624459844  24
     0.0158993107      0.287498648     0.0114988315  -4.38329013e-06       1.00000134       2.00460736       1.00230503            0.025  0.000624461818  0.000624462115  23
     0.0406012541      0.262498768       0.01049886  -3.96886072e-06       1.00000144       2.00459429       1.00229859            0.025  0.000624461818  0.000624459882  22
     0.0156012541      0.262498768       0.01049886   -3.9688589e-06       1.00000144       2.00459431        1.0022986            0.025  0.000624461818  0.000624461956  21
     0.0403038671      0.237498889    0.00949889165  -3.54759394e-06       1.00000153       2.00458276       1.00229291            0.025  0.000624461818  0.000624459928  20
     0.0153038671      0.237498889    0.00949889166  -3.54759213e-06       1.00000153       2.00458277       1.00229292            0.025  0.000624461818  0.000624461804  19
     0.0400070859      0.212499012    0.00849892617  -3.12037252e-06        1.0000016       2.00457265       1.00228793            0.025  0.000624461818  0.00062445998  18
     0.0150070859      0.212499012    0.00849892618  -3.12037072e-06        1.0000016       2.00457266       1.00228793            0.025  0.000624461818  0.000624461659  17
     0.0397108468      0.187499137    0.00749896323  -2.68800504e-06       1.00000166       2.00456387        1.0022836            0.025  0.000624461818  0.000624460039  16
     0.0147108468      0.187499137    0.00749896325  -2.68800325e-06       1.00000166       2.00456389       1.00228361            0.025  0.000624461818  0.000624461521  15
      0.039415086      0.162499262    0.00649900252  -2.25123591e-06       1.00000172       2.00455636        1.0022799            0.025  0.000624461818  0.000624460104  14
      0.014415086      0.162499262    0.00649900254  -2.25123413e-06       1.00000172       2.00455637       1.00227991            0.025  0.000624461818  0.000624461388  13
     0.0391197398      0.137499389    0.00549904371  -1.81075323e-06       1.00000176       2.00455004       1.00227679            0.025  0.000624461818  0.000624460175  12
     0.0141197398      0.137499389    0.00549904373  -1.81075146e-06       1.00000176       2.00455005       1.00227679            0.025  0.000624461818  0.000624461261  11
     0.0388247442      0.112499516     0.0044990865  -1.36719656e-06        1.0000018       2.00454486       1.00227424            0.025  0.000624461818  0.00062446025  10
     0.0138247442      0.112499516    0.00449908651  -1.36719479e-06        1.0000018       2.00454487       1.00227424            0.025  0.000624461818  0.000624461139  9
     0.0385300357     0.0874996439    0.00349913055  -9.21164426e-07       1.00000183       2.00454077       1.00227222            0.025  0.000624461818  0.000624460331  8
     0.0135300357     0.0874996439    0.00349913056  -9.21162666e-07       1.00000183       2.00454078       1.00227222            0.025  0.000624461818  0.000624461022  7
     0.0382355503     0.0624997724    0.00249917556  -4.73221897e-07       1.00000185       2.00453774       1.00227073            0.025  0.000624461818  0.000624460416  6
     0.0132355503     0.0624997724    0.00249917557  -4.73220163e-07       1.00000185       2.00453774       1.00227073            0.025  0.000624461818  0.000624460909  5
     0.0379412243     0.0374999012    0.00149922121  -2.39069005e-08       1.00000187       2.00453574       1.00226974            0.025  0.000624461818  0.000624460505  4
     0.0129412243     0.0374999012    0.00149922122  -2.39053219e-08       1.00000187       2.00453574       1.00226974            0.025  0.000624461818  0.000624460801  3
     0.0376469941     0.0125000303   0.000499269357   4.26722489e-07      0.999999709       2.00452924       1.00226433            0.025  0.000624461818  0.000624461944  2
     0.0126469941     0.0125000304   0.000499269364   4.26723528e-07      0.999999709       2.00452924       1.00226433            0.025  0.000624461818  0.000624462058  1
