title='particle position' 
variables=x, y, rho, p, U, e, ID, m 
       3.14951488                0      0.100000017     0.0743877245      0.857813662        1.8596928  719  0.001875
       3.12463116                0     0.0833334216     0.0561012094      0.857679896       1.68303448  718  0.0015625
       3.09981254                0     0.0833345459     0.0567068615      0.854641208       1.70118076  717  0.0015625
       3.07527642                0     0.0833417512     0.0566666426      0.846255018       1.69982582  716  0.0015625
       3.05114191                0     0.0833562715     0.0566916762      0.835368773       1.70027966  715  0.0015625
       3.02727169                0     0.0833688468     0.0567092362      0.830257178       1.70055019  714  0.0015625
       3.00349634                0     0.0833823923     0.0567249075      0.826296493       1.70074197  713  0.0015625
       2.97988321                0     0.0834148619     0.0567576732      0.817252327       1.70105579  712  0.0015625
        2.9565624                0      0.083483833     0.0568248773      0.802516921       1.70165096  711  0.0015625
       2.93363089                0     0.0836122017     0.0569485094      0.782311862       1.70271335  710  0.0015625
        2.9111641                0     0.0838351962     0.0571623147      0.756339117       1.70452214  709  0.0015625
       2.88923131                0     0.0842076958     0.0575190681      0.723828271       1.70750833  708  0.0015625
       2.86790604                0     0.0848202167     0.0581061427      0.683423523       1.71236752  707  0.0015625
       2.84727755                0     0.0858416997     0.0590876436      0.632544817       1.72036402  706  0.0015625
       2.82747248                0     0.0876565365     0.0608404965      0.565642279       1.73428901  705  0.0015625
       2.80870749                0     0.0912455986     0.0643441873      0.470377076       1.76102027  704  0.0015625
        2.7913698                0     0.0985100628     0.0716022779      0.329680638       1.81335186  703  0.0015625
        2.7759286                0      0.109950547     0.0835096351      0.157118765       1.89379968  702  0.0015625
        2.7623472                0      0.120566932     0.0950695131     0.0303576567       1.96788351  701  0.0015625
        2.7497553                0      0.125243428      0.100284674    -0.0074560464       2.00090726  700  0.0015625
         2.737344                0      0.125776074      0.100871775   -0.00756317356       2.00503704  699  0.0015625
       2.72491278                0       0.12552915      0.100593119   -0.00505903943       2.00348274  698  0.0015625
       2.71245552                0      0.125309814      0.100346952    -0.0029880494       2.00205408  697  0.0015625
       2.69997925                0      0.125163315      0.100182749   -0.00158696957       2.00109017  696  0.0015625
       2.68749114                0      0.125077958       0.10008717  -0.000761175371       2.00052384  695  0.0015625
       2.67499653                0      0.125033826      0.100037794  -0.000331108121       2.00022876  694  0.0015625
       2.66249875                0      0.125013387      0.100014946  -0.000131130782       2.00009111  693  0.0015625
       2.64999959                0      0.125004847      0.100005406  -4.74291033e-05       2.00003319  692  0.0015625
       2.63749987                0      0.125001609      0.100001793  -1.57029649e-05       2.00001109  691  0.0015625
       2.62499996                0       0.12500049      0.100000546  -4.76603171e-06        2.0000034  690  0.0015625
       2.61249999                0      0.125000137      0.100000153  -1.32702372e-06       2.00000096  689  0.0015625
              2.6                0      0.125000035      0.100000039  -3.38927842e-07       2.00000025  688  0.0015625
           2.5875                0      0.125000008      0.100000009  -7.93233569e-08       2.00000006  687  0.0015625
            2.575                0      0.125000002      0.100000002  -1.69750886e-08       2.00000001  686  0.0015625
           2.5625                0            0.125              0.1  -3.30896283e-09                2  685  0.0015625
             2.55                0            0.125              0.1  -5.83986913e-10                2  684  0.0015625
           2.5375                0            0.125              0.1  -9.23074542e-11                2  683  0.0015625
            2.525                0            0.125              0.1  -1.23829101e-11                2  682  0.0015625
           2.5125                0            0.125              0.1   3.52842325e-12                2  681  0.0015625
              2.5                0            0.125              0.1   2.95280068e-11                2  680  0.0015625
           2.4875                0            0.125              0.1  -9.18860476e-12                2  679  0.0015625
            2.475                0            0.125              0.1  -1.98344659e-09                2  678  0.0015625
           2.4625                0      0.125000005      0.100000005   1.88872472e-08       2.00000004  677  0.0015625
             2.45                0      0.125000098      0.100000105   6.40696752e-07       2.00000075  676  0.0015625
       2.43750003                0      0.125001296      0.100001403   9.80960977e-06       2.00000984  675  0.0015625
       2.42500041                0      0.125013571      0.100014771   0.000113035088       2.00010186  674  0.0015625
       2.41250416                0      0.125115074      0.100125936    0.00105711901       2.00085394  673  0.0015625
       2.40003381                0      0.125760581      0.100839312    0.00784836698       2.00558187  672  0.0015625
       2.38770996                0      0.128723009      0.104176298     0.0424262086       2.02720857  671  0.0015625
       2.37592276                0      0.138180775      0.115288409      0.150718791       2.09636029  670  0.0015625
       2.36531084                0      0.158688906      0.141212549      0.348453139       2.24250213  669  0.0015625
       2.35633053                0      0.189153932      0.183341945      0.583966482       2.44218835  668  0.0015625
       2.34888225                0      0.220274901      0.229920564       0.77232687       2.62341784  667  0.0015625
       2.34244917                0      0.243055448       0.26595251      0.881114809       2.74322248  666  0.0015625
       2.33646387                0      0.255883827      0.286785394      0.914999091       2.80533122  665  0.0015625
       2.33053902                0      0.261265176      0.295504574      0.913897414       2.82849672  664  0.0015625
       2.32457659                0      0.262533063       0.29751361      0.910520313       2.83332752  663  0.0015625
       2.31861727                0      0.262986733      0.298263538      0.914444235       2.83567386  662  0.0015625
       2.31268867                0      0.263662416      0.299419078      0.919500721       2.83936741  661  0.0015625
       2.30678358                0      0.264208383      0.300416377      0.921607939        2.8427684  660  0.0015625
       2.30088305                0      0.264338476      0.300793499      0.921610801       2.84479919  659  0.0015625
       2.29496317                0        0.2641612      0.300743178      0.920304271       2.84624246  658  0.0015625
       2.28905446                0      0.263964805      0.300733931      0.920509338       2.84837899  657  0.0015625
       2.28312033                0       0.26392161      0.301040345      0.922890035       2.85182626  656  0.0015625
       2.27720696                0      0.263990127      0.301634352      0.924998568       2.85669565  655  0.0015625
       2.27130595                0      0.263995497      0.302174094       0.92666923       2.86166834  654  0.0015625
       2.26535653                0      0.263768251      0.302506332      0.927044217       2.86718829  653  0.0015625
       2.25949313                0      0.263323616      0.302498992      0.927098093       2.87188377  652  0.0015625
       2.25346474                0      0.262662924       0.30238468      0.926493069       2.87798694  651  0.0015625
       2.24761518                0      0.261875222      0.302045269      0.924721185       2.88342737  650  0.0015625
       2.24152856                0      0.260976667      0.301840583       0.92560257       2.89145243  649  0.0015625
       2.23562991                0      0.260115116      0.301724227      0.924811105       2.89996525  648  0.0015625
       2.22953054                0      0.259228713       0.30187993      0.925955378       2.91142287  647  0.0015625
       2.22356005                0      0.258307298       0.30228718      0.926782699       2.92576469  646  0.0015625
       2.21745734                0      0.257128807      0.302127619      0.927579524       2.93759951  645  0.0015625
       2.21139706                0      0.256888683      0.304982491      0.929244158       2.96808326  644  0.0015625
       2.20528803                0      0.259422091       0.31103685      0.927362387       2.99740539  643  0.0015625
       2.19893218                0      0.268653107      0.331013119      0.929642201       3.08028056  642  0.0015625
       2.19459938                0      0.284838308      0.340623108      0.927326415       2.98959045  641  0.00124481328
       2.18721886                0      0.330728441      0.282788952       0.92805262       2.13762775  639  0.00245242049
       2.18241008                0      0.359861534      0.258429071      0.915266489       1.79537226  640  0.000347222222
       2.18085118                0      0.368365902      0.288781972      0.930121056       1.95992941  638  0.00220550227
       2.17437113                0      0.393960963      0.294594471      0.928545077       1.86949558  637  0.00201924594
       2.16967774                0      0.407973437      0.296563692      0.928547788       1.81734372  636  0.00187977286
        2.1660787                0      0.416181667      0.296112318       0.93167353       1.77877962  635  0.00177662626
       2.16123316                0        0.4234428      0.297383573      0.929100255       1.75577258  634  0.00170190134
       2.15737108                0      0.427142803      0.297527867      0.929425834       1.74140464  633  0.00164941368
       2.15383785                0      0.429232877      0.298044817      0.931680281       1.73593558  632  0.0016139879
       2.15012941                0      0.430423093      0.299259903        0.9306273       1.73819497  631  0.00159105034
       2.14636735                0      0.430228171       0.29999149      0.929942359       1.74323742  630  0.00157693729
       2.14265509                0      0.429443056      0.300446778      0.930953155       1.74907955  629  0.0015688838
       2.13905643                0      0.428458411      0.300780853      0.931548656       1.75505317  628  0.00156479218
       2.13548185                0      0.427486072      0.301069228      0.931696486       1.76073549  627  0.00156307241
       2.13175992                0       0.42650954      0.301217861       0.93123185       1.76564114  626  0.00156256358
       2.12805165                0      0.425696864      0.301279263       0.93182781       1.76937421  625  0.0015625
       2.12438993                0      0.425133759      0.301292186      0.932740131       1.77179322  624  0.0015625
       2.12073289                0       0.42474753      0.301245036      0.932981278       1.77312397  623  0.0015625
       2.11707039                0       0.42439323      0.301054027      0.932996893       1.77347429  622  0.0015625
       2.11336566                0      0.424043486      0.300761324      0.933371511       1.77320622  621  0.0015625
       2.10964601                0      0.423748186      0.300451442      0.933913448       1.77261001  620  0.0015625
       2.10599001                0      0.423487032      0.300136967      0.934094649       1.77184611  619  0.0015625
       2.10231076                0      0.423207163      0.299810773      0.933905348       1.77109451  618  0.0015625
       2.09861056                0      0.422940085      0.299509247       0.93388982       1.77043811  617  0.0015625
       2.09490132                0      0.422744827      0.299295715      0.934540713       1.77000291  616  0.0015625
       2.09118753                0      0.422654693      0.299206428      0.935093587       1.76986234  615  0.0015625
       2.08750995                0      0.422599768      0.299168319      0.935208981        1.7698757  614  0.0015625
       2.08383469                0      0.422528483      0.299120764      0.935674324       1.76989901  613  0.0015625
       2.08011896                0       0.42245381      0.299061981      0.936554571       1.76986637  612  0.0015625
       2.07639686                0      0.422365439      0.298979143       0.93749177       1.76974559  611  0.0015625
       2.07270794                0      0.422182662       0.29879923      0.938043268       1.76944584  610  0.0015625
       2.06903796                0      0.421801543      0.298423692      0.938292428       1.76882349  609  0.0015625
       2.06533509                0      0.421182348      0.297815469      0.938843834       1.76782828  608  0.0015625
       2.06159902                0      0.420380254      0.297028671      0.939820392       1.76655053  607  0.0015625
       2.05787679                0      0.419454348      0.296123121      0.940791194       1.76509657  606  0.0015625
       2.05416746                0        0.4184122      0.295107473      0.941749483       1.76348251  605  0.0015625
         2.050445                0      0.417277156       0.29399992      0.943342946       1.76170955  604  0.0015625
       2.04668559                0      0.416145965      0.292893341      0.946186144       1.75991034  603  0.0015625
       2.04290831                0      0.415159351      0.291926396      0.949968118       1.75830571  602  0.0015625
       2.03914964                0      0.414373898      0.291155235      0.953840134       1.75698194  601  0.0015625
       2.03539267                0      0.413763068      0.290554316       0.95725827       1.75588984  600  0.0015625
       2.03161477                0      0.413345293      0.290141149      0.960119958       1.75505072  599  0.0015625
       2.02782081                0      0.413249784      0.290044667      0.962188957       1.75469488  598  0.0015625
       2.02402772                0      0.413653977      0.290442174      0.962495684       1.75515297  597  0.0015625
       2.02024286                0      0.414677841      0.291453141       0.95974854       1.75666165  596  0.0015625
       2.01646568                0      0.416372072      0.293127386      0.953943154       1.75932877  595  0.0015625
       2.01269877                0       0.41875546      0.295484524      0.946135268       1.76319474  594  0.0015625
       2.00895315                0      0.421821553      0.298521943      0.937471007       1.76824149  593  0.0015625
       2.00524075                0      0.425511989      0.302187888      0.928730105       1.77434685  592  0.0015625
       2.00156725                0      0.429708642      0.306371335      0.920070666       1.78127841  591  0.0015625
       1.99793324                0       0.43426139      0.310927839      0.911275988       1.78875538  590  0.0015625
       1.99433872                0      0.439028343      0.315719233      0.902087815       1.79652623  589  0.0015625
       1.99078417                0      0.443904039      0.320641801      0.892355266       1.80441359  588  0.0015625
        1.9872689                0       0.44882888      0.325636325      0.882007919       1.81232325  587  0.0015625
       1.98379085                0      0.453785393      0.330685021      0.871019191       1.82023078  586  0.0015625
       1.98034883                0      0.458788361      0.335802892      0.859404228       1.82816427  585  0.0015625
       1.97694265                0      0.463876568      0.341030004      0.847273479       1.83618779  584  0.0015625
       1.97357245                0      0.469101383      0.346420397      0.834796748       1.84438258  583  0.0015625
       1.97023855                0      0.474512133      0.352027275      0.822157045       1.85282319  582  0.0015625
       1.96694208                0      0.480141496      0.357887773       0.80953089       1.86155537  581  0.0015625
        1.9636847                0      0.485996102      0.364012769      0.797014868       1.87058292  580  0.0015625
       1.96046761                0      0.492053866      0.370382848      0.784606793       1.87986463  579  0.0015625
       1.95729158                0      0.498266423      0.376949995      0.772278692       1.88932008  578  0.0015625
       1.95415655                0      0.504569891       0.38364818      0.760011166       1.89884658  577  0.0015625
       1.95106172                0      0.510897357      0.390406436      0.747773297       1.90834016  576  0.0015625
       1.94800579                0      0.517189438      0.397160368      0.735536275       1.91771237  575  0.0015625
         1.944987                0      0.523401607      0.403860404      0.723266614       1.92690083  574  0.0015625
       1.94200357                0      0.529507707      0.410476274      0.710942387       1.93587308  573  0.0015625
       1.93905384                0      0.535502224      0.417000088      0.698624323       1.94462744  572  0.0015625
       1.93613633                0       0.54139772      0.423443913      0.686450584         1.953188  571  0.0015625
       1.93324984                0      0.547220035      0.429834894      0.674552031       1.96159542  570  0.0015625
       1.93039327                0      0.553001841      0.436208196       0.66301545       1.96989706  569  0.0015625
       1.92756592                0      0.558774999       0.44259866      0.651877001       1.97813623  568  0.0015625
       1.92476742                0      0.564564213       0.44903368      0.641117586       1.98634424  567  0.0015625
       1.92199759                0      0.570383185      0.455528656      0.630674562       1.99453612  566  0.0015625
       1.91925638                0      0.576233852      0.462085993      0.620459435        2.0027114  565  0.0015625
       1.91654343                0      0.582109455      0.468698194      0.610369539       2.01085893  564  0.0015625
       1.91385812                0      0.587998812      0.475352647      0.600297936       2.01896388  563  0.0015625
       1.91119963                0      0.593890895      0.482036698      0.590145808       2.02701386  562  0.0015625
       1.90856712                0      0.599778638      0.488742154      0.579850037       2.03500369  561  0.0015625
       1.90595989                0      0.605660317      0.495466946      0.569390481       2.04293671  560  0.0015625
       1.90337731                0         0.611539      0.502214506      0.558773775       2.05082293  559  0.0015625
       1.90081899                0      0.617420577       0.50899156        0.5480458       2.05867516  558  0.0015625
       1.89828464                0      0.623311736      0.515805836      0.537293191       2.06650551  557  0.0015625
       1.89577402                0      0.629218449      0.522664266      0.526614078       2.07432274  556  0.0015625
       1.89328685                0       0.63514414      0.529570862      0.516095217        2.0821304  555  0.0015625
       1.89082291                0      0.641088109      0.536524872      0.505799186       2.08992537  554  0.0015625
       1.88838196                0      0.647044593      0.543519569      0.495757593       2.09769751  553  0.0015625
       1.88596377                0      0.653002663      0.550542054      0.485961759       2.10543034  552  0.0015625
       1.88356804                0      0.658947569      0.557574644      0.476375334       2.11310311  551  0.0015625
       1.88119436                0      0.664863672      0.564598476      0.466955117       2.12069472  550  0.0015625
       1.87884219                0      0.670736898       0.57159618      0.457658237       2.12818752  549  0.0015625
       1.87651081                0      0.676557015      0.578554693       0.44844655       2.13556967  548  0.0015625
       1.87419944                0      0.682319594      0.585467757       0.43929196       2.14283737  547  0.0015625
       1.87190729                0      0.688027109      0.592337384      0.430177507       2.14999581  546  0.0015625
       1.86963362                0      0.693688632      0.599173681      0.421098537       2.15705848  545  0.0015625
       1.86737788                0      0.699318268      0.605993127      0.412060707       2.16404499  544  0.0015625
       1.86513967                0      0.704932904       0.61281592      0.403076236       2.17097802  543  0.0015625
       1.86291875                0      0.710549395      0.619662571      0.394160227       2.17787971  542  0.0015625
       1.86071502                0      0.716181979      0.626550687      0.385325913       2.18476847  541  0.0015625
       1.85852841                0      0.721840458      0.633492573      0.376578487       2.19165664  540  0.0015625
       1.85635889                0      0.727529222      0.640494063      0.367911304        2.1985495  539  0.0015625
       1.85420643                0      0.733246969      0.647553877      0.359312367       2.20544546  538  0.0015625
       1.85207093                0      0.738986908      0.654663798      0.350763045       2.21233646  537  0.0015625
       1.84995226                0      0.744738146      0.661810316      0.342248153       2.21920976  536  0.0015625
       1.84785021                0      0.750487804      0.668977233      0.333757549       2.22605049  535  0.0015625
       1.84576451                0      0.756223092      0.676148256      0.325287261       2.23284427  534  0.0015625
        1.8436948                0      0.761933164      0.683309351      0.316842179        2.2395793  533  0.0015625
       1.84164066                0      0.767610429      0.690450469      0.308435712       2.24624772  532  0.0015625
       1.83960166                0      0.773250979      0.697566147      0.300088899       2.25284609  531  0.0015625
       1.83757733                0      0.778854481      0.704655403      0.291820428       2.25937495  530  0.0015625
        1.8355673                0      0.784423398      0.711720885      0.283646779       2.26583775  529  0.0015625
       1.83357128                0       0.78996212      0.718767758      0.275578848       2.27223983  528  0.0015625
       1.83158903                0      0.795475741       0.72580221      0.267627711        2.2785871  527  0.0015625
       1.82962042                0      0.800968681      0.732829626      0.259802111       2.28488458  526  0.0015625
        1.8276653                0      0.806443962       0.73985365       0.25210237        2.2911356  525  0.0015625
       1.82572354                0      0.811902792      0.746875629      0.244520777       2.29734145  524  0.0015625
       1.82379495                0       0.81734479      0.753894869      0.237042502       2.30350179  523  0.0015625
       1.82187933                0      0.822768352      0.760909075      0.229648406       2.30961513  522  0.0015625
       1.81997643                0      0.828171325      0.767915213      0.222317789       2.31567968  521  0.0015625
       1.81808597                0      0.833551576      0.774910241      0.215031949         2.321694  520  0.0015625
       1.81620767                0      0.838907385      0.781891614      0.207777106       2.32765735  519  0.0015625
       1.81434125                0      0.844237709      0.788857671      0.200545969        2.3335699  518  0.0015625
       1.81248647                0      0.849542146      0.795807565      0.193335819       2.33943261  517  0.0015625
       1.81064312                0      0.854820569      0.802740841      0.186149182       2.34524672  516  0.0015625
       1.80881101                0       0.86007269      0.809656846      0.178998126       2.35101325  515  0.0015625
       1.80699001                0      0.865297328       0.81655372      0.171899431       2.35673218  514  0.0015625
          1.80518                0       0.87049195      0.823427818      0.164872664        2.3624018  513  0.0015625
       1.80338085                0      0.875652446      0.830273365      0.157935142       2.36801852  512  0.0015625
       1.80159246                0      0.880773032      0.837082305      0.151100443       2.37357682  511  0.0015625
       1.79981467                0      0.885846507      0.843844605      0.144377841       2.37906955  510  0.0015625
       1.79804732                0      0.890864528      0.850548609      0.137773438       2.38448833  509  0.0015625
       1.79629022                0      0.895818203      0.857181826      0.131291106       2.38982421  508  0.0015625
        1.7945431                0      0.900698554      0.863731517      0.124933067        2.3950683  507  0.0015625
       1.79280569                0      0.905496988      0.870185361      0.118699201       2.40021216  506  0.0015625
       1.79107768                0      0.910205748      0.876532089      0.112590921       2.40524835  505  0.0015625
       1.78935874                0      0.914818118      0.882761782      0.106611022       2.41017062  504  0.0015625
       1.78764857                0      0.919328529      0.888866047      0.100766246       2.41497397  503  0.0015625
       1.78594687                0      0.923732282      0.894837637     0.0950669826       2.41965448  502  0.0015625
       1.78425335                0      0.928025339       0.90067019     0.0895238968       2.42420887  501  0.0015625
       1.78256776                0       0.93220406      0.906357882     0.0841467867       2.42863428  500  0.0015625
       1.78088986                0      0.936264977      0.911895116     0.0789436344         2.432928  499  0.0015625
       1.77921941                0      0.940204667      0.917276349     0.0739199197       2.43708729  498  0.0015625
       1.77755617                0      0.944019672      0.922495985     0.0690785236       2.44110934  497  0.0015625
       1.77589987                0       0.94770653      0.927548411     0.0644200281       2.44499128  496  0.0015625
       1.77425025                0      0.951261864      0.932428127     0.0599434276       2.44873032  495  0.0015625
       1.77260701                0      0.954682525      0.937129942     0.0556469063       2.45232389  494  0.0015625
       1.77096985                0      0.957965725      0.941649173     0.0515286496        2.4557698  493  0.0015625
       1.76933845                0      0.961109164      0.945981822     0.0475874296       2.45906635  492  0.0015625
       1.76771252                0      0.964111124      0.950124707     0.0438228504       2.46221244  491  0.0015625
       1.76609175                0       0.96697053      0.954075579     0.0402352439       2.46520756  490  0.0015625
       1.76447588                0      0.969686972      0.957833141     0.0368265526       2.46805187  489  0.0015625
       1.76286463                0      0.972260633      0.961396955     0.0335992375       2.47074609  488  0.0015625
       1.76125775                0      0.974692243      0.964767382     0.0305548174       2.47329143  487  0.0015625
       1.75965498                0      0.976983015      0.967945497     0.0276935982       2.47568952  486  0.0015625
       1.75805609                0      0.979134613      0.970933049     0.0250143996       2.47794239  485  0.0015625
       1.75646082                0      0.981149128      0.973732424     0.0225145846       2.48005243  484  0.0015625
       1.75486893                0      0.983029071      0.976346644     0.0201901883        2.4820224  483  0.0015625
       1.75328018                0       0.98477738      0.978779368     0.0180362315       2.48385547  482  0.0015625
       1.75169431                0      0.986397431      0.981034914     0.0160470404       2.48555519  481  0.0015625
        1.7501111                0      0.987893055      0.983118279     0.0142164182       2.48712558  480  0.0015625
       1.74853031                0      0.989268525      0.985035121     0.0125379706       2.48857108  479  0.0015625
       1.74695173                0       0.99052854      0.986791736     0.0110051317       2.48989654  478  0.0015625
       1.74537515                0      0.991678189      0.988395005    0.00961118321       2.49110723  477  0.0015625
       1.74380039                0       0.99272289      0.989852303    0.00834922455       2.49220872  476  0.0015625
       1.74222727                0       0.99366832      0.991171402    0.00721212433       2.49320684  475  0.0015625
       1.74065562                0      0.994520334      0.992360351    0.00619253695        2.4941076  474  0.0015625
        1.7390853                0      0.995284886       0.99342737    0.00528278792       2.49491713  473  0.0015625
       1.73751615                0      0.995967956       0.99438073    0.00447508054       2.49564154  472  0.0015625
       1.73594804                0      0.996575479      0.995228664    0.00376153809       2.49628695  471  0.0015625
       1.73438086                0      0.997113292      0.995979284     0.0031343139       2.49685934  470  0.0015625
       1.73281448                0      0.997587088      0.996640512    0.00258575246       2.49736458  469  0.0015625
        1.7312488                0      0.998002379      0.997220028    0.00210847647       2.49780834  468  0.0015625
       1.72968373                0      0.998364467      0.997725227    0.00169553991       2.49819609  467  0.0015625
       1.72811918                0      0.998678419      0.998163183    0.00134033663       2.49853308  466  0.0015625
       1.72655507                0      0.998949051      0.998540621    0.00103673875        2.4988243  465  0.0015625
       1.72499134                0      0.999180907       0.99886389   0.000779079715       2.49907447  464  0.0015625
       1.72342794                0      0.999378248      0.999138947   0.000562065338       2.49928801  463  0.0015625
        1.7218648                0      0.999545043      0.999371341   0.000380827311       2.49946907  462  0.0015625
       1.72030189                0      0.999684962      0.999566205   0.000230862272       2.49962147  461  0.0015625
       1.71873916                0      0.999801377      0.999728253   0.000108071566       2.49974876  460  0.0015625
       1.71717658                0      0.999897364      0.999861787   8.70493682e-06       2.49985416  459  0.0015625
       1.71561412                0       0.99997571      0.999970706  -7.06740229e-05       2.49994059  458  0.0015625
       1.71405176                0       1.00003893       1.00005852  -0.000133056474       2.50001072  457  0.0015625
       1.71248947                0       1.00008926       1.00012837  -0.000181167031        2.5000669  456  0.0015625
       1.71092724                0        1.0001287       1.00018305  -0.000217386848       2.50011126  455  0.0015625
       1.70936505                0       1.00015901       1.00022501  -0.000243784018       2.50014568  454  0.0015625
       1.70780288                0       1.00018173       1.00025641  -0.000262176691        2.5001718  453  0.0015625
       1.70624074                0       1.00019821       1.00027912  -0.000274189733       2.50019105  452  0.0015625
       1.70467861                0       1.00020958       1.00029474   -0.00028138357       2.50020469  451  0.0015625
       1.70311649                0       1.00021683       1.00030464  -0.000285039716       2.50021376  450  0.0015625
       1.70155436                0       1.00022078       1.00030995  -0.000286065833       2.50021917  449  0.0015625
       1.69999224                0        1.0002221       1.00031164    -0.0002851088       2.50022165  448  0.0015625
       1.69843011                0       1.00022135       1.00031046  -0.000282679906       2.50022183  447  0.0015625
       1.69686797                0       1.00021899       1.00030704  -0.000279075562        2.5002202  446  0.0015625
       1.69530583                0       1.00021537       1.00030189  -0.000274478909       2.50021716  445  0.0015625
       1.69374368                0       1.00021078        1.0002954  -0.000269035727       2.50021302  444  0.0015625
       1.69218152                0       1.00020544       1.00028787  -0.000262822101       2.50020804  443  0.0015625
       1.69061936                0       1.00019953       1.00027955  -0.000255955916       2.50020242  442  0.0015625
       1.68905718                0       1.00019318       1.00027062  -0.000248534615       2.50019629  441  0.0015625
       1.68749499                0       1.00018651       1.00026125  -0.000240660121       2.50018979  440  0.0015625
       1.68593279                0        1.0001796       1.00025155   -0.00023242885       2.50018302  439  0.0015625
       1.68437058                0       1.00017253       1.00024162  -0.000223928051       2.50017604  438  0.0015625
       1.68280835                0       1.00016535       1.00023156  -0.000215234854       2.50016894  437  0.0015625
       1.68124612                0       1.00015813       1.00022143  -0.000206416168       2.50016176  436  0.0015625
       1.67968387                0       1.00015091       1.00021131  -0.000197531435       2.50015456  435  0.0015625
       1.67812161                0       1.00014373       1.00020124  -0.000188634149       2.50014737  434  0.0015625
       1.67655934                0       1.00013662       1.00019127  -0.000179772603       2.50014024  433  0.0015625
       1.67499706                0       1.00012962       1.00018146  -0.000170990196        2.5001332  432  0.0015625
       1.67343476                0       1.00012276       1.00017184  -0.000162325667       2.50012627  431  0.0015625
       1.67187246                0       1.00011605       1.00016243  -0.000153813232        2.5001195  430  0.0015625
       1.67031014                0       1.00010951       1.00015328  -0.000145482717       2.50011288  429  0.0015625
       1.66874781                0       1.00010317       1.00014439  -0.000137359774       2.50010645  428  0.0015625
       1.66718548                0       1.00009703       1.00013579  -0.000129466113       2.50010022  427  0.0015625
       1.66562313                0       1.00009112        1.0001275  -0.000121819764       2.50009419  426  0.0015625
       1.66406077                0       1.00008542       1.00011953  -0.000114435338       2.50008839  425  0.0015625
       1.66249841                0       1.00007996       1.00011187  -0.000107324294       2.50008281  424  0.0015625
       1.66093604                0       1.00007473       1.00010455  -0.000100495194       2.50007747  423  0.0015625
       1.65937365                0       1.00006974       1.00009756   -9.3953953e-05       2.50007236  422  0.0015625
       1.65781126                0       1.00006498        1.0000909  -8.77040772e-05       2.50006749  421  0.0015625
       1.65624886                0       1.00006047       1.00008458  -8.17468996e-05       2.50006285  420  0.0015625
       1.65468646                0       1.00005618       1.00007858  -7.60818042e-05       2.50005845  419  0.0015625
       1.65312405                0       1.00005213        1.0000729  -7.07064447e-05       2.50005427  418  0.0015625
       1.65156163                0        1.0000483       1.00006754  -6.56169518e-05       2.50005033  417  0.0015625
        1.6499992                0       1.00004469       1.00006249   -6.0808131e-05       2.50004661  416  0.0015625
       1.64843677                0        1.0000413       1.00005774  -5.62736479e-05        2.5000431  415  0.0015625
       1.64687434                0       1.00003811       1.00005328  -5.20062028e-05       2.50003981  414  0.0015625
        1.6453119                0       1.00003512        1.0000491   -4.7997692e-05       2.50003672  413  0.0015625
       1.64374945                0       1.00003233       1.00004519  -4.42393575e-05       2.50003382  412  0.0015625
         1.642187                0       1.00002972       1.00004154  -4.07219248e-05       2.50003112  411  0.0015625
       1.64062455                0       1.00002728       1.00003813  -3.74357279e-05       2.50002859  410  0.0015625
       1.63906209                0       1.00002502       1.00003496  -3.43708239e-05       2.50002624  409  0.0015625
       1.63749963                0       1.00002291       1.00003202  -3.15170946e-05       2.50002405  408  0.0015625
       1.63593716                0       1.00002096       1.00002929  -2.88643392e-05       2.50002201  407  0.0015625
        1.6343747                0       1.00001915       1.00002675  -2.64023551e-05       2.50002013  406  0.0015625
       1.63281223                0       1.00001747       1.00002441  -2.41210095e-05       2.50001838  405  0.0015625
       1.63124975                0       1.00001592       1.00002225  -2.20103016e-05       2.50001676  404  0.0015625
       1.62968728                0        1.0000145       1.00002025  -2.00604165e-05       2.50001527  403  0.0015625
        1.6281248                0       1.00001318       1.00001842  -1.82617701e-05        2.5000139  402  0.0015625
       1.62656232                0       1.00001198       1.00001673  -1.66050473e-05       2.50001263  401  0.0015625
       1.62499984                0       1.00001086       1.00001518  -1.50812332e-05       2.50001147  400  0.0015625
       1.62343735                0       1.00000985       1.00001375  -1.36816378e-05        2.5000104  399  0.0015625
       1.62187487                0       1.00000891       1.00001245  -1.23979153e-05       2.50000942  398  0.0015625
       1.62031238                0       1.00000806       1.00001126  -1.12220776e-05       2.50000853  397  0.0015625
        1.6187499                0       1.00000728       1.00001017  -1.01465043e-05       2.50000771  396  0.0015625
       1.61718741                0       1.00000657       1.00000917  -9.16394763e-06       2.50000696  395  0.0015625
       1.61562492                0       1.00000592       1.00000827  -8.26753433e-06       2.50000628  394  0.0015625
       1.61406243                0       1.00000533       1.00000744  -7.45076411e-06       2.50000566  393  0.0015625
       1.61249993                0        1.0000048       1.00000669  -6.70750561e-06       2.50000509  392  0.0015625
       1.61093744                0       1.00000431       1.00000601  -6.03198996e-06       2.50000458  391  0.0015625
       1.60937495                0       1.00000387        1.0000054   -5.4188023e-06       2.50000411  390  0.0015625
       1.60781245                0       1.00000347       1.00000484  -4.86287188e-06       2.50000369  389  0.0015625
       1.60624996                0       1.00000311       1.00000434  -4.35946066e-06       2.50000331  388  0.0015625
       1.60468746                0       1.00000278       1.00000388  -3.90415097e-06       2.50000296  387  0.0015625
       1.60312497                0       1.00000249       1.00000347   -3.4928324e-06       2.50000265  386  0.0015625
       1.60156247                0       1.00000222        1.0000031  -3.12168805e-06       2.50000237  385  0.0015625
       1.59999997                0       1.00000198       1.00000276  -2.78718046e-06       2.50000211  384  0.0015625
       1.59843748                0       1.00000177       1.00000246  -2.48603731e-06       2.50000189  383  0.0015625
       1.59687498                0       1.00000157       1.00000219  -2.21523711e-06       2.50000168  382  0.0015625
       1.59531248                0        1.0000014       1.00000195  -1.97199495e-06        2.5000015  381  0.0015625
       1.59374998                0       1.00000124       1.00000173  -1.75374837e-06       2.50000133  380  0.0015625
       1.59218749                0        1.0000011       1.00000154  -1.55814368e-06       2.50000118  379  0.0015625
       1.59062499                0       1.00000098       1.00000136  -1.38302242e-06       2.50000105  378  0.0015625
       1.58906249                0       1.00000087       1.00000121  -1.22640843e-06       2.50000093  377  0.0015625
       1.58749999                0       1.00000077       1.00000107  -1.08649529e-06       2.50000082  376  0.0015625
       1.58593749                0       1.00000068       1.00000095  -9.61634319e-07       2.50000073  375  0.0015625
       1.58437499                0        1.0000006       1.00000084  -8.50323046e-07       2.50000064  374  0.0015625
       1.58281249                0       1.00000053       1.00000074  -7.51194286e-07       2.50000057  373  0.0015625
       1.58124999                0       1.00000047       1.00000065  -6.63005783e-07        2.5000005  372  0.0015625
        1.5796875                0       1.00000041       1.00000057   -5.8463041e-07       2.50000044  371  0.0015625
         1.578125                0       1.00000036       1.00000051  -5.15046944e-07       2.50000039  370  0.0015625
        1.5765625                0       1.00000032       1.00000044  -4.53331376e-07       2.50000034  369  0.0015625
            1.575                0       1.00000028       1.00000039   -3.9864881e-07        2.5000003  368  0.0015625
        1.5734375                0       1.00000025       1.00000034   -3.5024586e-07       2.50000027  367  0.0015625
         1.571875                0       1.00000022        1.0000003  -3.07443603e-07       2.50000023  366  0.0015625
        1.5703125                0       1.00000019       1.00000026  -2.69631023e-07        2.5000002  365  0.0015625
          1.56875                0       1.00000017       1.00000023  -2.36258911e-07       2.50000018  364  0.0015625
        1.5671875                0       1.00000015        1.0000002   -2.0683423e-07       2.50000016  363  0.0015625
         1.565625                0       1.00000013       1.00000018  -1.80914913e-07       2.50000014  362  0.0015625
        1.5640625                0       1.00000011       1.00000015  -1.58105116e-07       2.50000012  361  0.0015625
           1.5625                0        1.0000001       1.00000013  -1.38050773e-07        2.5000001  360  0.0015625
        1.5609375                0       1.00000008       1.00000012  -1.20435608e-07       2.50000009  359  0.0015625
         1.559375                0       1.00000007        1.0000001  -1.04977403e-07       2.50000008  358  0.0015625
        1.5578125                0       1.00000006       1.00000009  -9.14246331e-08       2.50000007  357  0.0015625
          1.55625                0       1.00000006       1.00000008  -7.95533868e-08       2.50000006  356  0.0015625
        1.5546875                0       1.00000005       1.00000007  -6.91645711e-08       2.50000005  355  0.0015625
         1.553125                0       1.00000004       1.00000006    -6.008136e-08       2.50000005  354  0.0015625
        1.5515625                0       1.00000004       1.00000005  -5.21468619e-08       2.50000004  353  0.0015625
             1.55                0       1.00000003       1.00000004  -4.52220544e-08       2.50000003  352  0.0015625
        1.5484375                0       1.00000003       1.00000004  -3.91838448e-08       2.50000003  351  0.0015625
         1.546875                0       1.00000002       1.00000003  -3.39234006e-08       2.50000003  350  0.0015625
        1.5453125                0       1.00000002       1.00000003  -2.93445805e-08       2.50000002  349  0.0015625
          1.54375                0       1.00000002       1.00000002  -2.53625489e-08       2.50000002  348  0.0015625
        1.5421875                0       1.00000002       1.00000002  -2.19025251e-08       2.50000002  347  0.0015625
         1.540625                0       1.00000001       1.00000002  -1.88986569e-08       2.50000001  346  0.0015625
        1.5390625                0       1.00000001       1.00000002  -1.62930102e-08       2.50000001  345  0.0015625
           1.5375                0       1.00000001       1.00000001  -1.40346704e-08       2.50000001  344  0.0015625
        1.5359375                0       1.00000001       1.00000001  -1.20789431e-08       2.50000001  343  0.0015625
         1.534375                0       1.00000001       1.00000001  -1.03866205e-08       2.50000001  342  0.0015625
        1.5328125                0       1.00000001       1.00000001  -8.92334175e-09       2.50000001  341  0.0015625
          1.53125                0       1.00000001       1.00000001  -7.65902041e-09       2.50000001  340  0.0015625
        1.5296875                0                1       1.00000001   -6.5673354e-09       2.50000001  339  0.0015625
         1.528125                0                1       1.00000001  -5.62526849e-09              2.5  338  0.0015625
        1.5265625                0                1                1  -4.81272397e-09              2.5  337  0.0015625
            1.525                0                1                1  -4.11214208e-09              2.5  336  0.0015625
        1.5234375                0                1                1  -3.50820137e-09              2.5  335  0.0015625
         1.521875                0                1                1  -2.98752214e-09              2.5  334  0.0015625
        1.5203125                0                1                1  -2.53842476e-09              2.5  333  0.0015625
          1.51875                0                1                1  -2.15071675e-09              2.5  332  0.0015625
        1.5171875                0                1                1  -1.81547409e-09              2.5  331  0.0015625
         1.515625                0                1                1  -1.52489268e-09              2.5  330  0.0015625
        1.5140625                0                1                1  -1.27210412e-09              2.5  329  0.0015625
           1.5125                0                1                1  -1.05106335e-09              2.5  328  0.0015625
        1.5109375                0                1                1  -8.56403009e-10              2.5  327  0.0015625
         1.509375                0                1                1  -6.83336745e-10              2.5  326  0.0015625
        1.5078125                0                1                1  -5.27554747e-10              2.5  325  0.0015625
          1.50625                0                1                1  -3.85112999e-10              2.5  324  0.0015625
        1.5046875                0                1                1  -2.52371571e-10              2.5  323  0.0015625
         1.503125                0                1                1  -1.25891582e-10              2.5  322  0.0015625
        1.5015625                0                1                1  -2.37495241e-12              2.5  321  0.0015625
              1.5                0                1                1   1.21425181e-10              2.5  320  0.0015625
        1.4984375                0                1                1   2.48767664e-10              2.5  319  0.0015625
         1.496875                0                1                1   3.83005697e-10              2.5  318  0.0015625
        1.4953125                0                1                1   5.27665648e-10              2.5  317  0.0015625
          1.49375                0                1                1   6.86521336e-10              2.5  316  0.0015625
        1.4921875                0                1                1   8.63683851e-10              2.5  315  0.0015625
         1.490625                0                1                1   1.06369029e-09              2.5  314  0.0015625
        1.4890625                0                1                1   1.29161598e-09              2.5  313  0.0015625
           1.4875                0                1                1   1.55317113e-09              2.5  312  0.0015625
        1.4859375                0                1                1   1.85484105e-09              2.5  311  0.0015625
         1.484375                0                1                1   2.20401111e-09              2.5  310  0.0015625
        1.4828125                0                1                1    2.6091355e-09              2.5  309  0.0015625
          1.48125                0                1                1   3.07990372e-09              2.5  308  0.0015625
        1.4796875                0                1                1   3.62744634e-09              2.5  307  0.0015625
         1.478125                0                1                1   4.26456339e-09              2.5  306  0.0015625
        1.4765625                0                1                1   5.00596537e-09              2.5  305  0.0015625
            1.475                0                1       1.00000001    5.8685836e-09              2.5  304  0.0015625
        1.4734375                0                1       1.00000001   6.87188227e-09       2.50000001  303  0.0015625
         1.471875                0       1.00000001       1.00000001   8.03824555e-09       2.50000001  302  0.0015625
        1.4703125                0       1.00000001       1.00000001   9.39338066e-09       2.50000001  301  0.0015625
          1.46875                0       1.00000001       1.00000001    1.0966809e-08       2.50000001  300  0.0015625
        1.4671875                0       1.00000001       1.00000001   1.27924061e-08       2.50000001  299  0.0015625
         1.465625                0       1.00000001       1.00000001   1.49090052e-08       2.50000001  298  0.0015625
        1.4640625                0       1.00000001       1.00000002   1.73610996e-08       2.50000001  297  0.0015625
           1.4625                0       1.00000001       1.00000002   2.01996085e-08       2.50000002  296  0.0015625
        1.4609375                0       1.00000002       1.00000002   2.34827474e-08       2.50000002  295  0.0015625
         1.459375                0       1.00000002       1.00000003   2.72770293e-08       2.50000002  294  0.0015625
        1.4578125                0       1.00000002       1.00000003   3.16583704e-08       2.50000002  293  0.0015625
          1.45625                0       1.00000003       1.00000004   3.67133296e-08       2.50000003  292  0.0015625
        1.4546875                0       1.00000003       1.00000004   4.25405067e-08       2.50000003  291  0.0015625
         1.453125                0       1.00000003       1.00000005   4.92520989e-08       2.50000004  290  0.0015625
        1.4515625                0       1.00000004       1.00000006   5.69756532e-08       2.50000004  289  0.0015625
             1.45                0       1.00000005       1.00000006   6.58560156e-08       2.50000005  288  0.0015625
        1.4484375                0       1.00000005       1.00000007   7.60575279e-08       2.50000006  287  0.0015625
         1.446875                0       1.00000006       1.00000009   8.77664246e-08       2.50000007  286  0.0015625
        1.4453125                0       1.00000007        1.0000001   1.01193545e-07       2.50000008  285  0.0015625
          1.44375                0       1.00000008       1.00000011   1.16577337e-07       2.50000009  284  0.0015625
        1.4421875                0       1.00000009       1.00000013   1.34187161e-07        2.5000001  283  0.0015625
         1.440625                0       1.00000011       1.00000015   1.54327005e-07       2.50000012  282  0.0015625
        1.4390625                0       1.00000012       1.00000017   1.77339523e-07       2.50000013  281  0.0015625
           1.4375                0       1.00000014        1.0000002   2.03610553e-07       2.50000015  280  0.0015625
        1.4359375                0       1.00000016       1.00000023   2.33574062e-07       2.50000018  279  0.0015625
         1.434375                0       1.00000019       1.00000026   2.67717602e-07        2.5000002  278  0.0015625
        1.4328125                0       1.00000022        1.0000003   3.06588315e-07       2.50000023  277  0.0015625
          1.43125                0       1.00000025       1.00000034   3.50799491e-07       2.50000027  276  0.0015625
        1.4296875                0       1.00000028       1.00000039   4.01037787e-07        2.5000003  275  0.0015625
         1.428125                0       1.00000032       1.00000045   4.58071064e-07       2.50000035  274  0.0015625
        1.4265625                0       1.00000037       1.00000051   5.22757017e-07        2.5000004  273  0.0015625
            1.425                0       1.00000042       1.00000058   5.96052484e-07       2.50000045  272  0.0015625
       1.42343751                0       1.00000048       1.00000067   6.79023629e-07       2.50000052  271  0.0015625
       1.42187501                0       1.00000054       1.00000076   7.72856957e-07       2.50000059  270  0.0015625
       1.42031251                0       1.00000062       1.00000086   8.78871232e-07       2.50000067  269  0.0015625
       1.41875001                0        1.0000007       1.00000098   9.98530375e-07       2.50000076  268  0.0015625
       1.41718751                0        1.0000008       1.00000111   1.13345733e-06       2.50000086  267  0.0015625
       1.41562501                0       1.00000091       1.00000126   1.28544901e-06       2.50000098  266  0.0015625
       1.41406251                0       1.00000103       1.00000143   1.45649227e-06        2.5000011  265  0.0015625
       1.41250001                0       1.00000116       1.00000162   1.64878104e-06       2.50000125  264  0.0015625
       1.41093752                0       1.00000132       1.00000184   1.86473461e-06       2.50000141  263  0.0015625
       1.40937502                0       1.00000149       1.00000208     2.107017e-06        2.5000016  262  0.0015625
       1.40781252                0       1.00000168       1.00000235   2.37855764e-06        2.5000018  261  0.0015625
       1.40625002                0        1.0000019       1.00000265   2.68257312e-06       2.50000203  260  0.0015625
       1.40468753                0       1.00000214       1.00000298   3.02259012e-06       2.50000229  259  0.0015625
       1.40312503                0       1.00000241       1.00000336   3.40246959e-06       2.50000258  258  0.0015625
       1.40156253                0       1.00000271       1.00000378   3.82643191e-06        2.5000029  257  0.0015625
       1.40000004                0       1.00000305       1.00000425   4.29908321e-06       2.50000326  256  0.0015625
       1.39843754                0       1.00000343       1.00000478   4.82544258e-06       2.50000366  255  0.0015625
       1.39687505                0       1.00000385       1.00000536    5.4109702e-06        2.5000041  254  0.0015625
       1.39531256                0       1.00000431       1.00000601   6.06159622e-06        2.5000046  253  0.0015625
       1.39375006                0       1.00000483       1.00000673   6.78375022e-06       2.50000515  252  0.0015625
       1.39218757                0        1.0000054       1.00000754   7.58439103e-06       2.50000575  251  0.0015625
       1.39062508                0       1.00000604       1.00000842   8.47103682e-06       2.50000643  250  0.0015625
       1.38906259                0       1.00000674       1.00000941   9.45179501e-06       2.50000717  249  0.0015625
        1.3875001                0       1.00000752       1.00001049   1.05353919e-05         2.500008  248  0.0015625
       1.38593761                0       1.00000838        1.0000117   1.17312014e-05        2.5000089  247  0.0015625
       1.38437513                0       1.00000933       1.00001302   1.30492729e-05       2.50000991  246  0.0015625
       1.38281264                0       1.00001038       1.00001448   1.45003574e-05       2.50001101  245  0.0015625
       1.38125016                0       1.00001153       1.00001609   1.60959316e-05       2.50001222  244  0.0015625
       1.37968768                0       1.00001279       1.00001786   1.78482192e-05       2.50001356  243  0.0015625
        1.3781252                0       1.00001418        1.0000198   1.97702097e-05       2.50001502  242  0.0015625
       1.37656273                0       1.00001571       1.00002193   2.18756723e-05       2.50001663  241  0.0015625
       1.37500025                0       1.00001738       1.00002427    2.4179166e-05       2.50001838  240  0.0015625
       1.37343778                0       1.00001921       1.00002682   2.66960441e-05        2.5000203  239  0.0015625
       1.37187532                0        1.0000212       1.00002961   2.94424525e-05       2.50002239  238  0.0015625
       1.37031285                0       1.00002338       1.00003266   3.24353203e-05       2.50002468  237  0.0015625
       1.36875039                0       1.00002576       1.00003598   3.56923437e-05       2.50002716  236  0.0015625
       1.36718793                0       1.00002834       1.00003959   3.92319593e-05       2.50002987  235  0.0015625
       1.36562548                0       1.00003115       1.00004352   4.30733084e-05       2.50003281  234  0.0015625
       1.36406303                0        1.0000342       1.00004778   4.72361895e-05       2.50003599  233  0.0015625
       1.36250059                0        1.0000375        1.0000524   5.17409985e-05       2.50003944  232  0.0015625
       1.36093816                0       1.00004108        1.0000574   5.66086555e-05       2.50004317  231  0.0015625
       1.35937572                0       1.00004494        1.0000628   6.18605172e-05       2.50004719  230  0.0015625
        1.3578133                0       1.00004911       1.00006864   6.75182727e-05       2.50005153  229  0.0015625
       1.35625088                0        1.0000536       1.00007492   7.36038232e-05        2.5000562  228  0.0015625
       1.35468847                0       1.00005844       1.00008168   8.01391429e-05       2.50006123  227  0.0015625
       1.35312607                0       1.00006363       1.00008894   8.71461208e-05       2.50006662  226  0.0015625
       1.35156368                0        1.0000692       1.00009673   9.46463826e-05       2.50007239  225  0.0015625
        1.3500013                0       1.00007516       1.00010508   0.000102661091       2.50007857  224  0.0015625
       1.34843892                0       1.00008153       1.00011399   0.000111210726       2.50008516  223  0.0015625
       1.34687656                0       1.00008833       1.00012351   0.000120314837       2.50009219  222  0.0015625
       1.34531421                0       1.00009557       1.00013365   0.000129991779       2.50009967  221  0.0015625
       1.34375187                0       1.00010328       1.00014443   0.000140258423       2.50010762  220  0.0015625
       1.34218955                0       1.00011146       1.00015588   0.000151129839       2.50011605  219  0.0015625
       1.34062723                0       1.00012012       1.00016801   0.000162618961       2.50012496  218  0.0015625
       1.33906494                0       1.00012928       1.00018083   0.000174736226       2.50013438  217  0.0015625
       1.33750265                0       1.00013895       1.00019437   0.000187489195       2.50014431  216  0.0015625
       1.33594039                0       1.00014913       1.00020862   0.000200882146       2.50015475  215  0.0015625
       1.33437814                0       1.00015983       1.00022361   0.000214915658       2.50016572  214  0.0015625
       1.33281591                0       1.00017105       1.00023932   0.000229586169       2.50017719  213  0.0015625
        1.3312537                0       1.00018279       1.00025576   0.000244885525       2.50018919  212  0.0015625
        1.3296915                0       1.00019504       1.00027293   0.000260800521       2.50020169  211  0.0015625
       1.32812933                0        1.0002078        1.0002908    0.00027731243       2.50021469  210  0.0015625
       1.32656718                0       1.00022106       1.00030937   0.000294396524       2.50022817  209  0.0015625
       1.32500505                0       1.00023479        1.0003286   0.000312021603       2.50024212  208  0.0015625
       1.32344295                0       1.00024897       1.00034847   0.000330149494       2.50025649  207  0.0015625
       1.32188086                0       1.00026357       1.00036894   0.000348734571       2.50027128  206  0.0015625
       1.32031881                0       1.00027857       1.00038996   0.000367723265       2.50028643  205  0.0015625
       1.31875677                0       1.00029391       1.00041146   0.000387053611        2.5003019  204  0.0015625
       1.31719477                0       1.00030956        1.0004334    0.00040665484       2.50031765  203  0.0015625
       1.31563278                0       1.00032546       1.00045568   0.000426447094       2.50033361  202  0.0015625
       1.31407083                0       1.00034154       1.00047823   0.000446341233       2.50034971  201  0.0015625
        1.3125089                0       1.00035773       1.00050093    0.00046623871       2.50036589  200  0.0015625
         1.310947                0       1.00037396        1.0005237   0.000486031378       2.50038205  199  0.0015625
       1.30938512                0       1.00039014       1.00054638    0.00050560109       2.50039811  198  0.0015625
       1.30782327                0       1.00040616       1.00056886   0.000524818562       2.50041396  197  0.0015625
       1.30626145                0       1.00042191       1.00059096    0.00054354073       2.50042947  196  0.0015625
       1.30469965                0       1.00043726       1.00061251   0.000561605988       2.50044451  195  0.0015625
       1.30313788                0       1.00045207        1.0006333   0.000578829844       2.50045891  194  0.0015625
       1.30157613                0       1.00046614       1.00065308   0.000595016398        2.5004725  193  0.0015625
        1.3000144                0       1.00047928       1.00067155   0.000609951064       2.50048502  192  0.0015625
       1.29845269                0        1.0004912       1.00068834   0.000623428098       2.50049619  191  0.0015625
       1.29689101                0       1.00050158         1.000703   0.000635235214       2.50050563  190  0.0015625
       1.29532934                0       1.00050998       1.00071493   0.000645192169       2.50051288  189  0.0015625
       1.29376768                0        1.0005159        1.0007234   0.000653049496       2.50051735  188  0.0015625
       1.29220604                0       1.00051865        1.0007275   0.000658540318       2.50051831  187  0.0015625
       1.29064441                0       1.00051741       1.00072608   0.000661062713       2.50051486  186  0.0015625
       1.28908278                0       1.00051119       1.00071773   0.000659723838       2.50050588  185  0.0015625
       1.28752115                0       1.00049876       1.00070076   0.000653363582       2.50049004  184  0.0015625
        1.2859595                0       1.00047865       1.00067313   0.000640333893       2.50046576  183  0.0015625
       1.28439784                0       1.00044916       1.00063245    0.00061824981        2.5004312  182  0.0015625
       1.28283615                0        1.0004083       1.00057592   0.000584289878       2.50038421  181  0.0015625
       1.28127439                0       1.00035376       1.00050035   0.000535377712       2.50032234  180  0.0015625
       1.27971257                0       1.00028293       1.00040207   0.000468327371       2.50024282  179  0.0015625
       1.27815063                0        1.0001929       1.00027699    0.00037957464       2.50014256  178  0.0015625
       1.27658857                0       1.00008039       1.00012054   0.000265066024       2.50001811  177  0.0015625
       1.27502632                0      0.999941793      0.999927671   0.000120434236        2.4998657  176  0.0015625
       1.27346386                0      0.999773174      0.999692867  -5.91123852e-05       2.49968119  175  0.0015625
       1.27190113                0      0.999570251      0.999410138  -0.000278931348       2.49946012  174  0.0015625
       1.27033807                0      0.999328412      0.999073035  -0.000544710413        2.4991977  173  0.0015625
       1.26877462                0       0.99904273      0.998674665  -0.000862649226       2.49888881  172  0.0015625
        1.2672107                0      0.998707971      0.998207713   -0.00123941494       2.49852803  171  0.0015625
       1.26564621                0      0.998318617      0.997664468   -0.00168212957       2.49810965  170  0.0015625
       1.26408108                0      0.997868883      0.997036855   -0.00219843969       2.49762771  169  0.0015625
       1.26251518                0      0.997352751      0.996316482   -0.00279636734       2.49707602  168  0.0015625
        1.2609484                0      0.996764006      0.995494686   -0.00348410905       2.49644819  167  0.0015625
       1.25938061                0      0.996096274      0.994562603   -0.00427027681       2.49573767  166  0.0015625
       1.25781167                0      0.995343079      0.993511241   -0.00516340508       2.49493782  165  0.0015625
       1.25624143                0      0.994497912      0.992331581   -0.00617198007       2.49404197  164  0.0015625
       1.25466972                0      0.993554298      0.991014681   -0.00730436083       2.49304349  163  0.0015625
       1.25309638                0      0.992505891      0.989551802   -0.00856862002       2.49193588  162  0.0015625
        1.2515212                0      0.991346546      0.987934527   -0.00997264923       2.49071283  161  0.0015625
         1.249944                0      0.990070417      0.986154887    -0.0115240962       2.48936833  160  0.0015625
       1.24836456                0      0.988672025      0.984205472    -0.0132302196       2.48789677  159  0.0015625
       1.24678265                0      0.987146318       0.98207951    -0.0150983152       2.48629292  158  0.0015625
       1.24519803                0      0.985488718      0.979770936    -0.0171352449       2.48455205  157  0.0015625
       1.24361044                0      0.983695145      0.977274434    -0.0193474677       2.48266989  156  0.0015625
       1.24201963                0      0.981762023      0.974585441    -0.0217408427       2.48064268  155  0.0015625
       1.24042534                0      0.979686285      0.971700153    -0.0243202823       2.47846712  154  0.0015625
        1.2388273                0      0.977465366      0.968615517    -0.0270895675       2.47614038  153  0.0015625
       1.23722527                0      0.975097205      0.965329239    -0.0300509983       2.47366009  152  0.0015625
       1.23561898                0       0.97258027      0.961839805    -0.0332052412       2.47102433  151  0.0015625
       1.23400815                0      0.969913561      0.958146495    -0.0365517295       2.46823166  150  0.0015625
       1.23239253                0      0.967096671      0.954249457    -0.0400884809       2.46528118  149  0.0015625
       1.23077182                0      0.964129814      0.950149745    -0.0438127839       2.46217253  148  0.0015625
       1.22914572                0      0.961013882      0.945849384    -0.0477230355       2.45890605  147  0.0015625
       1.22751394                0      0.957750487      0.941351439    -0.0518188465       2.45548274  146  0.0015625
       1.22587614                0      0.954341888      0.936659904    -0.0561005733       2.45190423  145  0.0015625
       1.22423202                0      0.950790946      0.931779612    -0.0605689832       2.44817277  144  0.0015625
       1.22258125                0      0.947100985      0.926716049    -0.0652252498       2.44429105  143  0.0015625
       1.22092355                0      0.943275657      0.921475157    -0.0700702869       2.44026212  142  0.0015625
       1.21925863                0      0.939318839      0.916063176    -0.0751036973       2.43608923  141  0.0015625
       1.21758624                0       0.93523447      0.910486428    -0.0803233663       2.43177566  140  0.0015625
       1.21590612                0      0.931026509      0.904751245    -0.0857247397       2.42732467  139  0.0015625
       1.21421803                0      0.926698915       0.89886395    -0.0913008552       2.42273947  138  0.0015625
       1.21252169                0      0.922255739      0.892830979    -0.0970425831       2.41802332  137  0.0015625
       1.21081686                0      0.917701336       0.88665917     -0.102939122       2.41317975  136  0.0015625
       1.20910323                0       0.91304049      0.880355934     -0.108979647       2.40821275  135  0.0015625
       1.20738049                0      0.908278724      0.873929654     -0.115154558       2.40312715  134  0.0015625
       1.20564833                0      0.903422558      0.867390021      -0.12145946       2.39792891  133  0.0015625
       1.20390642                0      0.898479556      0.860748111     -0.127891849       2.39262519  132  0.0015625
       1.20215446                0      0.893458217      0.854016179     -0.134450528       2.38722422  131  0.0015625
       1.20039217                0      0.888367622      0.847207178      -0.14113401       2.38173496  130  0.0015625
       1.19861933                0      0.883217042      0.840334192     -0.147937885       2.37616662  129  0.0015625
       1.19683574                0      0.878015415      0.833409732     -0.154856534       2.37052819  128  0.0015625
       1.19504125                0      0.872770807      0.826445045     -0.161881935        2.3648277  127  0.0015625
       1.19323573                0      0.867490049      0.819449625     -0.169002181       2.35907181  126  0.0015625
       1.19141905                0      0.862178346      0.812430727     -0.176201649        2.3532653  125  0.0015625
        1.1895911                0      0.856839221      0.805393319     -0.183461598       2.34741102  124  0.0015625
       1.18775175                0      0.851474664      0.798340321     -0.190763708       2.34150992  123  0.0015625
       1.18590082                0      0.846085418      0.791272991     -0.198093989       2.33556147  122  0.0015625
       1.18403815                0        0.8406717      0.784191868      -0.20544675       2.32956456  121  0.0015625
       1.18216347                0      0.835233641      0.777097444     -0.212823161       2.32351789  120  0.0015625
       1.18027654                0      0.829771806      0.769990742     -0.220227797       2.31742074  119  0.0015625
       1.17837708                0      0.824287389      0.762873624     -0.227671266       2.31127314  118  0.0015625
       1.17646479                0      0.818782105      0.755748605     -0.235169874       2.30507597  117  0.0015625
       1.17453941                0      0.813257912      0.748618477     -0.242743198       2.29883063  116  0.0015625
       1.17260068                0      0.807716532        0.7414857     -0.250411323       2.29253857  115  0.0015625
       1.17064844                0      0.802158895      0.734351687     -0.258190962       2.28620062  114  0.0015625
       1.16868249                0      0.796584543      0.727216053     -0.266093147       2.27981624  113  0.0015625
       1.16670271                0      0.790991375       0.72007632     -0.274121435       2.27338315  112  0.0015625
       1.16470893                0      0.785375769      0.712928113     -0.282271075        2.2668973  111  0.0015625
       1.16270098                0      0.779733144      0.705765873     -0.290533417       2.26035351  110  0.0015625
       1.16067857                0      0.774059139      0.698584438     -0.298900287       2.25374661  109  0.0015625
       1.15864136                0      0.768350654      0.691380313      -0.30735625       2.24707261  108  0.0015625
       1.15658891                0      0.762607052      0.684153228     -0.315882118       2.24032998  107  0.0015625
        1.1545208                0      0.756830762      0.676906776     -0.324453604       2.23352051  106  0.0015625
       1.15243658                0      0.751027728      0.669648937      -0.33305231       2.22665006  105  0.0015625
       1.15033587                0      0.745207351      0.662391959     -0.341668725       2.21972861  104  0.0015625
       1.14821837                0      0.739381344      0.655150834     -0.350302202       2.21276905  103  0.0015625
       1.14608384                0      0.733562171      0.647941304     -0.358960137       2.20578548  102  0.0015625
       1.14393212                0      0.727761014      0.640777304     -0.367657059       2.19879074  101  0.0015625
       1.14176308                0      0.721985642      0.633668331     -0.376414182       2.19179384  100  0.0015625
       1.13957667                0      0.716238889      0.626617613     -0.385249795       2.18479815  99  0.0015625
        1.1373728                0      0.710518047      0.619621439      -0.39417816       2.17780048  98  0.0015625
       1.13515139                0      0.704815027       0.61266959     -0.403200228       2.17079068  97  0.0015625
       1.13291236                0      0.699116863      0.605745998     -0.412307735       2.16375211  96  0.0015625
       1.13065547                0       0.69340716       0.59883065     -0.421486933       2.15666336  95  0.0015625
        1.1283804                0      0.687668651      0.591902819     -0.430724828       2.14950145  94  0.0015625
       1.12608662                0      0.681885799      0.584944238     -0.440012482       2.14224507  93  0.0015625
       1.12377343                0      0.676047302      0.577942095     -0.449350089       2.13487797  92  0.0015625
       1.12144001                0      0.670147961      0.570891147      -0.45874829       2.12739152  91  0.0015625
       1.11908555                0      0.664189726      0.563794774     -0.468229171       2.11978625  90  0.0015625
       1.11670927                0      0.658180976       0.55666394     -0.477824873       2.11207132  89  0.0015625
       1.11431054                0      0.652135059      0.549515287     -0.487575782       2.10426322  88  0.0015625
       1.11188887                0      0.646068536      0.542368916     -0.497527455       2.09638377  87  0.0015625
       1.10944387                0       0.63999811      0.535244892     -0.507719637        2.0884558  86  0.0015625
       1.10697526                0      0.633937592      0.528159561     -0.518165171       2.08049916  85  0.0015625
       1.10448278                0      0.627895795      0.521123211     -0.528840129       2.07252781  84  0.0015625
       1.10196622                0      0.621876209      0.514139838     -0.539690686       2.06454861  83  0.0015625
       1.09942536                0      0.615877199      0.507207448     -0.550637199       2.05656055  82  0.0015625
       1.09685996                0      0.609892875      0.500319172     -0.561584113       2.04855534  81  0.0015625
       1.09426973                0      0.603914759      0.493465222     -0.572447461       2.04051888  80  0.0015625
       1.09165432                0      0.597933351      0.486634712     -0.583176193       2.03243369  79  0.0015625
       1.08901313                0        0.5919404      0.479818301     -0.593754943       2.02428263  78  0.0015625
       1.08634544                0      0.585931758      0.473011447     -0.604197873       2.01605399  77  0.0015625
       1.08365034                0      0.579908877      0.466216114     -0.614573854        2.0077443  76  0.0015625
       1.08092681                0      0.573878013      0.459439773     -0.624983418       1.99935834  75  0.0015625
       1.07817401                0       0.56784769      0.452692319     -0.635535088       1.99090613  74  0.0015625
       1.07539126                0      0.561824771      0.445981733     -0.646336778       1.98239811  73  0.0015625
       1.07257826                0      0.555810299      0.439309326     -0.657482948       1.97383829  72  0.0015625
       1.06973474                0      0.549795619      0.432665676     -0.669045956       1.96521829  71  0.0015625
       1.06686017                0      0.543761293      0.426029609     -0.681058185       1.95651428  70  0.0015625
       1.06395378                0      0.537679708      0.419371292     -0.693498055       1.94768909  69  0.0015625
       1.06101442                0      0.531520231       0.41265807     -0.706284957        1.9386986  68  0.0015625
       1.05804079                0      0.525257103       0.40586312      -0.71927759       1.92950239  67  0.0015625
       1.05503146                0      0.518876597      0.398973195     -0.732352976       1.92007483  66  0.0015625
       1.05198454                0      0.512382169      0.391994138     -0.745457704       1.91041375  65  0.0015625
       1.04889803                0      0.505795979      0.384952001     -0.758565253       1.90054462  64  0.0015625
       1.04576994                0      0.499157927      0.377891466     -0.771655691       1.89052175  63  0.0015625
       1.04259884                0      0.492523349      0.370872763     -0.784741289       1.88042585  62  0.0015625
       1.03938388                0      0.485955306      0.363962854       -0.7978545       1.87035281  61  0.0015625
       1.03612458                0      0.479512598      0.357222638     -0.811059619       1.86039545  60  0.0015625
       1.03282097                0      0.473236433      0.350692907     -0.824452472       1.85062135  59  0.0015625
       1.02947381                0      0.467139679      0.344383815     -0.838058113        1.8410549  58  0.0015625
       1.02608442                0      0.461199835        0.3382687     -0.851807181       1.83166265  57  0.0015625
       1.02265358                0      0.455356539      0.332282755     -0.865602428       1.82234852  56  0.0015625
       1.01918088                0      0.449522061      0.326334984      -0.87939788       1.81296969  55  0.0015625
       1.01566467                0      0.443599297      0.320327148     -0.893204696       1.80336316  54  0.0015625
       1.01210217                0      0.437501533      0.314174027     -0.907054823       1.79337909  53  0.0015625
       1.00848939                0      0.431170328      0.307820886     -0.921005598       1.78290969  52  0.0015625
       1.00482148                0      0.424587095      0.301254277     -0.935170105       1.77191068  51  0.0015625
       1.00109343                0      0.417777528      0.294505017     -0.949748495       1.76041096  50  0.0015625
      0.997301144                0      0.410807964      0.287643101     -0.965027663       1.74851103  49  0.0015625
      0.993440501                0      0.403769208      0.280760668     -0.981250148       1.73636144  48  0.0015625
       0.98950865                0      0.396751908      0.273947135     -0.998529509       1.72412136  47  0.0015625
      0.985505307                0      0.389816495      0.267260134      -1.01682912       1.71190678  46  0.0015625
      0.981431428                0      0.382973692      0.260708355      -1.03608729        1.6997512  45  0.0015625
      0.977286907                0      0.376184452      0.254253507      -1.05599229        1.6875974  44  0.0015625
       0.97306869                0      0.369390217      0.247840701      -1.07590463        1.6753465  43  0.0015625
      0.968772287                0      0.362557863      0.241440704      -1.09506948       1.66293101  42  0.0015625
      0.964395021                0      0.355703586      0.235070166      -1.11307123       1.65035622  41  0.0015625
      0.959932944                0      0.348880054      0.228778166      -1.13019012       1.63769389  40  0.0015625
      0.955382167                0      0.342164243      0.222634073      -1.14692188       1.62507188  39  0.0015625
      0.950741802                0      0.335644449      0.216714789      -1.16348893       1.61264978  38  0.0015625
      0.946011494                0      0.329397657      0.211084551      -1.17979651       1.60057067  37  0.0015625
      0.941192021                0       0.32345123      0.205761677      -1.19589729       1.58888074  36  0.0015625
      0.936288029                0       0.31773584      0.200678935      -1.21240944       1.57744081  35  0.0015625
        0.9312997                0      0.312051214      0.195657234      -1.23047848        1.5658691  34  0.0015625
      0.926220699                0      0.306103696      0.190442534      -1.25111728       1.55361507  33  0.0015625
      0.921038933                0      0.299594348      0.184784176      -1.27441891       1.54010312  32  0.0015625
      0.915737647                0      0.292316358      0.178519195      -1.29930428        1.5248938  31  0.0015625
      0.910292948                0      0.284248148      0.171649711      -1.32436449       1.50786517  30  0.0015625
      0.904678436                0      0.275622239      0.164393548      -1.34880442       1.48938241  29  0.0015625
      0.898874541                0      0.266885898      0.157137111      -1.37248662       1.47026761  28  0.0015625
      0.892875466                0      0.258492038       0.15025193      -1.39656407       1.45142912  27  0.0015625
      0.886685413                0      0.250643373      0.143891548      -1.42460484       1.43336729  26  0.0015625
      0.880305544                0      0.243190148      0.137924849      -1.45823049       1.41590993  25  0.0015625
      0.873731828                0      0.235796394      0.132082658      -1.49413436       1.39843397  24  0.0015625
      0.866953205                0      0.228162472      0.126134817      -1.52941122       1.38024785  23  0.0015625
      0.859933392                0      0.220195629      0.120020875      -1.56346983       1.36106464  22  0.0015625
      0.852651302                0      0.212247562      0.114019347      -1.59308074       1.34167526  21  0.0015625
      0.845075053                0      0.205004421       0.10863613      -1.61809035       1.32372332  20  0.0015625
      0.837274747                0      0.198560125      0.103898854      -1.64023664       1.30720046  19  0.0015625
      0.829229658                0      0.192314731     0.0993344959      -1.65944865       1.29021373  18  0.0015625
      0.820873353                0      0.185962951      0.094701974      -1.69025688       1.27168762  17  0.0015625
      0.812288412                0      0.177676131     0.0886974583      -1.73199787       1.24618148  16  0.0015625
      0.803110376                0      0.166199625     0.0805529153      -1.78695482       1.20934639  15  0.00156256358
      0.793170327                0      0.153361985     0.0716866852      -1.87070385       1.16593627  14  0.00156307241
      0.782363775                0      0.137047683      0.060885863      -1.96198875       1.10760025  13  0.00156479218
       0.76980556                0      0.114588643     0.0470332969      -2.10073515       1.02319865  12  0.0015688838
      0.754097803                0     0.0973020718     0.0371656351      -2.27795003       0.95346461  11  0.00157693729
      0.736144931                0      0.092972152     0.0346414626      -2.33430038      0.931255832  10  0.00159105034
      0.718398646                0     0.0947973379     0.0353648107      -2.34290237      0.932360238  9  0.0016139879
      0.700729897                0     0.0948238315     0.0352018607      -2.38972412      0.927639629  8  0.00164948454
      0.681548961                0     0.0940368065     0.0348118328      -2.45568393      0.925252008  7  0.00170250499
       0.66074427                0     0.0960139311     0.0361489215      -2.47614368       0.94121299  6  0.00177884838
      0.638491421                0      0.101372519     0.0396615284      -2.47587696      0.978088081  5  0.00188568061
      0.616876586                0      0.109064185     0.0452890087      -2.49585453       1.03807458  4  0.00203260639
      0.593931076                0      0.119240166     0.0538220075      -2.55119365       1.12841574  3  0.00223320733
      0.569515136                0       0.13372676     0.0670051337      -2.47169746        1.2526531  2  0.00250734574
       0.47114739                0      0.153846154     0.0906492741      -2.79946274        1.4730507  1  0.00288461538
