title='particle position' 
variables=x, y, Ux, Uy, rho, e, p, h=supportlength/2, m, V, ID 
      0.087509828           1.2375     0.0014584406   6.23008713e-06      0.999999998        2.5000263       1.00001052             0.05  0.000625026493  0.000625021911  200
     0.0625098255           1.2375    0.00145285249  -3.51905893e-06                1       2.50002632       1.00001053             0.05  0.000625026493  0.000625024731  199
     0.0375098262           1.2375    0.00145471479  -3.51890519e-06                1       2.50002631       1.00001053             0.05  0.000625026493  0.000625028275  198
     0.0125098238           1.2375    0.00144912624   6.23846497e-06      0.999999998       2.50002633       1.00001053             0.05  0.000625026493  0.000625031084  197
     0.0875228588           1.2125      0.003678267   -8.8817333e-07                1       2.50002348       1.00000939             0.05  0.000625026493  0.000625017882  196
     0.0625228587           1.2125    0.00367799948  -1.48998766e-07                1       2.50002348       1.00000939             0.05  0.000625026493  0.000625023146  195
      0.037522859           1.2125     0.0036788813    -1.486381e-07                1       2.50002348       1.00000939             0.05  0.000625026493  0.000625029854  194
     0.0125228589           1.2125    0.00367861448  -8.88732702e-07                1       2.50002348       1.00000939             0.05  0.000625026493  0.000625035113  193
     0.0875317439           1.1875     0.0053668193   -2.7107574e-07                1        2.5000149       1.00000596             0.05  0.000625026493  0.00062501385  192
     0.0625317439           1.1875    0.00536680086  -2.61203964e-09      0.999999999        2.5000149       1.00000596             0.05  0.000625026493  0.000625021566  191
      0.037531744           1.1875    0.00536699058  -2.28474519e-09      0.999999999        2.5000149       1.00000596             0.05  0.000625026493  0.000625031423  190
     0.0125317439           1.1875    0.00536697255  -2.70917171e-07                1        2.5000149       1.00000596             0.05  0.000625026493  0.00062503914  189
     0.0875379285           1.1625    0.00666695416  -6.99502912e-08                1       2.50000794       1.00000317             0.05  0.000625026493  0.000625010549  188
     0.0625379285           1.1625    0.00666694561  -2.48988622e-08      0.999999999       2.50000794       1.00000317             0.05  0.000625026493  0.000625020278  187
     0.0375379285           1.1625    0.00666695405  -2.48259514e-08      0.999999999       2.50000794       1.00000317             0.05  0.000625026493  0.000625032706  186
     0.0125379285           1.1625    0.00666694555  -6.98687086e-08                1       2.50000794       1.00000318             0.05  0.000625026493  0.000625042437  185
      0.087542143           1.1375    0.00764451405  -8.72114988e-08                1       2.50000397       1.00000159             0.05  0.000625026493  0.000625008044  184
      0.062542143           1.1375    0.00764451117  -9.60083783e-08                1       2.50000397       1.00000159             0.05  0.000625026493  0.000625019305  183
      0.037542143           1.1375    0.00764449561  -9.60234574e-08                1       2.50000397       1.00000159             0.05  0.000625026493  0.000625033678  182
      0.012542143           1.1375    0.00764449269  -8.72244368e-08                1       2.50000397       1.00000159             0.05  0.000625026493  0.000625044941  181
     0.0875449656           1.1125    0.00836466255  -8.28792436e-08                1       2.50000193       1.00000077             0.05  0.000625026493  0.000625006186  180
     0.0625449656           1.1125     0.0083646605  -8.13030122e-08                1       2.50000193       1.00000077             0.05  0.000625026493  0.000625018583  179
     0.0375449656           1.1125    0.00836465585  -8.13081414e-08                1       2.50000193       1.00000077             0.05  0.000625026493  0.000625034399  178
     0.0125449656           1.1125    0.00836465379  -8.28848476e-08                1       2.50000193       1.00000077             0.05  0.000625026493  0.000625046799  177
     0.0875468254           1.0875    0.00888507113  -5.60777537e-08                1        2.5000009       1.00000036             0.05  0.000625026493  0.000625004836  176
     0.0625468254           1.0875     0.0088850695  -5.27314554e-08                1        2.5000009       1.00000036             0.05  0.000625026493  0.000625018059  175
     0.0375468254           1.0875    0.00888506717  -5.27311122e-08                1        2.5000009       1.00000036             0.05  0.000625026493  0.000625034923  174
     0.0125468254           1.0875    0.00888506554  -5.60772287e-08                1        2.5000009       1.00000036             0.05  0.000625026493  0.000625048148  173
     0.0875480302           1.0625    0.00925367867  -3.95974219e-08                1       2.50000041       1.00000017             0.05  0.000625026493  0.000625003875  172
     0.0625480302           1.0625    0.00925367742  -3.69825277e-08                1       2.50000041       1.00000017             0.05  0.000625026493  0.000625017686  171
     0.0375480302           1.0625    0.00925367548  -3.69819673e-08                1       2.50000041       1.00000017             0.05  0.000625026493  0.000625035296  170
     0.0125480302           1.0625    0.00925367424  -3.95968251e-08                1       2.50000041       1.00000017             0.05  0.000625026493  0.00062504911  169
     0.0875487974           1.0375    0.00950953126  -2.78229348e-08                1       2.50000018       1.00000007             0.05  0.000625026493  0.000625003204  168
     0.0625487974           1.0375    0.00950953034  -2.60253979e-08                1       2.50000018       1.00000007             0.05  0.000625026493  0.000625017426  167
     0.0375487974           1.0375    0.00950952878  -2.60253353e-08                1       2.50000018       1.00000007             0.05  0.000625026493  0.000625035557  166
     0.0125487974           1.0375    0.00950952786  -2.78229941e-08                1       2.50000018       1.00000007             0.05  0.000625026493  0.000625049781  165
     0.0875492776           1.0125    0.00968357312  -1.84308707e-08                1       2.50000008       1.00000003             0.05  0.000625026493  0.000625002745  164
     0.0625492776           1.0125    0.00968357247  -1.71888117e-08                1       2.50000008       1.00000003             0.05  0.000625026493  0.000625017248  163
     0.0375492776           1.0125    0.00968357133  -1.71888414e-08                1       2.50000008       1.00000003             0.05  0.000625026493  0.000625035735  162
     0.0125492776           1.0125    0.00968357067  -1.84309939e-08                1       2.50000008       1.00000003             0.05  0.000625026493  0.000625050241  161
     0.0875495731           0.9875     0.0097995993  -1.18950808e-08                1       2.50000003       1.00000001             0.05  0.000625026493  0.000625002437  160
     0.0625495731           0.9875    0.00979959884  -1.10508096e-08                1       2.50000003       1.00000001             0.05  0.000625026493  0.000625017129  159
     0.0375495731           0.9875    0.00979959805  -1.10508385e-08                1       2.50000003       1.00000001             0.05  0.000625026493  0.000625035855  158
     0.0125495731           0.9875    0.00979959759  -1.18951721e-08                1       2.50000003       1.00000001             0.05  0.000625026493  0.00062505055  157
     0.0875497518           0.9625    0.00987540644  -7.60717462e-09                1       2.50000001       1.00000001             0.05  0.000625026493  0.000625002234  156
     0.0625497518           0.9625    0.00987540613  -7.04818372e-09                1       2.50000001       1.00000001             0.05  0.000625026493  0.00062501705  155
     0.0375497518           0.9625     0.0098754056  -7.04821549e-09                1       2.50000001       1.00000001             0.05  0.000625026493  0.000625035934  154
     0.0125497518           0.9625    0.00987540528  -7.60725664e-09                1       2.50000001       1.00000001             0.05  0.000625026493  0.000625050753  153
      0.087549858           0.9375    0.00992395215  -4.78030554e-09                1              2.5                1             0.05  0.000625026493  0.000625002103  152
      0.062549858           0.9375    0.00992395194  -4.41973237e-09                1              2.5                1             0.05  0.000625026493  0.000625016999  151
      0.037549858           0.9375    0.00992395158  -4.41975967e-09                1              2.5                1             0.05  0.000625026493  0.000625035985  150
      0.012549858           0.9375    0.00992395138  -4.78036938e-09                1              2.5                1             0.05  0.000625026493  0.000625050884  149
     0.0875499201           0.9125    0.00995442416   -2.9489903e-09                1              2.5                1             0.05  0.000625026493  0.00062500202  148
     0.0625499201           0.9125    0.00995442402  -2.72185441e-09                1              2.5                1             0.05  0.000625026493  0.000625016967  147
     0.0375499201           0.9125    0.00995442379  -2.72187375e-09                1              2.5                1             0.05  0.000625026493  0.000625036017  146
     0.0125499201           0.9125    0.00995442366  -2.94903364e-09                1              2.5                1             0.05  0.000625026493  0.000625050967  145
     0.0875499558           0.8875    0.00997317061  -1.79357942e-09                1              2.5                1             0.05  0.000625026493  0.000625001968  144
     0.0625499558           0.8875    0.00997317053  -1.65368594e-09                1              2.5                1             0.05  0.000625026493  0.000625016947  143
     0.0375499558           0.8875    0.00997317038  -1.65369906e-09                1              2.5                1             0.05  0.000625026493  0.000625036037  142
     0.0125499558           0.8875     0.0099731703  -1.79360811e-09                1              2.5                1             0.05  0.000625026493  0.000625051018  141
     0.0875499759           0.8625    0.00998446672  -1.07429573e-09                1              2.5                1             0.05  0.000625026493  0.000625001937  140
     0.0625499759           0.8625    0.00998446667  -9.90103977e-10                1              2.5                1             0.05  0.000625026493  0.000625016935  139
     0.0375499759           0.8625    0.00998446658  -9.90112675e-10                1              2.5                1             0.05  0.000625026493  0.000625036049  138
     0.0125499759           0.8625    0.00998446653  -1.07431441e-09                1              2.5                1             0.05  0.000625026493  0.00062505105  137
      0.087549987           0.8375    0.00999111691  -6.29431085e-10                1              2.5                1             0.05  0.000625026493  0.000625001919  136
      0.062549987           0.8375    0.00999111688  -5.80144484e-10                1              2.5                1             0.05  0.000625026493  0.000625016928  135
      0.037549987           0.8375    0.00999111683  -5.80149971e-10                1              2.5                1             0.05  0.000625026493  0.000625036056  134
      0.012549987           0.8375     0.0099911168  -6.29442719e-10                1              2.5                1             0.05  0.000625026493  0.000625051068  133
      0.087549993           0.8125    0.00999490731  -3.53993201e-10                1              2.5                1             0.05  0.000625026493  0.000625001908  132
      0.062549993           0.8125    0.00999490729  -3.26410541e-10                1              2.5                1             0.05  0.000625026493  0.000625016924  131
      0.037549993           0.8125    0.00999490725  -3.26413796e-10                1              2.5                1             0.05  0.000625026493  0.00062503606  130
      0.012549993           0.8125    0.00999490723  -3.54000049e-10                1              2.5                1             0.05  0.000625026493  0.000625051079  129
      0.087549996           0.7875     0.0099969301  -1.78176352e-10                1              2.5                1             0.05  0.000625026493  0.000625001902  128
      0.062549996           0.7875    0.00999693009  -1.64384982e-10                1              2.5                1             0.05  0.000625026493  0.000625016922  127
      0.037549996           0.7875    0.00999693007  -1.64386688e-10                1              2.5                1             0.05  0.000625026493  0.000625036062  126
      0.012549996           0.7875    0.00999693005  -1.78179929e-10                1              2.5                1             0.05  0.000625026493  0.000625051085  125
     0.0875499973           0.7625    0.00999780292  -5.40735789e-11                1              2.5                1             0.05  0.000625026493  0.0006250019  124
     0.0625499973           0.7625    0.00999780291  -4.99078589e-11                1              2.5                1             0.05  0.000625026493  0.000625016921  123
     0.0375499973           0.7625     0.0099978029   -4.9908392e-11                1              2.5                1             0.05  0.000625026493  0.000625036063  122
     0.0125499973           0.7625    0.00999780289   -5.4074684e-11                1              2.5                1             0.05  0.000625026493  0.000625051087  121
     0.0875499973           0.7375    0.00999780292   5.40735812e-11                1              2.5                1             0.05  0.000625026493  0.0006250019  120
     0.0625499973           0.7375    0.00999780291   4.99078609e-11                1              2.5                1             0.05  0.000625026493  0.000625016921  119
     0.0375499973           0.7375     0.0099978029   4.99083964e-11                1              2.5                1             0.05  0.000625026493  0.000625036063  118
     0.0125499973           0.7375    0.00999780289   5.40746904e-11                1              2.5                1             0.05  0.000625026493  0.000625051087  117
      0.087549996           0.7125     0.0099969301   1.78176359e-10                1              2.5                1             0.05  0.000625026493  0.000625001902  116
      0.062549996           0.7125    0.00999693009    1.6438499e-10                1              2.5                1             0.05  0.000625026493  0.000625016922  115
      0.037549996           0.7125    0.00999693007   1.64386695e-10                1              2.5                1             0.05  0.000625026493  0.000625036062  114
      0.012549996           0.7125    0.00999693005   1.78179935e-10                1              2.5                1             0.05  0.000625026493  0.000625051085  113
      0.087549993           0.6875    0.00999490731    3.5399321e-10                1              2.5                1             0.05  0.000625026493  0.000625001908  112
      0.062549993           0.6875    0.00999490729   3.26410549e-10                1              2.5                1             0.05  0.000625026493  0.000625016924  111
      0.037549993           0.6875    0.00999490725   3.26413805e-10                1              2.5                1             0.05  0.000625026493  0.00062503606  110
      0.012549993           0.6875    0.00999490723   3.54000059e-10                1              2.5                1             0.05  0.000625026493  0.000625051079  109
      0.087549987           0.6625    0.00999111691   6.29431089e-10                1              2.5                1             0.05  0.000625026493  0.000625001919  108
      0.062549987           0.6625    0.00999111688   5.80144492e-10                1              2.5                1             0.05  0.000625026493  0.000625016928  107
      0.037549987           0.6625    0.00999111683   5.80149976e-10                1              2.5                1             0.05  0.000625026493  0.000625036056  106
      0.012549987           0.6625     0.0099911168   6.29442726e-10                1              2.5                1             0.05  0.000625026493  0.000625051068  105
     0.0875499759           0.6375    0.00998446672   1.07429573e-09                1              2.5                1             0.05  0.000625026493  0.000625001937  104
     0.0625499759           0.6375    0.00998446667   9.90103981e-10                1              2.5                1             0.05  0.000625026493  0.000625016935  103
     0.0375499759           0.6375    0.00998446658   9.90112681e-10                1              2.5                1             0.05  0.000625026493  0.000625036049  102
     0.0125499759           0.6375    0.00998446653   1.07431441e-09                1              2.5                1             0.05  0.000625026493  0.00062505105  101
     0.0875499558           0.6125    0.00997317061   1.79357942e-09                1              2.5                1             0.05  0.000625026493  0.000625001968  100
     0.0625499558           0.6125    0.00997317053   1.65368594e-09                1              2.5                1             0.05  0.000625026493  0.000625016947  99
     0.0375499558           0.6125    0.00997317038   1.65369906e-09                1              2.5                1             0.05  0.000625026493  0.000625036037  98
     0.0125499558           0.6125     0.0099731703   1.79360812e-09                1              2.5                1             0.05  0.000625026493  0.000625051018  97
     0.0875499201           0.5875    0.00995442416    2.9489903e-09                1              2.5                1             0.05  0.000625026493  0.00062500202  96
     0.0625499201           0.5875    0.00995442402   2.72185441e-09                1              2.5                1             0.05  0.000625026493  0.000625016967  95
     0.0375499201           0.5875    0.00995442379   2.72187375e-09                1              2.5                1             0.05  0.000625026493  0.000625036017  94
     0.0125499201           0.5875    0.00995442366   2.94903364e-09                1              2.5                1             0.05  0.000625026493  0.000625050967  93
      0.087549858           0.5625    0.00992395215   4.78030553e-09                1              2.5                1             0.05  0.000625026493  0.000625002103  92
      0.062549858           0.5625    0.00992395194   4.41973235e-09                1              2.5                1             0.05  0.000625026493  0.000625016999  91
      0.037549858           0.5625    0.00992395158   4.41975966e-09                1              2.5                1             0.05  0.000625026493  0.000625035985  90
      0.012549858           0.5625    0.00992395138   4.78036936e-09                1              2.5                1             0.05  0.000625026493  0.000625050884  89
     0.0875497518           0.5375    0.00987540644    7.6071746e-09                1       2.50000001       1.00000001             0.05  0.000625026493  0.000625002234  88
     0.0625497518           0.5375    0.00987540613   7.04818371e-09                1       2.50000001       1.00000001             0.05  0.000625026493  0.00062501705  87
     0.0375497518           0.5375     0.0098754056   7.04821548e-09                1       2.50000001       1.00000001             0.05  0.000625026493  0.000625035934  86
     0.0125497518           0.5375    0.00987540528   7.60725662e-09                1       2.50000001       1.00000001             0.05  0.000625026493  0.000625050753  85
     0.0875495731           0.5125     0.0097995993   1.18950809e-08                1       2.50000003       1.00000001             0.05  0.000625026493  0.000625002437  84
     0.0625495731           0.5125    0.00979959884   1.10508096e-08                1       2.50000003       1.00000001             0.05  0.000625026493  0.000625017129  83
     0.0375495731           0.5125    0.00979959805   1.10508385e-08                1       2.50000003       1.00000001             0.05  0.000625026493  0.000625035855  82
     0.0125495731           0.5125    0.00979959759   1.18951722e-08                1       2.50000003       1.00000001             0.05  0.000625026493  0.00062505055  81
     0.0875492776           0.4875    0.00968357312   1.84308707e-08                1       2.50000008       1.00000003             0.05  0.000625026493  0.000625002745  80
     0.0625492776           0.4875    0.00968357247   1.71888117e-08                1       2.50000008       1.00000003             0.05  0.000625026493  0.000625017248  79
     0.0375492776           0.4875    0.00968357133   1.71888414e-08                1       2.50000008       1.00000003             0.05  0.000625026493  0.000625035735  78
     0.0125492776           0.4875    0.00968357067    1.8430994e-08                1       2.50000008       1.00000003             0.05  0.000625026493  0.000625050241  77
     0.0875487974           0.4625    0.00950953126   2.78229348e-08                1       2.50000018       1.00000007             0.05  0.000625026493  0.000625003204  76
     0.0625487974           0.4625    0.00950953034   2.60253979e-08                1       2.50000018       1.00000007             0.05  0.000625026493  0.000625017426  75
     0.0375487974           0.4625    0.00950952878   2.60253352e-08                1       2.50000018       1.00000007             0.05  0.000625026493  0.000625035557  74
     0.0125487974           0.4625    0.00950952786    2.7822994e-08                1       2.50000018       1.00000007             0.05  0.000625026493  0.000625049781  73
     0.0875480302           0.4375    0.00925367867   3.95974219e-08                1       2.50000041       1.00000017             0.05  0.000625026493  0.000625003875  72
     0.0625480302           0.4375    0.00925367742   3.69825277e-08                1       2.50000041       1.00000017             0.05  0.000625026493  0.000625017686  71
     0.0375480302           0.4375    0.00925367548   3.69819673e-08                1       2.50000041       1.00000017             0.05  0.000625026493  0.000625035296  70
     0.0125480302           0.4375    0.00925367424   3.95968251e-08                1       2.50000041       1.00000017             0.05  0.000625026493  0.00062504911  69
     0.0875468254           0.4125    0.00888507113   5.60777538e-08                1        2.5000009       1.00000036             0.05  0.000625026493  0.000625004836  68
     0.0625468254           0.4125     0.0088850695   5.27314556e-08                1        2.5000009       1.00000036             0.05  0.000625026493  0.000625018059  67
     0.0375468254           0.4125    0.00888506717   5.27311123e-08                1        2.5000009       1.00000036             0.05  0.000625026493  0.000625034923  66
     0.0125468254           0.4125    0.00888506554   5.60772289e-08                1        2.5000009       1.00000036             0.05  0.000625026493  0.000625048148  65
     0.0875449656           0.3875    0.00836466255   8.28792441e-08                1       2.50000193       1.00000077             0.05  0.000625026493  0.000625006186  64
     0.0625449656           0.3875     0.0083646605   8.13030127e-08                1       2.50000193       1.00000077             0.05  0.000625026493  0.000625018583  63
     0.0375449656           0.3875    0.00836465585   8.13081419e-08                1       2.50000193       1.00000077             0.05  0.000625026493  0.000625034399  62
     0.0125449656           0.3875    0.00836465379   8.28848482e-08                1       2.50000193       1.00000077             0.05  0.000625026493  0.000625046799  61
      0.087542143           0.3625    0.00764451405   8.72114988e-08                1       2.50000397       1.00000159             0.05  0.000625026493  0.000625008044  60
      0.062542143           0.3625    0.00764451117   9.60083784e-08                1       2.50000397       1.00000159             0.05  0.000625026493  0.000625019305  59
      0.037542143           0.3625    0.00764449561   9.60234574e-08                1       2.50000397       1.00000159             0.05  0.000625026493  0.000625033678  58
      0.012542143           0.3625    0.00764449269   8.72244366e-08                1       2.50000397       1.00000159             0.05  0.000625026493  0.000625044941  57
     0.0875379285           0.3375    0.00666695416   6.99502883e-08                1       2.50000794       1.00000317             0.05  0.000625026493  0.000625010549  56
     0.0625379285           0.3375    0.00666694561   2.48988592e-08      0.999999999       2.50000794       1.00000317             0.05  0.000625026493  0.000625020278  55
     0.0375379285           0.3375    0.00666695405    2.4825949e-08      0.999999999       2.50000794       1.00000317             0.05  0.000625026493  0.000625032706  54
     0.0125379285           0.3375    0.00666694555    6.9868706e-08                1       2.50000794       1.00000318             0.05  0.000625026493  0.000625042437  53
     0.0875317439           0.3125     0.0053668193   2.71075741e-07                1        2.5000149       1.00000596             0.05  0.000625026493  0.00062501385  52
     0.0625317439           0.3125    0.00536680086   2.61204037e-09      0.999999999        2.5000149       1.00000596             0.05  0.000625026493  0.000625021566  51
      0.037531744           0.3125    0.00536699058   2.28474719e-09      0.999999999        2.5000149       1.00000596             0.05  0.000625026493  0.000625031423  50
     0.0125317439           0.3125    0.00536697255   2.70917176e-07                1        2.5000149       1.00000596             0.05  0.000625026493  0.00062503914  49
     0.0875228588           0.2875      0.003678267   8.88173349e-07                1       2.50002348       1.00000939             0.05  0.000625026493  0.000625017882  48
     0.0625228587           0.2875    0.00367799948   1.48998785e-07                1       2.50002348       1.00000939             0.05  0.000625026493  0.000625023146  47
      0.037522859           0.2875     0.0036788813    1.4863812e-07                1       2.50002348       1.00000939             0.05  0.000625026493  0.000625029854  46
     0.0125228589           0.2875    0.00367861448   8.88732735e-07                1       2.50002348       1.00000939             0.05  0.000625026493  0.000625035113  45
      0.087509828      0.262499997     0.0014584406  -6.23008703e-06      0.999999998        2.5000263       1.00001052             0.05  0.000625026493  0.000625021911  44
     0.0625098255      0.262500001    0.00145285249    3.5190588e-06                1       2.50002632       1.00001053             0.05  0.000625026493  0.000625024731  43
     0.0375098262      0.262500001    0.00145471479   3.51890522e-06                1       2.50002631       1.00001053             0.05  0.000625026493  0.000625028275  42
     0.0125098238      0.262499997    0.00144912624  -6.23846522e-06      0.999999998       2.50002633       1.00001053             0.05  0.000625026493  0.000625031084  41
