title='particle position' 
variables=x, y, Ux, Uy, rho, e, p, h=supportlength/2, m, V, ID 
     0.0984108933       1.22500249     0.0118386957   3.83443589e-06      0.996044846       2.64985147       1.05574836             0.05  0.000625026493  0.00062747585  200
      0.073410864       1.22500257     0.0118386516   3.93252756e-06      0.996045152       2.64985536       1.05575023             0.05  0.000625026493  0.000627489648  199
     0.0484108654       1.22500259     0.0118386268   3.98358667e-06      0.996045227       2.64986182       1.05575289             0.05  0.000625026493  0.000627513957  198
     0.0234108716        1.2250025     0.0118386606   3.89474531e-06      0.996044918       2.64986645        1.0557544             0.05  0.000625026493  0.000627535657  197
     0.0086239664       1.19981157      0.023065359  -0.000403699006      0.993422185       2.65856093       1.05642936             0.05  0.000625026493  0.000629225199  196
      0.083623952       1.19981171     0.0230653609  -0.000403604277      0.993422345       2.65855249       1.05642618             0.05  0.000625026493  0.00062911489  195
     0.0586239341       1.19981179     0.0230652931  -0.000403437939      0.993422526       2.65856364        1.0564308             0.05  0.000625026493  0.000629152759  194
     0.0336239496       1.19981166     0.0230653362  -0.000403492412      0.993422371       2.65857375       1.05643465             0.05  0.000625026493  0.000629196723  193
     0.0182615624       1.17459257     0.0337130933  -0.000856467889      0.992651864       2.64358154       1.04966246             0.05  0.000625026493  0.000629726323  192
     0.0932615705       1.17459268      0.033713117  -0.000856646804      0.992651845       2.64356044       1.04965406             0.05  0.000625026493  0.000629567222  191
     0.0682615321       1.17459283     0.0337130495  -0.000856369425      0.992651915       2.64357374       1.04965941             0.05  0.000625026493  0.000629605164  190
     0.0432615439       1.17459273     0.0337130555  -0.000856252413      0.992651936       2.64358807       1.04966513             0.05  0.000625026493  0.000629669131  189
     0.0273085714       1.14940883     0.0437322699   -0.00124109356       0.99350415       2.62650696       1.04377822             0.05  0.000625026493  0.000629181695  188
    0.00230859462       1.14940887     0.0437322044   -0.00124140531       0.99350411       2.62648076       1.04376777             0.05  0.000625026493  0.000629229056  187
     0.0773085545       1.14940907     0.0437322634   -0.00124116759      0.993503987       2.62649097        1.0437717             0.05  0.000625026493  0.00062902368  186
     0.0523085518       1.14940902     0.0437322325   -0.00124091807      0.993504029       2.62650768       1.04377839             0.05  0.000625026493  0.000629099277  185
     0.0357692151       1.12426411     0.0531253009   -0.00155138248      0.994918087       2.61133019       1.03922385             0.05  0.000625026493  0.00062827127  184
     0.0107692347       1.12426409     0.0531252734   -0.00155175628      0.994918144       2.61130934       1.03921562             0.05  0.000625026493  0.000628348833  183
     0.0857692167       1.12426431     0.0531253485   -0.00155180205      0.994917884       2.61130896       1.03921519             0.05  0.000625026493  0.000628091198  182
     0.0607691981       1.12426432     0.0531252884   -0.00155141332      0.994917827       2.61132633       1.03922205             0.05  0.000625026493  0.000628169406  181
     0.0436532081       1.09915651     0.0619040198   -0.00178821907      0.996348842       2.59738072       1.03515891             0.05  0.000625026493  0.000627337074  180
     0.0186532291       1.09915644     0.0619039974   -0.00178850991      0.996349041         2.597365       1.03515285             0.05  0.000625026493  0.000627443956  179
     0.0936532315       1.09915663      0.061904067   -0.00178886571      0.996348733         2.597357       1.03514934             0.05  0.000625026493  0.000627155771  178
     0.0686531986       1.09915669     0.0619040485   -0.00178847073      0.996348533       2.59737377       1.03515582             0.05  0.000625026493  0.000627220994  177
      0.050966882       1.07408353     0.0700709645    -0.0019548873      0.997685255       2.58451291       1.03141217             0.05  0.000625026493  0.000626451373  176
     0.0259669031       1.07408343     0.0700709193   -0.00195513122      0.997685582       2.58450173       1.03140804             0.05  0.000625026493  0.00062658354  175
   0.000966919354       1.07408357      0.070070787   -0.00195553224      0.997685315       2.58448985       1.03140303             0.05  0.000625026493  0.000626660323  174
     0.0759668839       1.07408367     0.0700709933   -0.00195521596      0.997684987       2.58450426       1.03140844             0.05  0.000625026493  0.000626331818  173
     0.0577156065       1.04904222     0.0776262571   -0.00205590839      0.998909686       2.57268014       1.02795004             0.05  0.000625026493  0.000625647882  172
     0.0327156248        1.0490421     0.0776261777   -0.00205600395      0.998910087       2.57267268       1.02794748             0.05  0.000625026493  0.000625796004  171
    0.00771563589       1.04904219     0.0776260632     -0.002056438       0.99890992       2.57266345       1.02794362             0.05  0.000625026493  0.000625902861  170
     0.0827156189       1.04904231     0.0776262635   -0.00205634348      0.998909519       2.57267096       1.02794621             0.05  0.000625026493  0.000625528606  169
     0.0639043273        1.0240297     0.0845699342   -0.00209502411        1.0000154       2.56185538       1.02475793             0.05  0.000625026493  0.000624937515  168
     0.0389043403        1.0240296     0.0845698559   -0.00209497698       1.00001582       2.56185074       1.02475651             0.05  0.000625026493  0.000625098288  167
     0.0139043499       1.02402965     0.0845697312   -0.00209540504       1.00001577       2.56184392       1.02475373             0.05  0.000625026493  0.000625221237  166
      0.088904348       1.02402976     0.0845699461   -0.00209547644       1.00001535        2.5618465       1.02475433             0.05  0.000625026493  0.000624813417  165
     0.0695377837      0.999043068      0.090901697   -0.00207560954       1.00099924       2.55201773       1.02182712             0.05  0.000625026493  0.000624299294  164
      0.044537791      0.999042977     0.0909016111    -0.0020754299       1.00099964       2.55201513       1.02182649             0.05  0.000625026493  0.000624472153  163
     0.0195377986      0.999042999     0.0909015038   -0.00207580684       1.00099971       2.55201036       1.02182465             0.05  0.000625026493  0.000624612274  162
     0.0945378109      0.999043092      0.090901737    -0.0020760325        1.0009993       2.55200969       1.02182397             0.05  0.000625026493  0.00062417547  161
     0.0746204231      0.974079301     0.0966227269   -0.00200271694       1.00186082       2.54314882       1.01915247             0.05  0.000625026493  0.000623713305  160
     0.0496204235      0.974079232     0.0966225962   -0.00200242771       1.00186116       2.54314756       1.01915231             0.05  0.000625026493  0.000623892032  159
       0.02462043      0.974079236     0.0966225259   -0.00200268788       1.00186132       2.54314445       1.01915122             0.05  0.000625026493  0.000624056738  158
     0.0996204532      0.974079302     0.0966227257   -0.00200306136       1.00186097       2.54314197       1.01914988             0.05  0.000625026493  0.000623615405  157
     0.0791562795       0.94913543       0.10173466   -0.00188262778       1.00260287       2.53523401       1.01673316             0.05  0.000625026493  0.000623193732  156
     0.0541562738       0.94913538      0.101734538   -0.00188233136       1.00260312       2.53523356       1.01673323             0.05  0.000625026493  0.000623364533  155
     0.0291562788      0.949135373       0.10173445   -0.00188253891       1.00260333       2.53523167       1.01673268             0.05  0.000625026493  0.00062355402  154
     0.0041562994      0.949135418       0.10173434   -0.00188287535       1.00260307       2.53522979       1.01673167             0.05  0.000625026493  0.000623665386  153
     0.0831489602      0.924208597       0.10623953   -0.00172271298       1.00323187       2.52826419       1.01457409             0.05  0.000625026493  0.000622762372  152
     0.0581489511      0.924208565      0.106239454   -0.00172235552       1.00323204       2.52826415       1.01457424             0.05  0.000625026493  0.000622925366  151
     0.0331489531      0.924208555      0.106239325    -0.0017224346       1.00323225       2.52826312       1.01457404             0.05  0.000625026493  0.000623127811  150
    0.00814897128      0.924208583      0.106239232   -0.00172278408       1.00323209       2.52826191       1.01457339             0.05  0.000625026493  0.00062327739  149
     0.0866017056       0.89929613      0.110138598   -0.00152995822       1.00375672       2.52223477       1.01268404             0.05  0.000625026493  0.000622417703  148
      0.061601695      0.899296113      0.110138549   -0.00152960502        1.0037568       2.52223489       1.01268417             0.05  0.000625026493  0.000622580183  147
     0.0366016941      0.899296105       0.11013841   -0.00152959746       1.00375701        2.5222344       1.01268418             0.05  0.000625026493  0.000622790792  146
      0.011601709       0.89929612      0.110138285   -0.00152992924       1.00375692        2.5222337       1.01268381             0.05  0.000625026493  0.000622955453  145
     0.0895175363      0.874395621      0.113432277    -0.0013112834       1.00418722       2.51714381       1.01107346             0.05  0.000625026493  0.000622140601  144
      0.064517525      0.874395615      0.113432237   -0.00131097206       1.00418724       2.51714396       1.01107353             0.05  0.000625026493  0.000622307948  143
     0.0395175214      0.874395609      0.113432094   -0.00131093599       1.00418741       2.51714378       1.01107364             0.05  0.000625026493  0.000622524815  142
     0.0145175333      0.874395615      0.113431957     -0.001311228        1.0041874       2.51714344       1.01107349             0.05  0.000625026493  0.000622695451  141
     0.0918992218      0.849504886      0.116122244   -0.00107242784       1.00453168       2.51298862       1.00975067             0.05  0.000625026493  0.000621919742  140
     0.0668992098      0.849504886      0.116122196   -0.00107216962       1.00453163       2.51298872       1.00975066             0.05  0.000625026493  0.000622091416  139
     0.0418992037      0.849504882       0.11612205   -0.00107213112       1.00453179       2.51298872       1.00975082             0.05  0.000625026493  0.000622313526  138
     0.0168992135      0.849504883      0.116121918   -0.00107237309       1.00453184        2.5129886       1.00975082             0.05  0.000625026493  0.000622488826  137
     0.0937491561      0.824621913      0.118210943  -0.000818003911       1.00479537       2.50976424        1.0087198             0.05  0.000625026493  0.000621750653  136
     0.0687491432      0.824621916       0.11821089  -0.000817804721       1.00479528       2.50976425        1.0087197             0.05  0.000625026493  0.00062192571  135
     0.0437491352      0.824621914      0.118210741  -0.000817772114       1.00479541       2.50976434       1.00871988             0.05  0.000625026493  0.000622151895  134
     0.0187491437      0.824621912      0.118210614  -0.000817958547       1.00479551       2.50976436       1.00871999             0.05  0.000625026493  0.000622330843  133
     0.0950692119       0.79974474       0.11970111  -0.000551798592       1.00498166       2.50746539       1.00798269             0.05  0.000625026493  0.000621631201  132
     0.0700691983      0.799744743      0.119701052  -0.000551663045       1.00498152       2.50746532       1.00798252             0.05  0.000625026493  0.000621808683  131
     0.0450691889      0.799744743      0.119700902   -0.00055163997       1.00498165       2.50746543        1.0079827             0.05  0.000625026493  0.000622037777  130
     0.0200691965       0.79974474      0.119700778  -0.000551766742       1.00498178       2.50746555       1.00798288             0.05  0.000625026493  0.000622219335  129
     0.0958607153      0.774871412      0.120594498  -0.000277832331       1.00509261       2.50608781       1.00754014             0.05  0.000625026493  0.000621560053  128
     0.0708607013      0.774871414      0.120594438  -0.000277763709       1.00509245       2.50608768       1.00753993             0.05  0.000625026493  0.000621738993  127
     0.0458606909      0.774871413      0.120594288  -0.000277751816       1.00509257       2.50608781        1.0075401             0.05  0.000625026493  0.000621969831  126
      0.020860698      0.774871412      0.120594165  -0.000277815968       1.00509273       2.50608796       1.00754032             0.05  0.000625026493  0.000622152958  125
     0.0961244615             0.75      0.120892176   4.93877174e-17       1.00512945        2.5056289       1.00739256             0.05  0.000625026493  0.000621536427  124
     0.0711244473             0.75      0.120892116   5.14649855e-17       1.00512929       2.50562874       1.00739233             0.05  0.000625026493  0.000621715855  123
     0.0461244367             0.75      0.120891965    5.3165375e-17       1.00512941       2.50562887        1.0073925             0.05  0.000625026493  0.000621947274  122
     0.0211244437             0.75      0.120891843   4.58832035e-17       1.00512957       2.50562904       1.00739274             0.05  0.000625026493  0.000622130925  121
     0.0958607153      0.725128588      0.120594498   0.000277832331       1.00509261       2.50608781       1.00754014             0.05  0.000625026493  0.000621560053  120
     0.0708607013      0.725128586      0.120594438   0.000277763709       1.00509245       2.50608768       1.00753993             0.05  0.000625026493  0.000621738993  119
     0.0458606909      0.725128587      0.120594288   0.000277751816       1.00509257       2.50608781        1.0075401             0.05  0.000625026493  0.000621969831  118
      0.020860698      0.725128588      0.120594165   0.000277815968       1.00509273       2.50608796       1.00754032             0.05  0.000625026493  0.000622152958  117
     0.0950692119       0.70025526       0.11970111   0.000551798592       1.00498166       2.50746539       1.00798269             0.05  0.000625026493  0.000621631201  116
     0.0700691983      0.700255257      0.119701052   0.000551663045       1.00498152       2.50746532       1.00798252             0.05  0.000625026493  0.000621808683  115
     0.0450691889      0.700255257      0.119700902    0.00055163997       1.00498165       2.50746543        1.0079827             0.05  0.000625026493  0.000622037777  114
     0.0200691965       0.70025526      0.119700778   0.000551766742       1.00498178       2.50746555       1.00798288             0.05  0.000625026493  0.000622219335  113
     0.0937491561      0.675378087      0.118210943   0.000818003911       1.00479537       2.50976424        1.0087198             0.05  0.000625026493  0.000621750653  112
     0.0687491432      0.675378084       0.11821089   0.000817804721       1.00479528       2.50976425        1.0087197             0.05  0.000625026493  0.00062192571  111
     0.0437491352      0.675378086      0.118210741   0.000817772114       1.00479541       2.50976434       1.00871988             0.05  0.000625026493  0.000622151895  110
     0.0187491437      0.675378088      0.118210614   0.000817958547       1.00479551       2.50976436       1.00871999             0.05  0.000625026493  0.000622330843  109
     0.0918992218      0.650495114      0.116122244    0.00107242784       1.00453168       2.51298862       1.00975067             0.05  0.000625026493  0.000621919742  108
     0.0668992098      0.650495114      0.116122196    0.00107216962       1.00453163       2.51298872       1.00975066             0.05  0.000625026493  0.000622091416  107
     0.0418992037      0.650495118       0.11612205    0.00107213112       1.00453179       2.51298872       1.00975082             0.05  0.000625026493  0.000622313526  106
     0.0168992135      0.650495117      0.116121918    0.00107237309       1.00453184        2.5129886       1.00975082             0.05  0.000625026493  0.000622488826  105
     0.0895175363      0.625604379      0.113432277     0.0013112834       1.00418722       2.51714381       1.01107346             0.05  0.000625026493  0.000622140601  104
      0.064517525      0.625604385      0.113432237    0.00131097206       1.00418724       2.51714396       1.01107353             0.05  0.000625026493  0.000622307948  103
     0.0395175214      0.625604391      0.113432094    0.00131093599       1.00418741       2.51714378       1.01107364             0.05  0.000625026493  0.000622524815  102
     0.0145175333      0.625604385      0.113431957      0.001311228        1.0041874       2.51714344       1.01107349             0.05  0.000625026493  0.000622695451  101
     0.0866017056       0.60070387      0.110138598    0.00152995822       1.00375672       2.52223477       1.01268404             0.05  0.000625026493  0.000622417703  100
      0.061601695      0.600703887      0.110138549    0.00152960502        1.0037568       2.52223489       1.01268417             0.05  0.000625026493  0.000622580183  99
     0.0366016941      0.600703895       0.11013841    0.00152959746       1.00375701        2.5222344       1.01268418             0.05  0.000625026493  0.000622790792  98
      0.011601709       0.60070388      0.110138285    0.00152992924       1.00375692        2.5222337       1.01268381             0.05  0.000625026493  0.000622955453  97
     0.0831489602      0.575791403       0.10623953    0.00172271298       1.00323187       2.52826419       1.01457409             0.05  0.000625026493  0.000622762372  96
     0.0581489511      0.575791435      0.106239454    0.00172235552       1.00323204       2.52826415       1.01457424             0.05  0.000625026493  0.000622925366  95
     0.0331489531      0.575791445      0.106239325     0.0017224346       1.00323225       2.52826312       1.01457404             0.05  0.000625026493  0.000623127811  94
    0.00814897128      0.575791417      0.106239232    0.00172278408       1.00323209       2.52826191       1.01457339             0.05  0.000625026493  0.00062327739  93
     0.0791562795       0.55086457       0.10173466    0.00188262778       1.00260287       2.53523401       1.01673316             0.05  0.000625026493  0.000623193732  92
     0.0541562738       0.55086462      0.101734538    0.00188233136       1.00260312       2.53523356       1.01673323             0.05  0.000625026493  0.000623364533  91
     0.0291562788      0.550864627       0.10173445    0.00188253891       1.00260333       2.53523167       1.01673268             0.05  0.000625026493  0.00062355402  90
     0.0041562994      0.550864582       0.10173434    0.00188287535       1.00260307       2.53522979       1.01673167             0.05  0.000625026493  0.000623665386  89
     0.0746204231      0.525920699     0.0966227269    0.00200271694       1.00186082       2.54314882       1.01915247             0.05  0.000625026493  0.000623713305  88
     0.0496204235      0.525920768     0.0966225962    0.00200242771       1.00186116       2.54314756       1.01915231             0.05  0.000625026493  0.000623892032  87
       0.02462043      0.525920764     0.0966225259    0.00200268788       1.00186132       2.54314445       1.01915122             0.05  0.000625026493  0.000624056738  86
     0.0996204532      0.525920698     0.0966227257    0.00200306136       1.00186097       2.54314197       1.01914988             0.05  0.000625026493  0.000623615405  85
     0.0695377837      0.500956932      0.090901697    0.00207560954       1.00099924       2.55201773       1.02182712             0.05  0.000625026493  0.000624299294  84
      0.044537791      0.500957023     0.0909016111     0.0020754299       1.00099964       2.55201513       1.02182649             0.05  0.000625026493  0.000624472153  83
     0.0195377986      0.500957001     0.0909015038    0.00207580684       1.00099971       2.55201036       1.02182465             0.05  0.000625026493  0.000624612274  82
     0.0945378109      0.500956908      0.090901737     0.0020760325        1.0009993       2.55200969       1.02182397             0.05  0.000625026493  0.00062417547  81
     0.0639043273      0.475970295     0.0845699342    0.00209502411        1.0000154       2.56185538       1.02475793             0.05  0.000625026493  0.000624937515  80
     0.0389043403      0.475970404     0.0845698559    0.00209497698       1.00001582       2.56185074       1.02475651             0.05  0.000625026493  0.000625098288  79
     0.0139043499      0.475970354     0.0845697312    0.00209540504       1.00001577       2.56184392       1.02475373             0.05  0.000625026493  0.000625221237  78
      0.088904348      0.475970239     0.0845699461    0.00209547644       1.00001535        2.5618465       1.02475433             0.05  0.000625026493  0.000624813417  77
     0.0577156065      0.450957785     0.0776262571    0.00205590839      0.998909686       2.57268014       1.02795004             0.05  0.000625026493  0.000625647882  76
     0.0327156248      0.450957899     0.0776261777    0.00205600395      0.998910087       2.57267268       1.02794748             0.05  0.000625026493  0.000625796004  75
    0.00771563589      0.450957809     0.0776260632      0.002056438       0.99890992       2.57266345       1.02794362             0.05  0.000625026493  0.000625902861  74
     0.0827156189      0.450957687     0.0776262635    0.00205634348      0.998909519       2.57267096       1.02794621             0.05  0.000625026493  0.000625528606  73
      0.050966882      0.425916468     0.0700709645     0.0019548873      0.997685255       2.58451291       1.03141217             0.05  0.000625026493  0.000626451373  72
     0.0259669031      0.425916569     0.0700709193    0.00195513122      0.997685582       2.58450173       1.03140804             0.05  0.000625026493  0.00062658354  71
   0.000966919354      0.425916433      0.070070787    0.00195553224      0.997685315       2.58448985       1.03140303             0.05  0.000625026493  0.000626660323  70
     0.0759668839      0.425916328     0.0700709933    0.00195521596      0.997684987       2.58450426       1.03140844             0.05  0.000625026493  0.000626331818  69
     0.0436532081      0.400843489     0.0619040198    0.00178821907      0.996348842       2.59738072       1.03515891             0.05  0.000625026493  0.000627337074  68
     0.0186532291      0.400843564     0.0619039974    0.00178850991      0.996349041         2.597365       1.03515285             0.05  0.000625026493  0.000627443956  67
     0.0936532315      0.400843373      0.061904067    0.00178886571      0.996348733         2.597357       1.03514934             0.05  0.000625026493  0.000627155771  66
     0.0686531986      0.400843308     0.0619040485    0.00178847073      0.996348533       2.59737377       1.03515582             0.05  0.000625026493  0.000627220994  65
     0.0357692151      0.375735886     0.0531253009    0.00155138248      0.994918087       2.61133019       1.03922385             0.05  0.000625026493  0.00062827127  64
     0.0107692347      0.375735912     0.0531252734    0.00155175628      0.994918144       2.61130934       1.03921562             0.05  0.000625026493  0.000628348833  63
     0.0857692167      0.375735691     0.0531253485    0.00155180205      0.994917884       2.61130896       1.03921519             0.05  0.000625026493  0.000628091198  62
     0.0607691981      0.375735682     0.0531252884    0.00155141332      0.994917827       2.61132633       1.03922205             0.05  0.000625026493  0.000628169406  61
     0.0273085714      0.350591175     0.0437322699    0.00124109356       0.99350415       2.62650696       1.04377822             0.05  0.000625026493  0.000629181695  60
    0.00230859462      0.350591135     0.0437322044    0.00124140531       0.99350411       2.62648076       1.04376777             0.05  0.000625026493  0.000629229056  59
     0.0773085545       0.35059093     0.0437322634    0.00124116759      0.993503987       2.62649097        1.0437717             0.05  0.000625026493  0.00062902368  58
     0.0523085518       0.35059098     0.0437322325    0.00124091807      0.993504029       2.62650768       1.04377839             0.05  0.000625026493  0.000629099277  57
     0.0182615624      0.325407432     0.0337130933   0.000856467889      0.992651864       2.64358154       1.04966246             0.05  0.000625026493  0.000629726323  56
     0.0932615705      0.325407319      0.033713117   0.000856646804      0.992651845       2.64356044       1.04965406             0.05  0.000625026493  0.000629567222  55
     0.0682615321      0.325407168     0.0337130495   0.000856369425      0.992651915       2.64357374       1.04965941             0.05  0.000625026493  0.000629605164  54
     0.0432615439      0.325407272     0.0337130555   0.000856252413      0.992651936       2.64358807       1.04966513             0.05  0.000625026493  0.000629669131  53
     0.0086239664      0.300188432      0.023065359   0.000403699006      0.993422185       2.65856093       1.05642936             0.05  0.000625026493  0.000629225199  52
      0.083623952      0.300188288     0.0230653609   0.000403604277      0.993422345       2.65855249       1.05642618             0.05  0.000625026493  0.00062911489  51
     0.0586239341      0.300188213     0.0230652931   0.000403437939      0.993422526       2.65856364        1.0564308             0.05  0.000625026493  0.000629152759  50
     0.0336239496      0.300188337     0.0230653362   0.000403492412      0.993422371       2.65857375       1.05643465             0.05  0.000625026493  0.000629196723  49
     0.0984108933      0.274997514     0.0118386957  -3.83443589e-06      0.996044846       2.64985147       1.05574836             0.05  0.000625026493  0.00062747585  48
      0.073410864      0.274997428     0.0118386516  -3.93252757e-06      0.996045152       2.64985536       1.05575023             0.05  0.000625026493  0.000627489648  47
     0.0484108654      0.274997409     0.0118386268  -3.98358667e-06      0.996045227       2.64986182       1.05575289             0.05  0.000625026493  0.000627513957  46
     0.0234108716      0.274997497     0.0118386606  -3.89474531e-06      0.996044918       2.64986645        1.0557544             0.05  0.000625026493  0.000627535657  45
