title='particle position' 
variables=x, y, Ux, Uy, rho, e, p, h=supportlength/2, m, V, ID 
    0.00620107248      0.986585863    0.00668985013  -0.000452006061      0.934874458       3.09074261       1.15578253             0.05  0.000625026493  0.00066859471  160
     0.0812009438        0.9865862    0.00668979227  -0.000451912462       0.93487465       3.09073388        1.1557795             0.05  0.000625026493  0.00066855062  159
     0.0562007862       0.98658635    0.00668970366  -0.000451815124      0.934875247       3.09075676       1.15578879             0.05  0.000625026493  0.000668567582  158
     0.0312008859      0.986586044    0.00668976016  -0.000451886567      0.934875049       3.09077415       1.15579505             0.05  0.000625026493  0.000668585121  157
     0.0404240901       0.95979868     0.0189841892   -0.00133004819      0.939845278       3.04206482        1.1436281             0.05  0.000625026493  0.000665054432  156
     0.0154240163       0.95979871     0.0189841661   -0.00133020949      0.939845028       3.04203438       1.14361636             0.05  0.000625026493  0.000665081506  155
      0.090423872      0.959799009     0.0189841189   -0.00133023167      0.939844831       3.04202879       1.14361402             0.05  0.000625026493  0.000664987867  154
       0.06542393      0.959798992     0.0189840967   -0.00133006767      0.939845072       3.04206061       1.14362627             0.05  0.000625026493  0.000665017501  153
     0.0727931855      0.933291361      0.030571632   -0.00205958736      0.948297464       2.98346654        1.1316855             0.05  0.000625026493  0.00065905712  152
     0.0477931957      0.933291248     0.0305716186   -0.00205940723      0.948297602       2.98345907       1.13168283             0.05  0.000625026493  0.000659113794  151
     0.0227930501      0.933291329     0.0305715973   -0.00205954757      0.948297571       2.98344976       1.13167927             0.05  0.000625026493  0.000659165846  150
     0.0977930716      0.933291426     0.0305716206   -0.00205978581      0.948297438       2.98344669       1.13167794             0.05  0.000625026493  0.000659027199  149
    0.00314789107      0.907056576     0.0413485258   -0.00264894959      0.957798477       2.93109181       1.12295811             0.05  0.000625026493  0.00065267269  148
     0.0781478974      0.907056651     0.0413486144   -0.00264880485      0.957798396       2.93109109       1.12295774             0.05  0.000625026493  0.000652479636  147
     0.0531477978      0.907056698     0.0413485244   -0.00264853226      0.957798433       2.93109758       1.12296027             0.05  0.000625026493  0.000652547734  146
      0.028147784      0.907056637     0.0413485522   -0.00264865237       0.95779851       2.93110288       1.12296239             0.05  0.000625026493  0.000652624473  145
     0.0315472178      0.881086265      0.051363008   -0.00310280942      0.967172152       2.88344536       1.11551522             0.05  0.000625026493  0.000646293964  144
    0.00654725363      0.881086263      0.051362982   -0.00310317147        0.9671721       2.88342228       1.11550623             0.05  0.000625026493  0.000646366938  143
     0.0815471623      0.881086466      0.051363039   -0.00310317756      0.967171902       2.88342708       1.11550786             0.05  0.000625026493  0.000646121764  142
      0.056547138      0.881086454     0.0513629758   -0.00310279335       0.96717196       2.88344386       1.11551442             0.05  0.000625026493  0.000646198305  141
     0.0580346544      0.855362032      0.060655269    -0.0034358085       0.97609118       2.83933394       1.10857953             0.05  0.000625026493  0.000640277206  140
     0.0330346829      0.855361907     0.0606552553   -0.00343575502      0.976091426        2.8393228       1.10857546             0.05  0.000625026493  0.000640389635  139
    0.00803463027      0.855362016      0.060655186   -0.00343616182      0.976091314        2.8393106       1.10857057             0.05  0.000625026493  0.000640479374  138
     0.0830346033      0.855362144     0.0606552995   -0.00343625755      0.976091067       2.83932206       1.10857476             0.05  0.000625026493  0.000640191107  137
     0.0826366717      0.829865458     0.0692662207   -0.00366013125        0.9844863       2.79858718        1.1020683             0.05  0.000625026493  0.000634710782  136
     0.0576366811      0.829865401     0.0692661916   -0.00365965657      0.984486432       2.79858556        1.1020678             0.05  0.000625026493  0.00063480719  135
     0.0326366263       0.82986539     0.0692661154   -0.00365960873       0.98448666       2.79858225       1.10206676             0.05  0.000625026493  0.000634934625  134
    0.00763662886      0.829865442     0.0692660431    -0.0036600349      0.984486531       2.79857926       1.10206543             0.05  0.000625026493  0.000635036911  133
    0.00537510008      0.804580104     0.0772046493   -0.00377595379      0.992368308       2.76110674       1.09601393             0.05  0.000625026493  0.000630014848  132
     0.0803751032      0.804580163     0.0772048476   -0.00377593597      0.992368071       2.76110462       1.09601283             0.05  0.000625026493  0.000629658553  131
     0.0553750399      0.804580197     0.0772048084   -0.00377548086       0.99236819       2.76110797       1.09601429             0.05  0.000625026493  0.000629769542  130
     0.0303750277      0.804580142     0.0772047194    -0.0037755238      0.992368426       2.76111107       1.09601578             0.05  0.000625026493  0.0006299092  129
      0.026272627      0.779488298     0.0844636112   -0.00379809213      0.999744752         2.726893       1.09047879             0.05  0.000625026493  0.000625303023  128
    0.00127267608      0.779488323     0.0844635836   -0.00379851549      0.999744587       2.72687997        1.0904734             0.05  0.000625026493  0.000625390623  127
     0.0762726078      0.779488458      0.084463742    -0.0037982916      0.999744319       2.72688467       1.09047498             0.05  0.000625026493  0.000625021661  126
       0.05127258       0.77948843     0.0844637249   -0.00379791435      0.999744484       2.72689217       1.09047816             0.05  0.000625026493  0.000625155206  125
     0.0453558484      0.754574527     0.0910384006   -0.00374244414       1.00662843       2.69593494        1.0855219             0.05  0.000625026493  0.000620933289  124
     0.0203558819      0.754574457      0.091038276   -0.00374269765       1.00662866       2.69592705       1.08551897             0.05  0.000625026493  0.000621079757  123
     0.0953558644      0.754574591     0.0910384977   -0.00374312814       1.00662836       2.69592162       1.08551646             0.05  0.000625026493  0.000620689454  122
     0.0703558281      0.754574656     0.0910384297   -0.00374276745       1.00662814       2.69593027        1.0855197             0.05  0.000625026493  0.000620775575  121
      0.062651309      0.729825691     0.0969521113   -0.00362710526       1.01301381       2.66814797        1.0811483             0.05  0.000625026493  0.000616901036  120
       0.03765132      0.729825594     0.0969520208   -0.00362701302        1.0130142       2.66814443       1.08114728             0.05  0.000625026493  0.000617074086  119
     0.0126513138      0.729825638     0.0969519035   -0.00362741036       1.01301424       2.66813955       1.08114534             0.05  0.000625026493  0.000617210016  118
     0.0876513045      0.729825744      0.096952127   -0.00362753443       1.01301384       2.66814185       1.08114585             0.05  0.000625026493  0.000616773909  117
     0.0781807336      0.705229721      0.102235874   -0.00344240784       1.01883665       2.64334994       1.07725672             0.05  0.000625026493  0.000613268374  116
     0.0531807307      0.705229665      0.102235816   -0.00344207514       1.01883685       2.64334898       1.07725654             0.05  0.000625026493  0.000613429171  115
     0.0281807118      0.705229659      0.102235687   -0.00344223227       1.01883716       2.64334698       1.07725606             0.05  0.000625026493  0.000613608777  114
    0.00318073358      0.705229709      0.102235616   -0.00344262453       1.01883697       2.64334527       1.07725515             0.05  0.000625026493  0.00061371638  113
     0.0919592215      0.680769715      0.106917982   -0.00318361939       1.02405452        2.6213949       1.07378052             0.05  0.000625026493  0.000610087883  112
     0.0669592098       0.68076971      0.106917958   -0.00318322655       1.02405441       2.62139502       1.07378045             0.05  0.000625026493  0.000610199054  111
     0.0419591815      0.680769701      0.106917853   -0.00318305522       1.02405473       2.62139487       1.07378072             0.05  0.000625026493  0.000610385668  110
     0.0169591921      0.680769701      0.106917724   -0.00318334209       1.02405485       2.62139461       1.07378074             0.05  0.000625026493  0.000610553593  109
    0.00399554045      0.656425247      0.111009926   -0.00286253651         1.028658       2.60221793       1.07071692             0.05  0.000625026493  0.000607876461  108
     0.0789955344      0.656425274      0.111010245    -0.0028623528       1.02865769       2.60221744       1.07071639             0.05  0.000625026493  0.000607397352  107
     0.0539955001      0.656425287      0.111010182   -0.00286206795        1.0286578       2.60221807       1.07071677             0.05  0.000625026493  0.000607570048  106
     0.0289954992      0.656425264      0.111010038   -0.00286219796       1.02865811        2.6022189       1.07071743             0.05  0.000625026493  0.000607762326  105
     0.0142940247       0.63217982      0.114519256   -0.00250148038       1.03270794       2.58587408       1.06818108             0.05  0.000625026493  0.000605475931  104
     0.0892940464      0.632179847      0.114519553   -0.00250158475        1.0327076       2.58587227       1.06817998             0.05  0.000625026493  0.000604972838  103
     0.0642940088      0.632179883      0.114519505   -0.00250127718       1.03270746       2.58587294       1.06818011             0.05  0.000625026493  0.000605119637  102
     0.0392939973      0.632179859      0.114519385   -0.00250120364       1.03270779       2.58587421       1.06818098             0.05  0.000625026493  0.00060531954  101
     0.0228539748      0.608022854      0.117441144    -0.0021106051       1.03621608        2.5723976        1.0662239             0.05  0.000625026493  0.000603391005  100
     0.0978540163      0.608022864      0.117441389   -0.00211084705       1.03621585       2.57239561       1.06622284             0.05  0.000625026493  0.000602901224  99
     0.0728539796      0.608022912      0.117441383   -0.00211064692       1.03621552         2.572396       1.06622266             0.05  0.000625026493  0.000603007075  98
     0.0478539601      0.608022901      0.117441276   -0.00211046804       1.03621574       2.57239718       1.06622338             0.05  0.000625026493  0.000603205358  97
     0.0296796661       0.58394244      0.119763012   -0.00169061556       1.03909002       2.56172418       1.06474481             0.05  0.000625026493  0.00060167054  96
    0.00467970667      0.583942437      0.119762872   -0.00169079148       1.03908994       2.56172293       1.06474422             0.05  0.000625026493  0.000601794103  95
     0.0796796864      0.583942481      0.119763241   -0.00169070895       1.03908952       2.56172272       1.06474369             0.05  0.000625026493  0.000601282456  94
     0.0546796625      0.583942482      0.119763161   -0.00169054705       1.03908959       2.56172354        1.0647441             0.05  0.000625026493  0.000601465883  93
     0.0347828099      0.559923096      0.121491336   -0.00123401496       1.04120497       2.55373178       1.06358329             0.05  0.000625026493  0.000600404523  92
    0.00978284383      0.559923088      0.121491197   -0.00123415006       1.04120503       2.55373124       1.06358312             0.05  0.000625026493  0.000600563542  91
     0.0847828402       0.55992312      0.121491537    -0.0012341706       1.04120459       2.55373076       1.06358248             0.05  0.000625026493  0.000600026803  90
     0.0597828149      0.559923126      0.121491491   -0.00123401568       1.04120454       2.55373117       1.06358259             0.05  0.000625026493  0.000600193883  89
     0.0381762441      0.535942261      0.122635412  -0.000747097795       1.04248518       2.54831377       1.06263174             0.05  0.000625026493  0.000599650129  88
     0.0131762734      0.535942255      0.122635258   -0.00074718728       1.04248533       2.54831365       1.06263184             0.05  0.000625026493  0.00059982082  87
     0.0881762796      0.535942273      0.122635585  -0.000747230941       1.04248491       2.54831317       1.06263121             0.05  0.000625026493  0.000599276643  86
     0.0631762545      0.535942279      0.122635557  -0.000747123252       1.04248477       2.54831326       1.06263111             0.05  0.000625026493  0.000599437412  85
     0.0398703505      0.511979375      0.123207455  -0.000249657247       1.04305614       2.54555126       1.06206115             0.05  0.000625026493  0.0005993197  84
     0.0148703776      0.511979373      0.123207298  -0.000249689464       1.04305632       2.54555133       1.06206136             0.05  0.000625026493  0.00059949239  83
     0.0898703884      0.511979379      0.123207621  -0.000249707862       1.04305593        2.5455509       1.06206078             0.05  0.000625026493  0.000598944566  82
     0.0648703638      0.511979381      0.123207598  -0.000249669869       1.04305574       2.54555083       1.06206057             0.05  0.000625026493  0.000599105914  81
     0.0398703505      0.488020625      0.123207455   0.000249657247       1.04305614       2.54555126       1.06206115             0.05  0.000625026493  0.0005993197  80
     0.0148703776      0.488020627      0.123207298   0.000249689464       1.04305632       2.54555133       1.06206136             0.05  0.000625026493  0.00059949239  79
     0.0898703884      0.488020621      0.123207621   0.000249707862       1.04305593        2.5455509       1.06206078             0.05  0.000625026493  0.000598944566  78
     0.0648703638      0.488020619      0.123207598   0.000249669869       1.04305574       2.54555083       1.06206057             0.05  0.000625026493  0.000599105914  77
     0.0381762441      0.464057739      0.122635412   0.000747097795       1.04248518       2.54831377       1.06263174             0.05  0.000625026493  0.000599650129  76
     0.0131762734      0.464057745      0.122635258    0.00074718728       1.04248533       2.54831365       1.06263184             0.05  0.000625026493  0.00059982082  75
     0.0881762796      0.464057727      0.122635585   0.000747230941       1.04248491       2.54831317       1.06263121             0.05  0.000625026493  0.000599276643  74
     0.0631762545      0.464057721      0.122635557   0.000747123252       1.04248477       2.54831326       1.06263111             0.05  0.000625026493  0.000599437412  73
     0.0347828099      0.440076904      0.121491336    0.00123401496       1.04120497       2.55373178       1.06358329             0.05  0.000625026493  0.000600404523  72
    0.00978284383      0.440076912      0.121491197    0.00123415006       1.04120503       2.55373124       1.06358312             0.05  0.000625026493  0.000600563542  71
     0.0847828402       0.44007688      0.121491537     0.0012341706       1.04120459       2.55373076       1.06358248             0.05  0.000625026493  0.000600026803  70
     0.0597828149      0.440076874      0.121491491    0.00123401568       1.04120454       2.55373117       1.06358259             0.05  0.000625026493  0.000600193883  69
     0.0296796661       0.41605756      0.119763012    0.00169061556       1.03909002       2.56172418       1.06474481             0.05  0.000625026493  0.00060167054  68
    0.00467970667      0.416057563      0.119762872    0.00169079148       1.03908994       2.56172293       1.06474422             0.05  0.000625026493  0.000601794103  67
     0.0796796864      0.416057519      0.119763241    0.00169070895       1.03908952       2.56172272       1.06474369             0.05  0.000625026493  0.000601282456  66
     0.0546796625      0.416057518      0.119763161    0.00169054705       1.03908959       2.56172354        1.0647441             0.05  0.000625026493  0.000601465883  65
     0.0228539748      0.391977146      0.117441144     0.0021106051       1.03621608        2.5723976        1.0662239             0.05  0.000625026493  0.000603391005  64
     0.0978540163      0.391977136      0.117441389    0.00211084705       1.03621585       2.57239561       1.06622284             0.05  0.000625026493  0.000602901224  63
     0.0728539796      0.391977088      0.117441383    0.00211064692       1.03621552         2.572396       1.06622266             0.05  0.000625026493  0.000603007075  62
     0.0478539601      0.391977099      0.117441276    0.00211046804       1.03621574       2.57239718       1.06622338             0.05  0.000625026493  0.000603205358  61
     0.0142940247       0.36782018      0.114519256    0.00250148038       1.03270794       2.58587408       1.06818108             0.05  0.000625026493  0.000605475931  60
     0.0892940464      0.367820153      0.114519553    0.00250158475        1.0327076       2.58587227       1.06817998             0.05  0.000625026493  0.000604972838  59
     0.0642940088      0.367820117      0.114519505    0.00250127718       1.03270746       2.58587294       1.06818011             0.05  0.000625026493  0.000605119637  58
     0.0392939973      0.367820141      0.114519385    0.00250120364       1.03270779       2.58587421       1.06818098             0.05  0.000625026493  0.00060531954  57
    0.00399554045      0.343574753      0.111009926    0.00286253651         1.028658       2.60221793       1.07071692             0.05  0.000625026493  0.000607876461  56
     0.0789955344      0.343574726      0.111010245     0.0028623528       1.02865769       2.60221744       1.07071639             0.05  0.000625026493  0.000607397352  55
     0.0539955001      0.343574713      0.111010182    0.00286206795        1.0286578       2.60221807       1.07071677             0.05  0.000625026493  0.000607570048  54
     0.0289954992      0.343574736      0.111010038    0.00286219796       1.02865811        2.6022189       1.07071743             0.05  0.000625026493  0.000607762326  53
     0.0919592215      0.319230285      0.106917982    0.00318361939       1.02405452        2.6213949       1.07378052             0.05  0.000625026493  0.000610087883  52
     0.0669592098       0.31923029      0.106917958    0.00318322655       1.02405441       2.62139502       1.07378045             0.05  0.000625026493  0.000610199054  51
     0.0419591815      0.319230299      0.106917853    0.00318305522       1.02405473       2.62139487       1.07378072             0.05  0.000625026493  0.000610385668  50
     0.0169591921      0.319230299      0.106917724    0.00318334209       1.02405485       2.62139461       1.07378074             0.05  0.000625026493  0.000610553593  49
     0.0781807336      0.294770279      0.102235874    0.00344240784       1.01883665       2.64334994       1.07725672             0.05  0.000625026493  0.000613268374  48
     0.0531807307      0.294770335      0.102235816    0.00344207514       1.01883685       2.64334898       1.07725654             0.05  0.000625026493  0.000613429171  47
     0.0281807118      0.294770341      0.102235687    0.00344223227       1.01883716       2.64334698       1.07725606             0.05  0.000625026493  0.000613608777  46
    0.00318073358      0.294770291      0.102235616    0.00344262453       1.01883697       2.64334527       1.07725515             0.05  0.000625026493  0.00061371638  45
      0.062651309      0.270174309     0.0969521113    0.00362710526       1.01301381       2.66814797        1.0811483             0.05  0.000625026493  0.000616901036  44
       0.03765132      0.270174406     0.0969520208    0.00362701302        1.0130142       2.66814443       1.08114728             0.05  0.000625026493  0.000617074086  43
     0.0126513138      0.270174362     0.0969519035    0.00362741036       1.01301424       2.66813955       1.08114534             0.05  0.000625026493  0.000617210016  42
     0.0876513045      0.270174256      0.096952127    0.00362753443       1.01301384       2.66814185       1.08114585             0.05  0.000625026493  0.000616773909  41
     0.0453558484      0.245425473     0.0910384006    0.00374244414       1.00662843       2.69593494        1.0855219             0.05  0.000625026493  0.000620933289  40
     0.0203558819      0.245425543      0.091038276    0.00374269765       1.00662866       2.69592705       1.08551897             0.05  0.000625026493  0.000621079757  39
     0.0953558644      0.245425409     0.0910384977    0.00374312814       1.00662836       2.69592162       1.08551646             0.05  0.000625026493  0.000620689454  38
     0.0703558281      0.245425344     0.0910384297    0.00374276745       1.00662814       2.69593027        1.0855197             0.05  0.000625026493  0.000620775575  37
      0.026272627      0.220511702     0.0844636112    0.00379809213      0.999744752         2.726893       1.09047879             0.05  0.000625026493  0.000625303023  36
    0.00127267608      0.220511677     0.0844635836    0.00379851549      0.999744587       2.72687997        1.0904734             0.05  0.000625026493  0.000625390623  35
     0.0762726078      0.220511542      0.084463742     0.0037982916      0.999744319       2.72688467       1.09047498             0.05  0.000625026493  0.000625021661  34
       0.05127258       0.22051157     0.0844637249    0.00379791435      0.999744484       2.72689217       1.09047816             0.05  0.000625026493  0.000625155206  33
    0.00537510008      0.195419896     0.0772046493    0.00377595379      0.992368308       2.76110674       1.09601393             0.05  0.000625026493  0.000630014848  32
     0.0803751032      0.195419837     0.0772048476    0.00377593597      0.992368071       2.76110462       1.09601283             0.05  0.000625026493  0.000629658553  31
     0.0553750399      0.195419803     0.0772048084    0.00377548086       0.99236819       2.76110797       1.09601429             0.05  0.000625026493  0.000629769542  30
     0.0303750277      0.195419858     0.0772047194     0.0037755238      0.992368426       2.76111107       1.09601578             0.05  0.000625026493  0.0006299092  29
     0.0826366717      0.170134542     0.0692662207    0.00366013125        0.9844863       2.79858718        1.1020683             0.05  0.000625026493  0.000634710782  28
     0.0576366811      0.170134599     0.0692661916    0.00365965657      0.984486432       2.79858556        1.1020678             0.05  0.000625026493  0.00063480719  27
     0.0326366263       0.17013461     0.0692661154    0.00365960873       0.98448666       2.79858225       1.10206676             0.05  0.000625026493  0.000634934625  26
    0.00763662886      0.170134558     0.0692660431     0.0036600349      0.984486531       2.79857926       1.10206543             0.05  0.000625026493  0.000635036911  25
     0.0580346544      0.144637968      0.060655269     0.0034358085       0.97609118       2.83933394       1.10857953             0.05  0.000625026493  0.000640277206  24
     0.0330346829      0.144638093     0.0606552553    0.00343575502      0.976091426        2.8393228       1.10857546             0.05  0.000625026493  0.000640389635  23
    0.00803463027      0.144637984      0.060655186    0.00343616182      0.976091314        2.8393106       1.10857057             0.05  0.000625026493  0.000640479374  22
     0.0830346033      0.144637856     0.0606552995    0.00343625755      0.976091067       2.83932206       1.10857476             0.05  0.000625026493  0.000640191107  21
     0.0315472178      0.118913735      0.051363008    0.00310280942      0.967172152       2.88344536       1.11551522             0.05  0.000625026493  0.000646293964  20
    0.00654725363      0.118913737      0.051362982    0.00310317147        0.9671721       2.88342228       1.11550623             0.05  0.000625026493  0.000646366938  19
     0.0815471623      0.118913534      0.051363039    0.00310317756      0.967171902       2.88342708       1.11550786             0.05  0.000625026493  0.000646121764  18
      0.056547138      0.118913546     0.0513629758    0.00310279335       0.96717196       2.88344386       1.11551442             0.05  0.000625026493  0.000646198305  17
    0.00314789107     0.0929434236     0.0413485258    0.00264894959      0.957798477       2.93109181       1.12295811             0.05  0.000625026493  0.00065267269  16
     0.0781478974     0.0929433495     0.0413486144    0.00264880485      0.957798396       2.93109109       1.12295774             0.05  0.000625026493  0.000652479636  15
     0.0531477978     0.0929433025     0.0413485244    0.00264853226      0.957798433       2.93109758       1.12296027             0.05  0.000625026493  0.000652547734  14
      0.028147784     0.0929433634     0.0413485522    0.00264865237       0.95779851       2.93110288       1.12296239             0.05  0.000625026493  0.000652624473  13
     0.0727931855     0.0667086391      0.030571632    0.00205958736      0.948297464       2.98346654        1.1316855             0.05  0.000625026493  0.00065905712  12
     0.0477931957     0.0667087517     0.0305716186    0.00205940723      0.948297602       2.98345907       1.13168283             0.05  0.000625026493  0.000659113794  11
     0.0227930501     0.0667086709     0.0305715973    0.00205954757      0.948297571       2.98344976       1.13167927             0.05  0.000625026493  0.000659165846  10
     0.0977930716     0.0667085743     0.0305716206    0.00205978581      0.948297438       2.98344669       1.13167794             0.05  0.000625026493  0.000659027199  9
     0.0404240901     0.0402013203     0.0189841892    0.00133004819      0.939845278       3.04206482        1.1436281             0.05  0.000625026493  0.000665054432  8
     0.0154240163     0.0402012904     0.0189841661    0.00133020949      0.939845028       3.04203438       1.14361636             0.05  0.000625026493  0.000665081506  7
      0.090423872     0.0402009915     0.0189841189    0.00133023167      0.939844831       3.04202879       1.14361402             0.05  0.000625026493  0.000664987867  6
       0.06542393     0.0402010085     0.0189840967    0.00133006767      0.939845072       3.04206061       1.14362627             0.05  0.000625026493  0.000665017501  5
    0.00620107248     0.0134141373    0.00668985013   0.000452006061      0.934874458       3.09074261       1.15578253             0.05  0.000625026493  0.00066859471  4
     0.0812009438     0.0134138004    0.00668979227   0.000451912462       0.93487465       3.09073388        1.1557795             0.05  0.000625026493  0.00066855062  3
     0.0562007862     0.0134136504    0.00668970366   0.000451815124      0.934875247       3.09075676       1.15578879             0.05  0.000625026493  0.000668567582  2
     0.0312008859     0.0134139557    0.00668976016   0.000451886567      0.934875049       3.09077415       1.15579505             0.05  0.000625026493  0.000668585121  1
